/*--------------------------------*- C++ -*----------------------------------*\
| =========                 |                                                 |
| \\      /  F ield         | OpenFOAM: The Open Source CFD Toolbox           |
|  \\    /   O peration     | Version:  2112                                  |
|   \\  /    A nd           | Website:  www.openfoam.com                      |
|    \\/     M anipulation  |                                                 |
\*---------------------------------------------------------------------------*/
FoamFile
{
    version     2.0;
    format      ascii;
    arch        "LSB;label=32;scalar=64";
    class       surfaceScalarField;
    location    "0.4";
    object      phi;
}
// * * * * * * * * * * * * * * * * * * * * * * * * * * * * * * * * * * * * * //

dimensions      [0 3 -1 0 0 0 0];

oriented        oriented;

internalField   nonuniform List<scalar> 
3280
(
0.000302511789502
0.000917000409031
0.000201875176342
0.000100636609683
0.000190713128932
1.11620483018e-05
0.000183457487411
7.25564173496e-06
0.000184322988387
-8.65501210939e-07
0.000183689101751
6.33886581299e-07
0.000184149560819
-4.6045899186e-07
0.000184075045879
7.45149770399e-08
0.000184181527594
-1.06481742682e-07
0.000184160045379
2.14822050659e-08
0.000184179145741
-1.91003498126e-08
0.000184172195077
6.95066251643e-09
0.000184175523314
-3.32824113402e-09
0.000184173706634
1.81668299507e-09
0.000184174378139
-6.71502302135e-10
0.000184173974536
4.03599953099e-10
0.000184174130758
-1.56222754701e-10
0.000184174047228
8.35286449964e-11
0.00018417408451
-3.72814165887e-11
0.000184174067096
1.74119672242e-11
0.000184174075654
-8.55947774462e-12
0.000184174071867
3.78628694324e-12
0.000184174073755
-1.89004837117e-12
0.000184174072907
8.46193244082e-13
0.000184174073316
-4.12150395813e-13
0.000184174073125
1.90093525048e-13
0.000184174073214
-8.77998644074e-14
0.000184174073172
4.10971726952e-14
0.000184174073191
-1.99629617061e-14
0.000184174073181
1.11759756371e-14
0.000184174073186
-5.0859535071e-15
0.000184174073184
9.50956886497e-16
0.000184174073186
-3.7108157695e-15
0.000184174073184
-8.33471924488e-17
0.000184174073185
-8.16483021553e-16
0.000184174073185
-6.55191585563e-16
0.000184174073185
5.61128968172e-16
0.000184174073185
1.25232473505e-16
0.000184174073185
-1.94720193247e-15
0.000184174073185
6.42358014044e-16
3.43117547432e-16
0.000680514174929
0.00145599843291
0.00052840682129
0.000252743959084
0.000487299794346
5.22690768417e-05
0.000473691256722
2.0864179301e-05
0.000472821047088
4.70809182494e-09
0.000472163308954
1.29162482235e-06
0.000472745710954
-1.04286093391e-06
0.000472786177215
3.40487149182e-08
0.000472942927709
-2.63232240305e-07
0.000472942668338
2.17415713131e-08
0.000472967592502
-4.40245209213e-08
0.000472962058937
1.24842281982e-08
0.00047296528616
-6.55546016622e-09
0.0004729632862
3.81664630294e-09
0.000472963805733
-1.19104053901e-09
0.000472963343389
8.65941095627e-10
0.000472963473193
-2.8602799639e-10
0.00047296338407
1.72649363458e-10
0.00047296341959
-7.2802912459e-11
0.000472963402629
3.43740834574e-11
0.000472963411364
-1.72906369304e-11
0.000472963407817
7.33654330741e-12
0.000472963409756
-3.83321120063e-12
0.000472963408948
1.65095363024e-12
0.000472963409358
-8.24067296351e-13
0.000472963409171
3.74131634646e-13
0.000472963409258
-1.7658261947e-13
0.000472963409216
8.43345281797e-14
0.000472963409234
-3.95169123024e-14
0.000472963409224
2.37356252172e-14
0.000472963409229
-7.92056766236e-15
0.000472963409227
-2.43347277117e-15
0.000472963409229
-8.14383886582e-15
0.000472963409227
9.86348796172e-16
0.000472963409228
1.52301986523e-15
0.000472963409228
9.80607570796e-17
0.000472963409228
7.14009780494e-16
0.000472963409228
7.55413084126e-16
0.000472963409229
-4.22435575056e-17
0.000472963409229
7.26245437128e-16
1.04535436202e-15
0.000926701851217
0.00174880878041
0.000779201502208
0.000400244304348
0.000718735360323
0.000112735220437
0.000702147322742
3.74522166192e-05
0.000699004164898
3.14786565389e-06
0.000698516651317
1.779138568e-06
0.000698982593339
-1.50880294167e-06
0.000699162840873
-1.46198843294e-07
0.000699320652968
-4.21044320717e-07
0.000699351625419
-9.23088735834e-09
0.000699374187812
-6.65869246933e-08
0.00069937343564
1.3236406419e-08
0.00069937516065
-8.28046624648e-09
0.000699373828997
5.14829815519e-09
0.000699373902263
-1.26430244024e-09
0.000699373563832
1.2043687517e-09
0.000699373596176
-3.18377055632e-10
0.00069937353853
2.3029457955e-10
0.000699373555198
-8.94728832505e-11
0.000699373546422
4.31470269102e-11
0.000699373551441
-2.23135152871e-11
0.00069937354983
8.9445289391e-12
0.000699373550969
-4.97412270308e-12
0.000699373550586
2.03142732902e-12
0.000699373550813
-1.05584049394e-12
0.000699373550716
4.67723119789e-13
0.000699373550761
-2.23489330631e-13
0.000699373550738
1.08039286024e-13
0.000699373550747
-4.44612857365e-14
0.000699373550741
2.69555717496e-14
0.000699373550744
-9.52371606296e-15
0.000699373550743
-1.03817888805e-15
0.000699373550744
-1.21510808695e-14
0.000699373550743
-8.76529753228e-16
0.000699373550744
1.38978534444e-15
0.000699373550744
-3.01822313831e-15
0.000699373550744
1.93118234164e-15
0.000699373550744
4.28142402784e-15
0.000699373550746
7.09633843647e-16
0.000699373550746
2.0162313957e-15
-6.67764220644e-16
0.00109320494196
0.00187511603538
0.000965358021117
0.000528091222294
0.000899455657359
0.00017863758613
0.000881195490457
5.57123829007e-05
0.000876532789221
7.81056667461e-06
0.000876031714312
2.28021376617e-06
0.000876389013478
-1.86610216919e-06
0.000876642067384
-3.99252796726e-07
0.000876799263701
-5.78240579538e-07
0.000876849532619
-5.94998222168e-08
0.00087687128648
-8.83408174461e-08
0.000876873717487
1.08054077582e-08
0.00087687467352
-9.23648502988e-09
0.000876873784518
6.03729555839e-09
0.0008768736003
-1.08008918306e-09
0.000876873336655
1.46801684642e-09
0.000876873309532
-2.9125620889e-10
0.000876873269935
2.69894242758e-10
0.000876873274906
-9.44398895159e-11
0.000876873270881
4.71731543332e-11
0.000876873273625
-2.50581340844e-11
0.000876873273165
9.40396934018e-12
0.000876873273825
-5.63604095977e-12
0.000876873273698
2.1614541429e-12
0.000876873273817
-1.17909884427e-12
0.000876873273774
5.04765086885e-13
0.000876873273794
-2.45440226356e-13
0.000876873273783
1.19184949286e-13
0.000876873273786
-4.97870353442e-14
0.000876873273783
3.01804502563e-14
0.000876873273784
-1.39196945021e-14
0.000876873273784
1.65362285513e-15
0.000876873273784
-1.46859109181e-14
0.000876873273784
-1.91172686564e-15
0.000876873273785
-3.19185249622e-15
0.000876873273785
-4.37147227576e-15
0.000876873273785
1.49091532474e-15
0.000876873273785
1.13381605958e-15
0.000876873273787
3.82594574865e-15
0.000876873273787
3.65845531994e-15
6.00718751784e-16
0.00120381209909
0.00189081613223
0.00110245758301
0.000629445736054
0.00103977727344
0.000241317897888
0.00102132931628
7.41603392432e-05
0.00101582899693
1.33108857868e-05
0.00101525178244
2.85742863626e-06
0.0010155043209
-2.11864071107e-06
0.00101578472801
-6.79659993387e-07
0.0010159359875
-7.29499985106e-07
0.00101599673824
-1.20250565466e-07
0.001016017866
-1.09468614975e-07
0.00101602237341
6.29800375671e-09
0.00101602294846
-9.81151810258e-09
0.00101602238182
6.60393474967e-09
0.00101602205757
-7.55836178865e-10
0.00101602184638
1.67920692799e-09
0.0010160217838
-2.28683141698e-10
0.00101602175542
2.98266445799e-10
0.00101602175297
-9.19889092796e-11
0.00101602175177
4.8380409793e-11
0.00101602175304
-2.63371050286e-11
0.00101602175327
9.17229710552e-12
0.00101602175363
-5.99464307849e-12
0.00101602175366
2.12575490975e-12
0.00101602175371
-1.23365583186e-12
0.0010160217537
5.17673860854e-13
0.00101602175371
-2.50499288635e-13
0.0010160217537
1.22780367305e-13
0.0010160217537
-5.28740592186e-14
0.0010160217537
3.02469748607e-14
0.0010160217537
-1.36806623195e-14
0.0010160217537
2.80448995211e-15
0.0010160217537
-1.27766557728e-14
0.0010160217537
-2.4647113396e-15
0.0010160217537
-1.72473547478e-15
0.0010160217537
-5.74876937933e-15
0.0010160217537
-6.55247110708e-16
0.0010160217537
4.99176442884e-15
0.0010160217537
7.32687294687e-15
0.0010160217537
3.12749628561e-15
1.02993901942e-15
0.00127539471687
0.00183493361046
0.00120239580128
0.000702444649714
0.00114814203416
0.000295571667449
0.00113083079616
9.14715763514e-05
0.0011250886122
1.90530694166e-05
0.00112443712253
3.50891875271e-06
0.00112459194897
-2.27346720235e-06
0.00112486789047
-9.55601628803e-07
0.00112500718125
-8.68790682514e-07
0.00112507149743
-1.84566744008e-07
0.00112509157104
-1.29542272099e-07
0.0011250972916
5.77452590044e-10
0.00112509769223
-1.02121265666e-08
0.00112509737262
6.92354283057e-09
0.00112509698712
-3.70345581107e-10
0.00112509681807
1.84826516055e-09
0.00112509673677
-1.47390728182e-10
0.00112509671599
3.19048151415e-10
0.00112509670898
-8.49780176745e-11
0.00112509670941
4.7943959467e-11
0.00112509670972
-2.66452033575e-11
0.00112509671034
8.54835415481e-12
0.0011250967105
-6.15557313933e-12
0.00112509671062
2.00377951812e-12
0.00112509671064
-1.24720729795e-12
0.00112509671065
5.02974748903e-13
0.00112509671064
-2.49253722451e-13
0.00112509671064
1.20470984781e-13
0.00112509671064
-4.9085517771e-14
0.00112509671064
3.03618494759e-14
0.00112509671064
-1.40097819039e-14
0.00112509671064
3.30976215903e-15
0.00112509671064
-1.25856508812e-14
0.00112509671064
-6.86716925341e-16
0.00112509671064
-4.29050157242e-15
0.00112509671064
-9.60390792021e-15
0.00112509671064
-2.3107134296e-16
0.00112509671064
5.74111524987e-15
0.00112509671064
1.02158331587e-14
0.00112509671064
3.66647133952e-15
2.10562653943e-15
0.00132001063235
0.001734435173
0.00127434211061
0.000748113169787
0.00123134861154
0.000338565169155
0.00121624094332
0.000106579243716
0.00121075059189
2.45434203869e-05
0.00121006192977
4.19758134893e-06
0.00121012915584
-2.3406932773e-06
0.00121037877085
-1.20521679651e-06
0.00121050031341
-9.90333177767e-07
0.00121056274399
-2.46997287901e-07
0.00121058103725
-1.47835588066e-07
0.00121058727795
-5.66324909529e-09
0.00121058759722
-1.05313705603e-08
0.00121058747484
7.04591710008e-09
0.00121058708094
2.3546691155e-11
0.00121058695037
1.9788370709e-09
0.00121058686223
-5.92461874222e-11
0.00121058684732
3.33953494497e-10
0.00121058683771
-7.53715221833e-11
0.00121058683909
4.6560840692e-11
0.00121058683874
-2.62955235011e-11
0.00121058683957
7.71474996581e-12
0.00121058683959
-6.17695798007e-12
0.00121058683976
1.82578753858e-12
0.00121058683974
-1.23456048409e-12
0.00121058683977
4.75722363246e-13
0.00121058683976
-2.41306369117e-13
0.00121058683976
1.16471132379e-13
0.00121058683976
-5.04262668517e-14
0.00121058683976
2.82095141591e-14
0.00121058683976
-1.25114668967e-14
0.00121058683976
6.06572948716e-15
0.00121058683976
-9.67512365637e-15
0.00121058683976
8.90148596644e-17
0.00121058683976
-5.57586723276e-15
0.00121058683976
-2.56407035853e-15
0.00121058683976
5.30596187464e-16
0.00121058683976
4.25608563001e-15
0.00121058683976
1.03873699616e-14
0.00121058683976
4.34312699089e-15
2.76354431441e-15
0.00134618854364
0.0016077588232
0.00132536614883
0.000768935563128
0.00129484400466
0.000369087316042
0.0012827235531
0.000118699694557
0.00127787327762
2.93936952909e-05
0.00127720058329
4.8702761357e-06
0.00127719228342
-2.33239333726e-06
0.00127740114175
-1.41407531935e-06
0.00127749989161
-1.08908299745e-06
0.00127755619302
-3.03298643866e-07
0.00127757187225
-1.63514862009e-07
0.00127757807422
-1.1865225482e-08
0.00127757833469
-1.07918145069e-08
0.00127757837513
7.00548022046e-09
0.00127757800747
3.91198324653e-10
0.00127757791538
2.07092677595e-09
0.00127757782881
2.73308576076e-11
0.0012775778192
3.43555616473e-10
0.00127757780835
-6.45150543377e-11
0.00127757781029
4.46196469315e-11
0.00127757780947
-2.54824390769e-11
0.00127757781038
6.80293848033e-12
0.0012775778103
-6.09711164528e-12
0.0012775778105
1.62482490493e-12
0.00127757781046
-1.19794959234e-12
0.0012775778105
4.45389587268e-13
0.00127757781048
-2.31302904082e-13
0.00127757781049
1.10582742412e-13
0.00127757781048
-4.85435386668e-14
0.00127757781048
2.65118480709e-14
0.00127757781048
-1.32344633068e-14
0.00127757781048
5.49495429923e-15
0.00127757781048
-8.72367414114e-15
0.00127757781048
2.32641538697e-15
0.00127757781048
-4.94596091176e-15
0.00127757781048
-2.37978829812e-15
0.00127757781048
4.47512551447e-15
0.00127757781049
3.20130160623e-15
0.00127757781049
7.06368091951e-15
0.00127757781049
5.44385049512e-15
2.79330476158e-15
0.00135993284903
0.00146733816761
0.00136088140622
0.000767987004622
0.00134297469256
0.000386994032389
0.00133435306172
0.000127321324874
0.00133043039741
3.33163589157e-05
0.00132982973229
5.47094165928e-06
0.00132975891039
-2.26157129926e-06
0.00132991806512
-1.57323023672e-06
0.00132998999869
-1.16101656178e-06
0.00133003693894
-3.50238833762e-07
0.00133004919795
-1.75773907035e-07
0.00133005491184
-1.7579134442e-08
0.00133005509629
-1.0976241678e-08
0.00133005527373
6.8280475913e-09
0.00133005495444
7.10481949192e-10
0.00133005490237
2.12299140846e-09
0.00133005482333
1.06376614871e-10
0.00133005481907
3.47816973663e-10
0.00133005480791
-5.33635572984e-11
0.00133005481021
4.23229128037e-11
0.00133005480904
-2.43193962287e-11
0.00133005480996
5.8768925575e-12
0.0013300548098
-5.9354357828e-12
0.00133005481
1.42129100357e-12
0.00133005480995
-1.15043836363e-12
0.00133005480999
4.07087637845e-13
0.00133005480998
-2.20228930226e-13
0.00133005480998
1.03585394051e-13
0.00133005480998
-4.75085566639e-14
0.00133005480998
2.36878324514e-14
0.00133005480998
-1.31131886061e-14
0.00133005480998
6.18971241094e-15
0.00133005480998
-4.46766760111e-15
0.00133005480998
-3.42154575668e-16
0.00133005480998
-2.42452001799e-15
0.00133005480998
-2.11338916101e-15
0.00133005480998
3.04849733569e-15
0.00133005480998
4.90879017963e-15
0.00133005480998
6.9087969244e-15
0.00133005480998
7.92475209284e-15
5.69329879043e-16
0.0013654658924
0.00132138446843
0.0013850076978
0.000748445198052
0.00137919228649
0.000392809446219
0.00137434205933
0.000132171551748
0.00137154271579
3.61157017234e-05
0.00137106490598
5.94875177987e-06
0.00137094454679
-2.14121189957e-06
0.00137104911205
-1.67779567172e-06
0.00137109135073
-1.20325527433e-06
0.00137112656963
-3.8545766741e-07
0.00137113471556
-1.83919853936e-07
0.00137113958711
-2.2450714718e-08
0.00137113965971
-1.10488201134e-08
0.00137113995306
6.53470577839e-09
0.00137113969559
9.67947507806e-10
0.0013711396853
2.13327633069e-09
0.00137113961797
1.73713127239e-10
0.00137113961933
3.46451623423e-10
0.00137113960854
-4.25780355486e-11
0.0013711396111
3.97649175686e-11
0.00137113960967
-2.28870537981e-11
0.00137113961055
4.98736614109e-12
0.00137113961031
-5.70027867479e-12
0.00137113961052
1.21408627106e-12
0.00137113961046
-1.09322042506e-12
0.00137113961049
3.67870345991e-13
0.00137113961048
-2.00569177965e-13
0.00137113961048
9.66369612901e-14
0.00137113961048
-4.49650666288e-14
0.00137113961048
1.76791008195e-14
0.00137113961048
-8.74903941778e-15
0.00137113961048
8.37508758509e-15
0.00137113961048
-3.85710720477e-15
0.00137113961048
-1.68174639663e-15
0.00137113961048
-3.74522749304e-16
0.00137113961048
3.01545280313e-17
0.00137113961048
3.54965380771e-15
0.00137113961048
4.37593069306e-15
0.00137113961048
1.75048837725e-15
0.00137113961048
7.36106077149e-15
8.04397023317e-16
0.00136574923817
0.00117514742391
0.00140086606969
0.000713328365517
0.00140622472782
0.000387450790325
0.00140522086282
0.000133175416707
0.00140365964497
3.76769188224e-05
0.00140334575649
6.26264047077e-06
0.00140318804039
-1.98349554563e-06
0.00140323617911
-1.72593453935e-06
0.00140324700496
-1.21408120194e-06
0.00140326891467
-4.0736731355e-07
0.00140327241767
-1.87422856232e-07
0.00140327617997
-2.62130478388e-08
0.00140327609987
-1.0968709594e-08
0.00140327649091
6.14368493516e-09
0.00140327630254
1.15631815199e-09
0.00140327633528
2.10052544373e-09
0.00140327628245
2.26549466526e-10
0.00140327628976
3.39136162186e-10
0.00140327627981
-3.26367730313e-11
0.0014032762826
3.69823455695e-11
0.00140327628095
-2.12398947958e-11
0.00140327628177
4.16764748843e-12
0.00140327628146
-5.39233498225e-12
0.00140327628166
1.02406423019e-12
0.00140327628159
-1.0185264753e-12
0.00140327628163
3.30160891315e-13
0.00140327628161
-1.86869103365e-13
0.00140327628162
8.89805103844e-14
0.00140327628161
-3.75907859453e-14
0.00140327628161
1.60326025243e-14
0.00140327628161
-8.64452676143e-15
0.00140327628161
8.13083258965e-15
0.00140327628161
-3.58104576151e-15
0.00140327628161
-1.68717739271e-15
0.00140327628161
8.18239209366e-17
0.00140327628161
-1.49450789635e-15
0.00140327628161
8.36424542567e-16
0.00140327628161
3.87531628152e-15
0.00140327628161
3.33559809208e-15
0.00140327628162
8.27624675145e-15
1.920540444e-15
0.00136284997696
0.00103180964017
0.00141081105292
0.000665367288707
0.00142621841791
0.000372043427181
0.00142897935315
0.000130414481671
0.00142870176455
3.79545067114e-05
0.00142858099653
6.38340857088e-06
0.00142839674382
-1.79924254417e-06
0.00142838894037
-1.71813119854e-06
0.00142836775288
-1.19289381558e-06
0.00142837546099
-4.15075371349e-07
0.00142837398022
-1.85942074199e-07
0.00142837644888
-2.8681730986e-08
0.00142837617887
-1.06986925671e-08
0.0014283766514
5.67117271953e-09
0.00142837653486
1.27285097884e-09
0.00142837661101
2.02438125107e-09
0.00142837657434
2.63213968163e-10
0.00142837658784
3.2563391546e-10
0.00142837657906
-2.38602637244e-11
0.00142837658207
3.39718795148e-11
0.00142837658024
-1.94144190291e-11
0.00142837658099
3.42563034224e-12
0.00142837658062
-5.02573259048e-12
0.00142837658079
8.46153150644e-13
0.00142837658071
-9.42851772835e-13
0.00142837658075
2.88983265559e-13
0.00142837658074
-1.67762780094e-13
0.00142837658074
8.04985308653e-14
0.00142837658074
-2.96233923628e-14
0.00142837658074
1.66028231312e-14
0.00142837658074
-6.35395529168e-15
0.00142837658074
1.06791049679e-14
0.00142837658074
1.35994753767e-15
0.00142837658074
-9.72337984197e-16
0.00142837658074
6.02296722133e-16
0.00142837658074
-3.83202478248e-16
0.00142837658074
1.13819199047e-15
0.00142837658074
2.45571088874e-15
0.00142837658074
5.08998647762e-15
0.00142837658074
6.47888276225e-15
6.41243055913e-15
0.00135820131898
0.000893120514645
0.00141661101976
0.00060695758727
0.00144085465064
0.000347799797658
0.00144717903415
0.000124090098582
0.00144817261228
3.69609279586e-05
0.00144826174503
6.29427579159e-06
0.00144806008855
-1.59758577132e-06
0.00144799861795
-1.65666065876e-06
0.00144794586035
-1.14013633504e-06
0.0014479391043
-4.08319278664e-07
0.00144793249818
-1.79335930535e-07
0.0014479335673
-2.97508794936e-08
0.00144793307905
-1.02104406854e-08
0.00144793361862
5.13162627849e-09
0.00144793357324
1.31822808262e-09
0.00144793369207
1.9055402999e-09
0.00144793367232
2.82974115432e-10
0.00144793369209
3.05864952402e-10
0.00144793368466
-1.64380880396e-11
0.0014479336879
3.07327873042e-11
0.00144793368593
-1.74398680054e-11
0.00144793368658
2.7719892007e-12
0.00144793368615
-4.59596484269e-12
0.00144793368631
6.87331695153e-13
0.00144793368623
-8.54558727017e-13
0.00144793368626
2.5095671502e-13
0.00144793368625
-1.47336213787e-13
0.00144793368625
6.56661663436e-14
0.00144793368625
-2.28747594677e-14
0.00144793368625
1.62972322922e-14
0.00144793368625
-4.37061094549e-15
0.00144793368625
9.99861432407e-15
0.00144793368625
1.84064629991e-15
0.00144793368625
-3.0266855921e-16
0.00144793368625
-9.13837495834e-16
0.00144793368625
-2.22650487235e-15
0.00144793368625
1.93385771262e-15
0.00144793368625
4.2564625829e-15
0.00144793368625
3.83348896405e-15
0.00144793368625
6.175201611e-15
4.47560593162e-15
0.00135278878589
0.000759843922524
0.00141958755246
0.000540158820234
0.00145144386633
0.000315943484611
0.00146104143083
0.000114492534691
0.00146324622558
3.4756132703e-05
0.001463550044
5.99045722951e-06
0.00146333829298
-1.38583446889e-06
0.00146322682779
-1.54519547708e-06
0.00146314389718
-1.05720585882e-06
0.00146312298365
-3.87405726161e-07
0.00146311130911
-1.67661353694e-07
0.00146311094697
-2.9388761913e-08
0.00146311022401
-9.48748843336e-09
0.00146311081777
4.53788196189e-09
0.00146311084023
1.2957695162e-09
0.00146311099994
1.7458289356e-09
0.001463110997
2.85912027631e-10
0.00146311102293
2.79931078152e-10
0.00146311101695
-1.04622619206e-11
0.00146311102042
2.72610590881e-11
0.00146311101833
-1.53403267543e-11
0.0014631110189
2.20085042435e-12
0.00146311101842
-4.11252093823e-12
0.00146311101855
5.47175924741e-13
0.00146311101846
-7.60416043824e-13
0.0014631110185
2.13414659994e-13
0.00146311101848
-1.29841278878e-13
0.00146311101849
6.27526958464e-14
0.00146311101848
-2.05824727664e-14
0.00146311101848
1.76293541657e-14
0.00146311101848
-5.39528065814e-15
0.00146311101848
8.8338611386e-15
0.00146311101848
5.34547719663e-15
0.00146311101848
-2.43770443284e-15
0.00146311101848
5.75644571678e-16
0.00146311101848
-3.5642610256e-15
0.00146311101848
4.68944146171e-15
0.00146311101848
4.35383875392e-15
0.00146311101848
5.24821698738e-15
0.00146311101849
6.24865141631e-15
5.19094664233e-15
0.00134728316659
0.000632072950604
0.00142072261609
0.000466719370464
0.00145900125511
0.000277664845862
0.00147151765043
0.000101976140124
0.00147483554687
3.14382359109e-05
0.00147534784768
5.47815618951e-06
0.00147513149814
-1.16948467743e-06
0.00147497481178
-1.38850907629e-06
0.00147486396004
-9.46354249984e-07
0.00147482970565
-3.53151333464e-07
0.00147481320927
-1.51164924573e-07
0.00147481145313
-2.7632636475e-08
0.00147481049216
-8.52653110049e-09
0.00147481112886
3.90119186895e-09
0.00147481121376
1.21087674644e-09
0.00147481141141
1.54816516726e-09
0.00147481142451
2.72812896257e-10
0.00147481145629
2.48151329593e-10
0.00147481145175
-5.92537723013e-12
0.00147481145545
2.35556325779e-11
0.00147481145326
-1.31456794972e-11
0.00147481145375
1.71372006035e-12
0.00147481145321
-3.57602053672e-12
0.00147481145333
4.2679189035e-13
0.00147481145323
-6.58999047338e-13
0.00147481145327
1.74801320522e-13
0.00147481145325
-1.11142250721e-13
0.00147481145326
4.60559343639e-14
0.00147481145325
-1.7436441638e-14
0.00147481145326
1.47003425481e-14
0.00147481145325
-4.27397967835e-15
0.00147481145325
8.20514306545e-15
0.00147481145325
6.6231899947e-15
0.00147481145325
5.57826732238e-16
0.00147481145326
2.7344422548e-15
0.00147481145326
-1.2781398375e-15
0.00147481145326
4.83989381131e-15
0.00147481145326
4.55041981055e-15
0.00147481145326
2.79066062474e-15
0.00147481145326
6.04578580884e-15
5.84681964963e-15
0.00134213529696
0.000509449848247
0.00142074040054
0.000388114266808
0.00146430681081
0.000234098435335
0.00147934286058
8.69400911882e-05
0.00148364565134
2.71354449615e-05
0.00148435057193
4.77323530357e-06
0.00148413342298
-9.52335524175e-07
0.0014839371598
-1.19224582109e-06
0.00148380138887
-8.10583453602e-07
0.0014837550599
-3.06822376562e-07
0.00148373416296
-1.30267936505e-07
0.00148373111285
-2.45825237887e-08
0.00148372992382
-7.33752084783e-09
0.00148373059375
3.2312775238e-09
0.00148373073403
1.07061033637e-09
0.00148373096568
1.31650872699e-09
0.00148373099341
2.45082415742e-10
0.00148373103053
2.11040155108e-10
0.00148373102735
-2.74813622264e-12
0.00148373103128
1.96258190153e-11
0.001483731029
-1.08637478082e-11
0.00148373102942
1.29409760233e-12
0.00148373102883
-2.99496099587e-12
0.00148373102894
3.21748149531e-13
0.00148373102883
-5.50443647215e-13
0.00148373102887
1.38574459763e-13
0.00148373102885
-9.36785470773e-14
0.00148373102885
3.74717119691e-14
0.00148373102885
-1.5919807654e-14
0.00148373102885
1.30743338558e-14
0.00148373102885
-2.56400261158e-15
0.00148373102885
7.79709499548e-15
0.00148373102885
8.06050980504e-15
0.00148373102885
2.9916437835e-15
0.00148373102885
1.02901043784e-15
0.00148373102885
6.36678408092e-16
0.00148373102885
2.7960742617e-15
0.00148373102885
9.04841836167e-15
0.00148373102885
7.63209670443e-15
0.00148373102885
4.30038840401e-15
3.85699647797e-15
0.00133764346205
0.000391318581244
0.00142016929876
0.000305588430213
0.00146795250254
0.0001863152308
0.0014850786545
6.98139400956e-05
0.0014902149011
2.19991983533e-05
0.00149108840162
3.8997344292e-06
0.00149087274431
-7.36678063412e-07
0.00149064323512
-9.62736521703e-07
0.00149048618834
-6.53536780033e-07
0.00149042943824
-2.50072315423e-07
0.00149040471705
-1.05546701968e-07
0.00149040052836
-2.03938303546e-08
0.00149039913371
-5.94288734672e-09
0.00149039982859
2.53641270099e-09
0.00149040001587
8.83335978224e-10
0.00149040027666
1.05570783085e-09
0.0014904003171
2.04643540033e-10
0.00149040035886
1.69279430885e-10
0.00149040035689
-7.7778810328e-13
0.00149040036101
1.54901020422e-11
0.00149040035867
-8.51698313267e-12
0.00149040035903
9.40499981899e-13
0.00149040035841
-2.37391636553e-12
0.0014904003585
2.34320253849e-13
0.00149040035838
-4.36813160627e-13
0.00149040035841
1.02102131566e-13
0.0014904003584
-7.72186065898e-14
0.0014904003584
2.87841773863e-14
0.0014904003584
-1.23640682417e-14
0.0014904003584
1.01028127198e-14
0.0014904003584
-2.6615792707e-15
0.0014904003584
4.28551812844e-15
0.0014904003584
9.42044316846e-15
0.0014904003584
4.41592321583e-15
0.0014904003584
-2.42238769091e-15
0.0014904003584
1.81514658572e-15
0.0014904003584
7.87947699258e-15
0.0014904003584
8.37477941596e-15
0.0014904003584
1.09159608745e-14
0.0014904003584
3.51362930969e-15
4.80086739503e-15
0.00133400103648
0.000276829740234
0.0014193882735
0.000220201193471
0.00147037874486
0.000135324758245
0.00148914558155
5.10471042572e-05
0.0014949463869
1.61983931539e-05
0.00149595778387
2.88833708817e-06
0.00149574463692
-5.23531025979e-07
0.00149548874502
-7.06844491609e-07
0.00149531459526
-4.79387110954e-07
0.00149524939941
-1.84876516889e-07
0.00149522156191
-7.770915734e-08
0.00149521643701
-1.52689143562e-08
0.00149521487015
-4.37604777599e-09
0.00149521558298
1.8235945535e-09
0.00149521580786
6.58462243034e-10
0.00149521609216
7.71401525389e-10
0.00149521614293
1.53863397285e-10
0.00149521618848
1.23737225889e-10
0.00149521618751
1.95162689808e-13
0.00149521619181
1.11897189997e-11
0.00149521618941
-6.12071800462e-12
0.00149521618972
6.31778237811e-13
0.00149521618906
-1.72375469916e-12
0.00149521618914
1.5395681623e-13
0.00149521618902
-3.20175200929e-13
0.00149521618906
6.64490025256e-14
0.00149521618904
-5.9459247307e-14
0.00149521618905
1.56291754432e-14
0.00149521618904
-1.06427536359e-14
0.00149521618904
8.33673045585e-15
0.00149521618904
-1.27658050161e-15
0.00149521618904
2.85837959503e-15
0.00149521618904
8.67964610123e-15
0.00149521618904
2.35375598195e-15
0.00149521618904
-1.23731608112e-15
0.00149521618904
5.22924948686e-16
0.00149521618904
6.0201105679e-15
0.00149521618904
1.02199194844e-14
0.00149521618904
9.8337382691e-15
0.00149521618904
3.54971187022e-15
2.51177178961e-15
0.00133132975742
0.000165012179147
0.00141866091002
0.00013287004131
0.00147190197151
8.20836952172e-05
0.00149184763631
3.11014402407e-05
0.00149813149903
9.91453073602e-06
0.00149924499471
1.77484105615e-06
0.00149903436898
-3.12905282213e-07
0.00149875935622
-4.31831592058e-07
0.00149857269139
-2.92722338127e-07
0.00149850127905
-1.13464244476e-07
0.00149847113848
-4.75685494376e-08
0.0014984653173
-9.44771594131e-09
0.00149846362069
-2.67945814725e-09
0.00149846434553
1.09875640511e-09
0.00149846459782
4.06191525106e-10
0.00149846489936
4.69858749206e-10
0.00149846495777
9.54447791833e-11
0.00149846500612
7.53928572879e-11
0.0014984650059
4.18538822079e-13
0.00149846501032
6.76098318227e-12
0.00149846500789
-3.69009568629e-12
0.00149846500816
3.65095646701e-13
0.00149846500749
-1.04782285315e-12
0.00149846500756
9.06833740362e-14
0.00149846500743
-1.98247361269e-13
0.00149846500747
3.36019974365e-14
0.00149846500745
-3.82285009664e-14
0.00149846500745
8.88792376332e-15
0.00149846500745
-8.76040428295e-15
0.00149846500745
2.44484811413e-15
0.00149846500745
1.38928535442e-15
0.00149846500745
2.72003679213e-15
0.00149846500745
6.49671404453e-15
0.00149846500745
5.21125795874e-15
0.00149846500745
-1.67772728645e-16
0.00149846500745
2.73008656818e-15
0.00149846500745
8.70565551745e-15
0.00149846500745
1.10618858302e-14
0.00149846500745
1.13434605554e-14
0.00149846500745
3.45107179678e-15
-1.35713533685e-15
0.0013297023658
5.48220094617e-05
0.00141815957972
4.44128279559e-05
0.00147273469673
2.75085764318e-05
0.00149339002789
1.04461097644e-05
0.00149996697421
3.33758483327e-06
0.00150114315711
5.98657832416e-07
0.00150093433633
-1.04084551527e-07
0.00150064774189
-1.45237009629e-07
0.00150045344814
-9.84286164654e-08
0.00150037823194
-3.82481017321e-08
0.00150034667834
-1.60149290856e-08
0.00150034042825
-3.19760140772e-09
0.00150033865105
-9.02261051643e-10
0.00150033938277
3.67030890578e-10
0.00150033965171
1.37257104245e-10
0.00150033996378
1.57783893104e-10
0.00150034002688
3.23415720431e-11
0.00150034007695
2.53222561577e-11
0.00150034007718
1.79461683262e-13
0.00150034008169
2.25595621034e-12
0.00150034007924
-1.23984200048e-12
0.00150034007948
1.14721155218e-13
0.0015003400788
-3.59152462741e-13
0.00150034007886
2.19205539554e-14
0.00150034007873
-7.36995066777e-14
0.00150034007877
-7.60618849833e-16
0.00150034007875
-1.88625096673e-14
0.00150034007876
-1.09523983967e-15
0.00150034007875
-6.59052864323e-15
0.00150034007875
5.93680731862e-16
0.00150034007875
-2.59625915424e-16
0.00150034007875
8.5145472095e-16
0.00150034007875
3.72974463215e-15
0.00150034007875
6.2931294713e-15
0.00150034007875
-8.9394688581e-16
0.00150034007875
3.69414545907e-15
0.00150034007875
1.05266197635e-14
0.00150034007875
9.03162140116e-15
0.00150034007875
7.12111234631e-15
0.00150034007875
1.85543907806e-15
1.635882564e-15
0.00132915622579
-5.48220200149e-05
0.00141798188161
-4.44128271998e-05
0.00147299902531
-2.75085691716e-05
0.00149389124689
-1.04461112683e-05
0.00150056642042
-3.3375881889e-06
0.00150176373458
-5.98656611014e-07
0.00150155556415
1.04085779303e-07
0.00150126509106
1.45236220891e-07
0.00150106823429
9.84281454356e-08
0.00150099173774
3.82483786062e-08
0.0015009597079
1.60149230825e-08
0.00150095331296
3.19736765036e-09
0.00150095150843
9.02260559706e-10
0.00150095224239
-3.6693428367e-10
0.00150095251692
-1.37267304954e-10
0.00150095283253
-1.5782472557e-10
0.0015009528972
-3.23402111337e-11
0.00150095294785
-2.53256616827e-11
0.00150095294824
-2.1199082237e-13
0.00150095295278
-2.28081912661e-12
0.00150095295032
1.21972948991e-12
0.00150095295056
-1.24132459191e-13
0.00150095294986
3.35523696089e-13
0.00150095294993
-3.86971489164e-14
0.0015009529498
4.96190200829e-14
0.00150095294983
-3.30199477583e-14
0.00150095294981
1.46063755713e-15
0.00150095294982
-1.2121338794e-14
0.00150095294982
-5.29509975559e-15
0.00150095294982
-1.04689438452e-15
0.00150095294982
2.98270897631e-15
0.00150095294982
1.96133011684e-15
0.00150095294982
4.40063169087e-15
0.00150095294982
4.6658331505e-15
0.00150095294982
6.9479575952e-16
0.00150095294982
5.32083652579e-15
0.00150095294982
1.11108115704e-14
0.00150095294982
9.03155914541e-15
0.00150095294982
5.86575396243e-15
0.00150095294982
3.66756054116e-15
-5.62338085667e-17
0.00132970236599
-0.0001650121896
0.00141815957959
-0.000132870040062
0.00147273469694
-8.20836884442e-05
0.00149339002789
-3.11014418181e-05
0.00149996697411
-9.91453384991e-06
0.00150114315713
-1.77483985532e-06
0.00150093433637
3.12906404616e-07
0.00150064774187
4.31830835064e-07
0.00150045344813
2.92721913148e-07
0.00150037823195
1.1346449509e-07
0.00150034667835
4.75685267339e-08
0.00150034042825
9.4474957821e-09
0.00150033865105
2.67945624166e-09
0.00150033938277
-1.09866753414e-09
0.00150033965171
-4.06201341253e-10
0.00150033996378
-4.69892995944e-10
0.00150034002688
-9.54436178307e-11
0.00150034007695
-7.53931817646e-11
0.00150034007718
-4.47208563591e-13
0.00150034008169
-6.78747432383e-12
0.00150034007924
3.67132865055e-12
0.00150034007948
-3.72451310424e-13
0.00150034007879
1.02201116993e-12
0.00150034007886
-1.04406171817e-13
0.00150034007873
1.73722284354e-13
0.00150034007877
-6.51626738881e-14
0.00150034007875
2.23024839713e-14
0.00150034007876
-2.39053459602e-14
0.00150034007875
-1.67920753522e-15
0.00150034007875
-6.1185596566e-15
0.00150034007875
1.44086831135e-15
0.00150034007875
-1.37232761042e-15
0.00150034007875
4.20964506146e-15
0.00150034007875
5.75980125456e-15
0.00150034007875
2.24174369768e-15
0.00150034007875
3.46353291415e-15
0.00150034007875
9.89699781899e-15
0.00150034007875
7.5473857224e-15
0.00150034007875
1.36999823626e-15
0.00150034007875
3.73010973548e-15
-8.84445753672e-16
0.00133132975778
-0.000276829750476
0.00141866090978
-0.000220201191284
0.00147190197191
-0.000135324752415
0.0014918476363
-5.10471059798e-05
0.00149813149883
-1.61983957911e-05
0.00149924499476
-2.88833593232e-06
0.00149903436906
5.2353193649e-07
0.00149875935617
7.06843803328e-07
0.00149857269136
4.7938676847e-07
0.00149850127907
1.84876722486e-07
0.00149847113849
7.77091114291e-08
0.00149846531729
1.52687228719e-08
0.0014984636207
4.37605256507e-09
0.00149846434554
-1.82352561343e-09
0.00149846459782
-6.58473953808e-10
0.00149846489935
-7.7142871825e-10
0.00149846495777
-1.53864847369e-10
0.00149846500612
-1.23744684002e-10
0.0014984650059
-2.21767311048e-13
0.00149846501032
-1.12174138884e-11
0.00149846500789
6.09854404783e-12
0.00149846500816
-6.44589563976e-13
0.00149846500749
1.69848897922e-12
0.00149846500756
-1.75352549753e-13
0.00149846500743
2.95809165594e-13
0.00149846500747
-9.68739866955e-14
0.00149846500745
3.92754101521e-14
0.00149846500745
-3.29902855435e-14
0.00149846500745
1.29014215546e-15
0.00149846500745
-1.15072635864e-14
0.00149846500745
2.39355279209e-16
0.00149846500745
-1.59420107184e-15
0.00149846500745
9.68989845246e-16
0.00149846500745
2.47903467904e-15
0.00149846500745
1.86723240663e-15
0.00149846500745
6.64477115375e-15
0.00149846500745
8.61719875188e-15
0.00149846500745
7.09240683476e-15
0.00149846500745
4.54997701853e-15
0.00149846500745
2.60064084088e-15
1.34455347774e-15
0.00133400103696
-0.000391318591129
0.00141938827319
-0.000305588426736
0.00147037874543
-0.000186315226322
0.00148914558153
-6.98139420002e-05
0.00149494638662
-2.19992003179e-05
0.00149595778396
-3.89973334419e-06
0.00149574463702
7.36678683929e-07
0.00149548874495
9.62735934185e-07
0.00149531459522
6.53536557994e-07
0.00149524939945
2.5007245457e-07
0.00149522156192
1.05546619326e-07
0.001495216437
2.03936784315e-08
0.00149521487016
5.94289929239e-09
0.00149521558299
-2.53636686066e-09
0.00149521580786
-8.83342271064e-10
0.00149521609215
-1.0557213453e-09
0.00149521614293
-2.04649224102e-10
0.00149521618848
-1.69294177832e-10
0.00149521618751
7.4588844195e-13
0.00149521619181
-1.55140719055e-11
0.00149521618941
8.49519907489e-12
0.00149521618972
-9.51433688843e-13
0.00149521618906
2.34891082379e-12
0.00149521618914
-2.54253450982e-13
0.00149521618902
4.18494206759e-13
0.00149521618906
-1.29048972154e-13
0.00149521618904
5.81663777156e-14
0.00149521618905
-4.01132179664e-14
0.00149521618904
3.41411738583e-15
0.00149521618904
-1.27916755571e-14
0.00149521618904
1.58069439902e-15
0.00149521618904
1.5042664048e-15
0.00149521618904
3.42312941995e-15
0.00149521618904
1.91321661867e-15
0.00149521618904
3.59270725624e-15
0.00149521618904
7.66307218614e-15
0.00149521618904
2.32533589352e-15
0.00149521618904
7.05130127941e-15
0.00149521618904
3.44431430607e-15
0.00149521618904
4.3444684867e-15
1.76195319304e-15
0.0013376434626
-0.000509449857604
0.00142016929846
-0.000388114261835
0.00146795250325
-0.000234098432534
0.00148507865445
-8.69400932807e-05
0.00149021490076
-2.71354461007e-05
0.00149108840174
-4.7732343259e-06
0.00149087274443
9.52335791632e-07
0.00149064323503
1.19224536302e-06
0.00149048618829
8.10583367488e-07
0.00149042943828
3.06822429709e-07
0.00149040471707
1.30267813106e-07
0.00149040052835
2.458242628e-08
0.00149039913371
7.33754239573e-09
0.0014903998286
-3.2312615626e-09
0.00149040001587
-1.07061473646e-09
0.00149040027666
-1.31650996012e-09
0.0014904003171
-2.45088404163e-10
0.00149040035886
-2.11058375614e-10
0.00149040035688
2.72067818318e-12
0.00149040036101
-1.96447854523e-11
0.00149040035867
1.083932382e-11
0.00149040035903
-1.3127150142e-12
0.0014904003584
2.96635445304e-12
0.0014904003585
-3.44957702402e-13
0.00149040035838
5.32794084984e-13
0.00149040035842
-1.55560174736e-13
0.0014904003584
7.91385844843e-14
0.00149040035841
-4.85252667245e-14
0.0014904003584
7.70697117367e-15
0.0014904003584
-1.67531379006e-14
0.0014904003584
1.35165873781e-15
0.0014904003584
6.28110948847e-16
0.0014904003584
1.82003448969e-15
0.0014904003584
7.87999141742e-16
0.0014904003584
2.5427131917e-15
0.0014904003584
1.16852992658e-14
0.0014904003584
2.8220920172e-15
0.0014904003584
2.38207586473e-15
0.0014904003584
4.60967233471e-15
0.0014904003584
1.76979116769e-15
-1.14727281008e-15
0.0013421352975
-0.000632072959216
0.0014207404003
-0.000466719363935
0.00146430681161
-0.000277664844971
0.00147934286049
-0.000101976142355
0.00148364565097
-3.14382361211e-05
0.00148435057207
-5.47815536126e-06
0.00148413342311
1.16948455879e-06
0.0014839371597
1.38850877739e-06
0.00148380138883
9.46354309734e-07
0.00148375505995
3.53151284437e-07
0.00148373416298
1.5116476496e-07
0.00148373111283
2.76325965124e-08
0.00148372992383
8.52655747721e-09
0.00148373059376
-3.90119824857e-09
0.00148373073402
-1.21088290687e-09
0.00148373096568
-1.54815897164e-09
0.00148373099341
-2.7282248692e-10
0.00148373103053
-2.48181043665e-10
0.00148373102735
5.90240971641e-12
0.00148373103128
-2.35766997417e-11
0.001483731029
1.3120309633e-11
0.00148373102942
-1.73223540558e-12
0.00148373102883
3.549894331e-12
0.00148373102894
-4.50191686135e-13
0.00148373102883
6.45890590313e-13
0.00148373102887
-1.86574302814e-13
0.00148373102885
9.89071563799e-14
0.00148373102886
-5.62794552495e-14
0.00148373102885
9.4764672154e-15
0.00148373102885
-1.70739452184e-14
0.00148373102885
-2.2967558365e-15
0.00148373102885
2.02831176309e-15
0.00148373102885
1.50848174855e-15
0.00148373102885
3.93602170386e-16
0.00148373102885
3.058293065e-15
0.00148373102885
1.0011007652e-14
0.00148373102885
-7.93408093179e-16
0.00148373102885
3.03914931403e-15
0.00148373102885
4.17081852744e-15
0.00148373102885
1.87256192037e-15
4.20067402078e-15
0.00134728316704
-0.000759843930143
0.00142072261599
-0.000540158812263
0.00145900125596
-0.000315943485748
0.00147151765029
-0.000114492536983
0.00147483554649
-3.47561319496e-05
0.00147534784785
-5.99045660559e-06
0.00147513149827
1.3858339711e-06
0.00147497481167
1.54519535317e-06
0.00147486396
1.05720605064e-06
0.0014748297057
3.87405580459e-07
0.00147481320928
1.67661169172e-07
0.00147481145311
2.93887781688e-08
0.00147481049217
9.48752119112e-09
0.00147481112887
-4.53791003186e-09
0.00147481121375
-1.29576541871e-09
0.00147481141141
-1.74581196389e-09
0.00147481142451
-2.85923445088e-10
0.00147481145629
-2.79959421808e-10
0.00147481145175
1.04390229916e-11
0.00147481145545
-2.72854565197e-11
0.00147481145326
1.53134353139e-11
0.00147481145375
-2.22799569854e-12
0.00147481145321
4.08472478022e-12
0.00147481145334
-5.70530204502e-13
0.00147481145323
7.47997000106e-13
0.00147481145327
-2.20473002012e-13
0.00147481145325
1.18803275677e-13
0.00147481145326
-6.35632545288e-14
0.00147481145325
1.59321202445e-14
0.00147481145326
-1.97212832009e-14
0.00147481145325
-1.13639985825e-15
0.00147481145326
3.16091529275e-15
0.00147481145325
1.0464669125e-15
0.00147481145325
-1.97107180869e-15
0.00147481145326
5.5969781042e-15
0.00147481145326
8.81267034082e-15
0.00147481145326
-4.33407684107e-15
0.00147481145326
-1.75781567849e-16
0.00147481145326
3.30609927437e-15
0.00147481145326
1.69264658978e-15
5.73622949575e-15
0.00135278878618
-0.000893120521011
0.00141958755257
-0.000606957578135
0.00145144386718
-0.000347799800818
0.00146104143063
-0.000124090100809
0.00146324622522
-3.69609262756e-05
0.00146355004419
-6.29427541846e-06
0.0014633382931
1.59758492477e-06
0.00146322682767
1.6566607287e-06
0.00146314389714
1.14013663492e-06
0.00146312298371
4.08319037705e-07
0.00146311130912
1.79335730472e-07
0.00146311094696
2.97509508038e-08
0.00146311022402
1.02104704118e-08
0.00146311081778
-5.13167573222e-09
0.00146311084023
-1.31822137491e-09
0.00146311099993
-1.90551940742e-09
0.001463110997
-2.82988519598e-10
0.00146311102293
-3.05892196882e-10
0.00146311101695
1.64206082488e-11
0.00146311102042
-3.07570434728e-11
0.00146311101833
1.74115812616e-11
0.0014631110189
-2.80030489372e-12
0.00146311101841
4.56972870713e-12
0.00146311101855
-7.10078356424e-13
0.00146311101846
8.43580356892e-13
0.0014631110185
-2.57573902009e-13
0.00146311101848
1.36293168153e-13
0.00146311101849
-7.42290767609e-14
0.00146311101848
1.63892241108e-14
0.00146311101848
-1.93061724297e-14
0.00146311101848
5.1723652823e-15
0.00146311101848
1.84992932308e-15
0.00146311101848
2.75352255631e-15
0.00146311101848
-2.49817569268e-15
0.00146311101848
1.93519139922e-15
0.00146311101848
1.1294272332e-14
0.00146311101848
-1.54992420196e-15
0.00146311101848
-2.18426799819e-15
0.00146311101848
2.09172553744e-15
0.00146311101848
4.31475586814e-15
3.77465949377e-15
0.00135820131904
-0.00103180964503
0.00141661102015
-0.000665367278831
0.00144085465142
-0.00037204343224
0.00144717903388
-0.000130414483676
0.00144817261197
-3.79545042025e-05
0.00144826174523
-6.38340849714e-06
0.00144806008863
1.79924141737e-06
0.00144799861783
1.71813146833e-06
0.00144794586033
1.19289418764e-06
0.00144793910435
4.15075042571e-07
0.00144793249819
1.8594187862e-07
0.00144793356729
2.8681847059e-08
0.00144793307906
1.06987136763e-08
0.00144793361863
-5.67123921911e-09
0.00144793357323
-1.27283713623e-09
0.00144793369207
-2.0243509955e-09
0.00144793367231
-2.63231865633e-10
0.00144793369208
-3.25660663511e-10
0.00144793368466
2.38470162463e-11
0.0014479336879
-3.39925316423e-11
0.00144793368593
1.93811291867e-11
0.00144793368658
-3.45768462247e-12
0.00144793368615
4.99930294213e-12
0.00144793368631
-8.71210848456e-13
0.00144793368623
9.2788489069e-13
0.00144793368626
-2.93872497457e-13
0.00144793368625
1.54213228045e-13
0.00144793368625
-8.30401738751e-14
0.00144793368625
2.05016549089e-14
0.00144793368625
-2.30741622679e-14
0.00144793368625
4.80865786127e-15
0.00144793368625
-2.5902952223e-15
0.00144793368625
2.39654743579e-15
0.00144793368625
-4.28336301785e-15
0.00144793368625
3.11933908263e-15
0.00144793368625
6.32361620599e-15
0.00144793368625
-4.87696814164e-15
0.00144793368625
2.00682264431e-16
0.00144793368625
4.67069630715e-15
0.00144793368625
5.97989406792e-15
6.19639288438e-15
0.00136284997674
-0.00117514742702
0.00141081105363
-0.000713328355427
0.00142621841858
-0.000387450797052
0.00142897935281
-0.000133175418326
0.00142870176432
-3.76769156565e-05
0.00142858099675
-6.26264073811e-06
0.00142839674387
1.98349423113e-06
0.00142838894025
1.72593499882e-06
0.00142836775288
1.21408160916e-06
0.00142837546104
4.07366913237e-07
0.00142837398023
1.87422678373e-07
0.00142837644887
2.62131934599e-08
0.00142837617888
1.09687174728e-08
0.00142837665141
-6.14376423811e-09
0.00142837653486
-1.15629818057e-09
0.001428376611
-2.10050183616e-09
0.00142837657434
-2.26570521539e-10
0.00142837658784
-3.39157066119e-10
0.00142837657906
3.26265189589e-11
0.00142837658207
-3.70032488971e-11
0.00142837658024
2.12056223941e-11
0.00142837658099
-4.20125787537e-12
0.00142837658062
5.36713319696e-12
0.00142837658079
-1.04902412383e-12
0.00142837658072
1.00785169832e-12
0.00142837658075
-3.32869733311e-13
0.00142837658074
1.73534806454e-13
0.00142837658074
-9.2676325645e-14
0.00142837658074
2.687671866e-14
0.00142837658074
-2.34247017986e-14
0.00142837658074
8.29963440812e-15
0.00142837658074
-5.33632182136e-15
0.00142837658074
2.57379546957e-15
0.00142837658074
-1.1233533123e-15
0.00142837658074
-3.84657174276e-16
0.00142837658074
-1.30422040154e-15
0.00142837658074
-7.18757384946e-15
0.00142837658074
-8.5672414978e-16
0.00142837658074
4.9729220389e-15
0.00142837658074
5.98660544373e-15
2.13627863997e-15
0.00136574923765
-0.00132138446963
0.00140086607073
-0.000748445188346
0.00140622472833
-0.000392809454267
0.00140522086242
-0.000132171552819
0.00140365964484
-3.61156981114e-05
0.00140334575671
-5.94875240965e-06
0.00140318804039
2.14121052236e-06
0.001403236179
1.67779630217e-06
0.00140324700497
1.20325566542e-06
0.00140326891471
3.85457222378e-07
0.00140327241767
1.8391971124e-07
0.00140327617997
2.24508787097e-08
0.00140327609989
1.10488111312e-08
0.00140327649091
-6.53478411155e-09
0.00140327630253
-9.67924444368e-10
0.00140327633528
-2.13325410322e-09
0.00140327628244
-1.73734040445e-10
0.00140327628975
-3.46471415478e-10
0.00140327627981
4.25667371258e-11
0.0014032762826
-3.97846180285e-11
0.00140327628095
2.28547010224e-11
0.00140327628177
-5.01965472057e-12
0.00140327628146
5.67008048745e-12
0.00140327628166
-1.2389418291e-12
0.00140327628159
1.07420780414e-12
0.00140327628163
-3.73042808429e-13
0.00140327628161
1.89358376406e-13
0.00140327628162
-1.03055973002e-13
0.00140327628161
3.23290958088e-14
0.00140327628161
-2.66068652079e-14
0.00140327628161
9.31682173488e-15
0.00140327628161
-6.0504077161e-15
0.00140327628161
4.04442710458e-15
0.00140327628161
-1.33677635658e-15
0.00140327628161
6.97412652638e-16
0.00140327628161
-2.04950818886e-17
0.00140327628161
-6.52116036858e-15
0.00140327628161
-9.90831057206e-16
0.00140327628161
3.848648488e-15
0.00140327628161
3.66063396876e-15
-9.73309172642e-16
0.00136546589158
-0.00146733816683
0.00138500769917
-0.000767986995886
0.00137919228681
-0.000386994041338
0.00137434205889
-0.000127321325264
0.00137154271577
-3.33163551167e-05
0.00137106490619
-5.47094264397e-06
0.00137094454674
2.26156997429e-06
0.00137104911196
1.57323099822e-06
0.00137109135075
1.16101688306e-06
0.00137112656965
3.50238365954e-07
0.00137113471555
1.75773813961e-07
0.00137113958712
1.75793031445e-08
0.00137113965973
1.09762160364e-08
0.00137113995306
-6.82811825809e-09
0.00137113969558
-7.10451194728e-10
0.0013711396853
-2.12297532802e-09
0.00137113961797
-1.0639868946e-10
0.00137113961933
-3.4783257172e-10
0.00137113960854
5.33503709056e-11
0.0013711396111
-4.23434398311e-11
0.00137113960967
2.42848897947e-11
0.00137113961055
-5.90370927362e-12
0.00137113961031
5.90840182031e-12
0.00137113961052
-1.44076267336e-12
0.00137113961046
1.13256041376e-12
0.0013711396105
-4.09938440133e-13
0.00137113961048
2.06637739938e-13
0.00137113961049
-1.12141017061e-13
0.00137113961048
3.70911322584e-14
0.00137113961048
-2.81069092676e-14
0.00137113961048
7.64387832328e-15
0.00137113961048
-1.17966716844e-14
0.00137113961048
5.20324708791e-15
0.00137113961048
-4.68840559531e-16
0.00137113961048
1.071439952e-15
0.00137113961048
-1.76900513719e-15
0.00137113961048
-4.93750472339e-15
0.00137113961048
-3.10371696456e-15
0.00137113961048
5.99650442931e-15
0.00137113961048
1.48007723375e-15
-3.91587245901e-15
0.00135993284794
-0.00160775882048
0.00136088140788
-0.000768935555865
0.00134297469265
-0.000369087325406
0.00133435306126
-0.000118699694184
0.00133043039752
-2.939369157e-05
0.00132982973247
-4.87027744594e-06
0.0013297589103
2.33239218052e-06
0.00132991806506
1.41407616468e-06
0.00132998999873
1.08908321163e-06
0.00133003693895
3.03298185404e-07
0.00133004919794
1.63514829356e-07
0.00133005491186
1.18653795692e-08
0.00133005509631
1.07917666415e-08
0.00133005527373
-7.00553653658e-09
0.00133005495444
-3.91166493196e-10
0.00133005490237
-2.07091937917e-09
0.00133005482333
-2.73588102901e-11
0.00133005481906
-3.43568040488e-10
0.00133005480791
6.45075485865e-11
0.00133005481021
-4.46322163014e-11
0.00133005480904
2.54541392358e-11
0.00133005480996
-6.82422032052e-12
0.0013300548098
6.07598424429e-12
0.00133005481
-1.64912618456e-12
0.00133005480996
1.17806452569e-12
0.00133005480999
-4.49677929518e-13
0.00133005480998
2.25970937301e-13
0.00133005480998
-1.16830092096e-13
0.00133005480998
4.25176318548e-14
0.00133005480998
-3.16031693927e-14
0.00133005480998
1.39788045437e-14
0.00133005480998
-7.36956681789e-15
0.00133005480998
6.57664846727e-15
0.00133005480998
2.75128733481e-15
0.00133005480998
5.87815510416e-15
0.00133005480998
-1.37313709704e-15
0.00133005480998
-7.71669993244e-15
0.00133005480998
-5.14907662772e-15
0.00133005480998
3.86482645282e-15
0.00133005480998
2.73933388984e-15
-5.35133615825e-15
0.00134618854234
-0.00173443516854
0.00132536615072
-0.000748113164367
0.00129484400451
-0.000338565178421
0.00128272355265
-0.000106579242574
0.00127787327784
-2.45434169984e-05
0.00127720058343
-4.19758291646e-06
0.00127719228329
2.34069238187e-06
0.00127740114172
1.20521767705e-06
0.00127749989166
9.90333262055e-07
0.00127755619302
2.4699686309e-07
0.00127757187225
1.4783561358e-07
0.00127757807424
5.66337807969e-09
0.0012775783347
1.05313092398e-08
0.00127757837513
-7.04595945393e-09
0.00127757800747
-2.35109380507e-11
0.00127757791538
-1.97884276678e-09
0.0012775778288
5.92170637864e-11
0.0012775778192
-3.3396262283e-10
0.00127757780835
7.53605983967e-11
0.00127757781029
-4.65744873888e-11
0.00127757780947
2.62717803088e-11
0.00127757781038
-7.73943769232e-12
0.0012775778103
6.15483007406e-12
0.0012775778105
-1.84642329801e-12
0.00127757781047
1.21412506314e-12
0.0012775778105
-4.84017742888e-13
0.00127757781048
2.36570810084e-13
0.00127757781049
-1.22601726265e-13
0.00127757781048
4.72235666489e-14
0.00127757781049
-3.35201770766e-14
0.00127757781048
1.69245872529e-14
0.00127757781048
-9.02694607208e-15
0.00127757781048
8.46218649894e-15
0.00127757781048
1.12419200749e-15
0.00127757781048
5.99652492527e-15
0.00127757781049
-3.40212837762e-16
0.00127757781048
-8.76349160291e-15
0.00127757781049
-6.60595628062e-15
0.00127757781049
-1.48798048736e-16
0.00127757781048
3.42065708454e-16
-5.42880753066e-15
0.00132001063092
-0.00183493360462
0.00127434211264
-0.000702444646269
0.00123134861114
-0.000295571676128
0.00121624094293
-9.14715745225e-05
0.00121075059222
-1.90530665566e-05
0.00121006192985
-3.50892047378e-06
0.00121012915568
2.27346662256e-06
0.00121037877084
9.55602479827e-07
0.00121050031345
8.68790629241e-07
0.00121056274397
1.84566377524e-07
0.00121058103725
1.2954235982e-07
0.00121058727798
-5.77358610098e-10
0.00121058759723
1.02120525427e-08
0.00121058747483
-6.92356119569e-09
0.00121058708093
3.70379711459e-10
0.00121058695037
-1.84827894037e-09
0.00121058686222
1.47363223555e-10
0.00121058684731
-3.19055442037e-10
0.00121058683771
8.49666186589e-11
0.00121058683909
-4.79570763893e-11
0.00121058683874
2.66271375109e-11
0.00121058683957
-8.56608123489e-12
0.00121058683959
6.14011833443e-12
0.00121058683976
-2.01956405642e-12
0.00121058683975
1.23346548171e-12
0.00121058683977
-5.07421893262e-13
0.00121058683976
2.47277911789e-13
0.00121058683976
-1.21546454912e-13
0.00121058683976
5.03182279978e-14
0.00121058683976
-3.32909551286e-14
0.00121058683976
1.62227363837e-14
0.00121058683976
-6.20102139336e-15
0.00121058683976
8.49618110957e-15
0.00121058683976
9.86419277407e-16
0.00121058683976
4.53453052849e-15
0.00121058683976
-4.27607086611e-15
0.00121058683976
-6.05460229896e-15
0.00121058683976
-5.21378136384e-15
0.00121058683976
-1.71817934886e-15
0.00121058683976
9.82501001307e-16
-8.57046872363e-15
0.0012753947154
-0.00189081612555
0.00120239580335
-0.000629445734446
0.00114814203353
-0.000241317905545
0.00113083079586
-7.41603369379e-05
0.00112508861261
-1.33108835733e-05
0.00112443712255
-2.85743038741e-06
0.0011245919488
2.11864044837e-06
0.00112486789049
6.79660769281e-07
0.00112500718129
7.29499812333e-07
0.00112507149741
1.20250277375e-07
0.00112509157105
1.09468743463e-07
0.00112509729163
-6.29794335136e-09
0.00112509769224
9.81143964048e-09
0.00112509737261
-6.60393914153e-09
0.00112509698712
7.55870260868e-10
0.00112509681807
-1.67922703652e-09
0.00112509673677
2.28657614718e-10
0.00112509671599
-2.98267903866e-10
0.00112509670898
9.1979262877e-11
0.00112509670941
-4.83941948536e-11
0.00112509670972
2.63233957753e-11
0.00112509671034
-9.19199815554e-12
0.0011250967105
5.98116343985e-12
0.00112509671063
-2.13987907729e-12
0.00112509671064
1.22109342123e-12
0.00112509671065
-5.24486289593e-13
0.00112509671064
2.46915568196e-13
0.00112509671064
-1.24606913494e-13
0.00112509671064
5.12842190254e-14
0.00112509671064
-3.41287731885e-14
0.00112509671064
1.53008821034e-14
0.00112509671064
-5.08596583602e-15
0.00112509671064
1.09608552004e-14
0.00112509671064
1.81295928246e-15
0.00112509671064
4.4376201678e-15
0.00112509671064
-4.23993997229e-15
0.00112509671064
-5.92865573416e-15
0.00112509671064
-6.96941985201e-15
0.00112509671064
-3.62648268322e-16
0.00112509671064
-7.13907338946e-16
-7.94312268721e-15
0.00120381209767
-0.00187511602855
0.00110245758502
-0.000528091222071
0.00103977727261
-0.000178637592454
0.0010213293161
-5.57123804312e-05
0.00101582899739
-7.81056510476e-06
0.00101525178239
-2.28021540805e-06
0.00101550432074
1.86610217209e-06
0.00101578472806
3.99253452923e-07
0.00101593598752
5.78240327558e-07
0.00101599673821
5.94996080378e-08
0.00101601786601
8.83409656321e-08
0.00101602237345
-1.08053818573e-08
0.00101602294847
9.23641344475e-09
0.00101602238181
-6.03728163144e-09
0.00101602205757
1.08011452936e-09
0.00101602184637
-1.46803939678e-09
0.0010160217838
2.91237038358e-10
0.00101602175542
-2.69891846258e-10
0.00101602175297
9.44300501909e-11
0.00101602175177
-4.71837844409e-11
0.00101602175304
2.50486055674e-11
0.00101602175327
-9.42089519075e-12
0.00101602175363
5.62613154439e-12
0.00101602175366
-2.1680228501e-12
0.00101602175371
1.17251588814e-12
0.0010160217537
-5.17499851643e-13
0.00101602175371
2.46614705334e-13
0.0010160217537
-1.18523646608e-13
0.0010160217537
5.27522763061e-14
0.0010160217537
-2.86945630443e-14
0.0010160217537
1.59938311914e-14
0.0010160217537
-5.7657081176e-15
0.0010160217537
9.55325991844e-15
0.0010160217537
-5.81151632747e-16
0.0010160217537
4.93856095848e-15
0.0010160217537
-5.42379873136e-15
0.0010160217537
-4.78676024078e-15
0.0010160217537
-3.59394329591e-15
0.0010160217537
-3.48072108668e-15
0.0010160217537
-2.88973067851e-15
-6.15169544609e-15
0.00109320494066
-0.00174880877433
0.000965358023001
-0.000400244304802
0.000899455656351
-0.000112735225276
0.000881195490406
-3.74522143988e-05
0.000876532789705
-3.14786460212e-06
0.000876031714199
-1.77913996193e-06
0.000876389013337
1.50880308978e-06
0.000876642067446
1.46199359421e-07
0.000876799263712
4.21044049839e-07
0.000876849532587
9.23074579778e-09
0.000876871286499
6.65870729805e-08
0.000876873717518
-1.32363978028e-08
0.000876874673522
8.2804003414e-09
0.000876873784514
-5.14827827678e-09
0.0008768736003
1.26432570883e-09
0.000876873336651
-1.20439560306e-09
0.000876873309527
3.18358367492e-10
0.000876873269933
-2.30292228193e-10
0.000876873274903
8.94614955054e-11
0.00087687327088
-4.31564159355e-11
0.000876873273624
2.23083459111e-11
0.000876873273165
-8.95396893265e-12
0.000876873273827
4.96540047397e-12
0.000876873273699
-2.03914759085e-12
0.000876873273819
1.05206270645e-12
0.000876873273775
-4.74454507128e-13
0.000876873273795
2.25431350765e-13
0.000876873273784
-1.06093232202e-13
0.000876873273787
4.98869007947e-14
0.000876873273785
-2.30100816139e-14
0.000876873273786
1.3625712454e-14
0.000876873273785
-5.17672225203e-15
0.000876873273784
8.41969458049e-15
0.000876873273784
2.50059715133e-15
0.000876873273785
3.56171251557e-15
0.000876873273786
-3.32628803507e-15
0.000876873273786
-6.29480375622e-15
0.000876873273786
-3.67957330046e-15
0.000876873273786
-2.7287486601e-15
0.000876873273786
-1.22331319789e-15
-6.67712077323e-15
0.000926701850016
-0.00145599842874
0.000779201503992
-0.000252743959406
0.000718735359197
-5.22690801394e-05
0.000702147322773
-2.08641777756e-05
0.000699004165396
-4.70735144216e-09
0.000698516651159
-1.29162582626e-06
0.000698982593214
1.0428610631e-06
0.00069916284095
-3.40483371179e-08
0.000699320652966
2.63232034087e-07
0.000699351625383
-2.1741669389e-08
0.000699374187837
4.40246342186e-08
0.000699373435669
-1.24842225096e-08
0.00069937516065
6.55541463139e-09
0.000699373828995
-3.81662792287e-09
0.000699373902265
1.19105289909e-09
0.000699373563828
-8.6595977396e-10
0.000699373596171
2.8601964309e-10
0.000699373538529
-1.72649206056e-10
0.000699373555195
7.27954631893e-11
0.000699373546421
-3.43801186537e-11
0.00069937355144
1.72911720719e-11
0.00069937354983
-7.34095831096e-12
0.00069937355097
3.82757287268e-12
0.000699373550587
-1.65335672242e-12
0.000699373550815
8.25913882347e-13
0.000699373550717
-3.76374604402e-13
0.000699373550762
1.808663344e-13
0.000699373550738
-8.41581418643e-14
0.000699373550748
4.27205059362e-14
0.000699373550743
-1.8730920806e-14
0.000699373550746
1.56984805688e-14
0.000699373550744
-2.90508492008e-15
0.000699373550744
4.70909050127e-15
0.000699373550743
3.39420128581e-16
0.000699373550744
1.04257680315e-15
0.000699373550744
-6.2437710204e-15
0.000699373550746
-1.7709607436e-15
0.000699373550745
-3.31449008973e-15
0.000699373550745
-4.16188110288e-15
0.000699373550745
-3.72644189467e-15
-4.16889717236e-15
0.000680514173678
-0.000917000407105
0.000528406823191
-0.000100636609853
0.000487299793163
-1.11620499887e-05
0.000473691256674
-7.25564099121e-06
0.000472821047633
8.65501638566e-07
0.000472163308792
-6.3388712099e-07
0.000472745710817
4.60459041764e-07
0.000472786177306
-7.4514771376e-08
0.00047294292771
1.06481638319e-07
0.000472942668294
-2.1482260501e-08
0.000472967592524
1.91004148244e-08
0.000472962058965
-6.95065777998e-09
0.000472965286158
3.32821881346e-09
0.000472963286197
-1.81667586224e-09
0.000472963805737
6.71510894737e-10
0.000472963343386
-4.03608566239e-10
0.000472963473188
1.56216685572e-10
0.000472963384069
-8.35268672853e-11
0.000472963419588
3.72806963364e-11
0.000472963402629
-1.74146629833e-11
0.000472963411364
8.55887330059e-12
0.000472963407816
-3.78856889304e-12
0.000472963409756
1.88910958101e-12
0.000472963408949
-8.45408425204e-13
0.00047296340936
4.1142556172e-13
0.000472963409172
-1.92682301194e-13
0.000472963409258
8.90968253787e-14
0.000472963409216
-4.17810546173e-14
0.000472963409235
1.92843783177e-14
0.000472963409226
-8.97779359263e-15
0.00047296340923
6.24947814742e-15
0.000472963409228
-5.93287286886e-16
0.000472963409228
3.61731068994e-15
0.000472963409227
9.40417550213e-17
0.000472963409228
2.25946177907e-15
0.000472963409229
-2.67006700361e-15
0.00047296340923
-2.48044633514e-15
0.000472963409229
-2.43821296401e-15
0.000472963409228
-6.08285332862e-16
0.00047296340923
-2.06606681431e-16
-5.00473455779e-15
0.000302511788419
0.000201875178063
0.000190713128006
0.000183457487217
0.000184322988863
0.000183689101646
0.000184149560687
0.000184075045962
0.000184181527607
0.000184160045336
0.000184179145751
0.000184172195097
0.000184175523311
0.000184173706631
0.000184174378144
0.000184173974535
0.000184174130755
0.000184174047229
0.000184174084509
0.000184174067096
0.000184174075653
0.000184174071867
0.000184174073755
0.000184174072907
0.000184174073317
0.000184174073125
0.000184174073214
0.000184174073172
0.000184174073192
0.000184174073182
0.000184174073187
0.000184174073185
0.000184174073185
0.000184174073184
0.000184174073185
0.000184174073185
0.000184174073186
0.000184174073185
0.000184174073185
0.000184174073186
)
;

boundaryField
{
    in
    {
        type            calculated;
        value           nonuniform List<scalar> 
41
(
-0.001219512195
-0.001219512195
-0.0012195121955
-0.001219512195
-0.001219512195
-0.001219512195
-0.0012195121955
-0.001219512195
-0.001219512195
-0.001219512195
-0.0012195121955
-0.001219512195
-0.001219512195
-0.001219512195
-0.0012195121955
-0.001219512195
-0.001219512195
-0.001219512195
-0.0012195121955
-0.001219512195
-0.001219512195
-0.001219512195
-0.0012195121955
-0.001219512195
-0.001219512195
-0.001219512195
-0.0012195121955
-0.001219512195
-0.001219512195
-0.001219512195
-0.0012195121955
-0.001219512195
-0.001219512195
-0.001219512195
-0.0012195121955
-0.001219512195
-0.001219512195
-0.001219512195
-0.0012195121955
-0.001219512195
-0.001219512195
)
;
    }
    out
    {
        type            calculated;
        value           nonuniform List<scalar> 
41
(
0.000184174073186
0.000472963409231
0.000699373550747
0.000876873273788
0.00101602175371
0.00112509671064
0.00121058683976
0.00127757781049
0.00133005480998
0.00137113961048
0.00140327628162
0.00142837658074
0.00144793368625
0.00146311101849
0.00147481145326
0.00148373102885
0.0014904003584
0.00149521618904
0.00149846500745
0.00150034007875
0.00150095294982
0.00150034007875
0.00149846500745
0.00149521618904
0.0014904003584
0.00148373102885
0.00147481145326
0.00146311101848
0.00144793368625
0.00142837658074
0.00140327628161
0.00137113961048
0.00133005480998
0.00127757781049
0.00121058683976
0.00112509671064
0.0010160217537
0.000876873273785
0.000699373550744
0.000472963409227
0.000184174073184
)
;
    }
    top
    {
        type            calculated;
        value           uniform 0;
    }
    bottom
    {
        type            calculated;
        value           uniform 0;
    }
    frontback
    {
        type            empty;
        value           nonuniform List<scalar> 0();
    }
}


// ************************************************************************* //
