/*--------------------------------*- C++ -*----------------------------------*\
| =========                 |                                                 |
| \\      /  F ield         | OpenFOAM: The Open Source CFD Toolbox           |
|  \\    /   O peration     | Version:  2112                                  |
|   \\  /    A nd           | Website:  www.openfoam.com                      |
|    \\/     M anipulation  |                                                 |
\*---------------------------------------------------------------------------*/
FoamFile
{
    version     2.0;
    format      ascii;
    arch        "LSB;label=32;scalar=64";
    class       volVectorField;
    location    "0.4";
    object      U;
}
// * * * * * * * * * * * * * * * * * * * * * * * * * * * * * * * * * * * * * //

dimensions      [0 1 -1 0 0 0 0];

internalField   nonuniform List<vector> 
1681
(
(0.113095983645 0.039762777453 0)
(0.105593732473 0.00404140605765 0)
(0.0753206981196 0.000263626386496 0)
(0.0773212183456 0.000259727214505 0)
(0.0747911179555 -5.25904893314e-05 0)
(0.0756236076469 2.6459432507e-05 0)
(0.0753165685437 -1.91561574522e-05 0)
(0.0755320396177 4.07547824274e-06 0)
(0.0754759289603 -4.21384706586e-06 0)
(0.0755201603588 1.0995650009e-06 0)
(0.0755057850292 -7.77040143212e-07 0)
(0.0755140984302 3.13671891873e-07 0)
(0.0755103863547 -1.44099628526e-07 0)
(0.0755120175344 7.74019261765e-08 0)
(0.075511149992 -3.01999236365e-08 0)
(0.0755115037398 1.70054088743e-08 0)
(0.0755113156435 -6.97456777032e-09 0)
(0.0755113969241 3.56630499855e-09 0)
(0.0755113570491 -1.62971463448e-09 0)
(0.0755113756946 7.56211995976e-10 0)
(0.0755113671053 -3.69269444275e-10 0)
(0.0755113712791 1.65710325664e-10 0)
(0.0755113693838 -8.15801812843e-11 0)
(0.075511370301 3.67740646923e-11 0)
(0.0755113698776 -1.75373747976e-11 0)
(0.0755113700782 8.08209338441e-12 0)
(0.0755113699837 -3.84883963853e-12 0)
(0.0755113700279 1.87088386657e-12 0)
(0.0755113700068 -8.97347482402e-13 0)
(0.0755113700164 5.53785045584e-13 0)
(0.0755113700117 -1.29559700454e-13 0)
(0.0755113700139 3.41233607367e-14 0)
(0.075511370013 -2.01125247195e-13 0)
(0.0755113700135 -8.67078197617e-14 0)
(0.0755113700133 -8.20551524212e-14 0)
(0.0755113700134 -1.55620098246e-13 0)
(0.0755113700133 2.77132032128e-14 0)
(0.0755113700134 -3.12695697571e-16 0)
(0.0755113700135 4.36053783398e-14 0)
(0.0755113700135 6.8192994056e-14 0)
(0.0755113700137 -1.77940445342e-13 0)
(0.261383904037 0.102230111849 0)
(0.258090326481 0.0143135482311 0)
(0.195428690409 0.00220889807273 0)
(0.19856614117 0.00106787255074 0)
(0.192444659598 -7.26852045399e-05 0)
(0.194183761003 7.89862545782e-05 0)
(0.193468050461 -6.19512503793e-05 0)
(0.193953540525 6.55987391325e-06 0)
(0.193830981323 -1.47373488791e-05 0)
(0.193933118068 2.227304921e-06 0)
(0.193901870062 -2.55485447538e-06 0)
(0.193921022136 8.53272996553e-07 0)
(0.193912774814 -4.18073282478e-07 0)
(0.193916471398 2.35684406893e-07 0)
(0.193914512432 -8.14482482993e-08 0)
(0.193915304381 5.26572964351e-08 0)
(0.193914877232 -1.9215802292e-08 0)
(0.193915059062 1.07262231223e-08 0)
(0.193914968701 -4.69719316825e-09 0)
(0.193915010603 2.19731867192e-09 0)
(0.193914991226 -1.09154116449e-09 0)
(0.193915000642 4.7500668631e-10 0)
(0.193914996377 -2.41299741594e-10 0)
(0.193914998449 1.0656857098e-10 0)
(0.193914997496 -5.23100485541e-11 0)
(0.193914997949 2.39875679595e-11 0)
(0.193914997736 -1.14328209633e-11 0)
(0.193914997835 5.31044670931e-12 0)
(0.193914997788 -2.48963215452e-12 0)
(0.19391499781 1.55110593207e-12 0)
(0.193914997799 -4.1408831812e-13 0)
(0.193914997804 -1.65314023297e-13 0)
(0.193914997802 -5.49223840132e-13 0)
(0.193914997803 2.16900088394e-13 0)
(0.193914997803 1.13677306604e-13 0)
(0.193914997803 -8.730594405e-14 0)
(0.193914997803 6.46552938063e-14 0)
(0.193914997803 2.16628661187e-14 0)
(0.193914997803 -2.40510945666e-13 0)
(0.193914997803 -1.04586846537e-13 0)
(0.193914997804 1.63883319059e-13 0)
(0.357968267023 0.136051009133 0)
(0.367129584549 0.0268451057781 0)
(0.290113505755 0.00648377233132 0)
(0.293525474788 0.00232299664645 0)
(0.284927588006 9.25548135036e-05 0)
(0.287143391888 0.000125379539305 0)
(0.286138419124 -0.000105625967091 0)
(0.286791057435 -2.68794662236e-06 0)
(0.286626002732 -2.7753935733e-05 0)
(0.286766275551 9.58015407929e-07 0)
(0.286724769546 -4.51177642496e-06 0)
(0.286751171947 1.11504806799e-06 0)
(0.286740104829 -6.21287438384e-07 0)
(0.286745159925 3.73634089807e-07 0)
(0.286742502832 -1.05777909141e-07 0)
(0.286743576172 8.57340224548e-08 0)
(0.286742993734 -2.59087198243e-08 0)
(0.286743239577 1.67787175338e-08 0)
(0.286743116361 -6.85425318247e-09 0)
(0.286743173131 3.25823418359e-09 0)
(0.286743146774 -1.65975331364e-09 0)
(0.286743159564 6.87490731604e-10 0)
(0.286743153774 -3.68927046476e-10 0)
(0.286743156591 1.55163596808e-10 0)
(0.286743155298 -7.89220627969e-11 0)
(0.286743155914 3.54277693983e-11 0)
(0.286743155625 -1.67070767196e-11 0)
(0.28674315576 8.20694209239e-12 0)
(0.286743155696 -3.42844708796e-12 0)
(0.286743155725 2.25277604598e-12 0)
(0.286743155711 -9.69480372486e-13 0)
(0.286743155718 -1.22572504203e-13 0)
(0.286743155715 -5.3281686875e-13 0)
(0.286743155716 -2.19207665223e-15 0)
(0.286743155716 1.38397202905e-13 0)
(0.286743155716 -3.29510321243e-15 0)
(0.286743155716 2.23387312763e-13 0)
(0.286743155716 2.73537419504e-13 0)
(0.286743155716 1.02254194411e-13 0)
(0.286743155717 1.35925093479e-13 0)
(0.286743155717 -3.24070804416e-14 0)
(0.420240366322 0.15156855076 0)
(0.44434648462 0.0385079462531 0)
(0.36402623944 0.0118880255452 0)
(0.367747655268 0.00379822001288 0)
(0.35758030345 0.000423919212963 0)
(0.360039120382 0.000165742735599 0)
(0.3588222999 -0.000140462909288 0)
(0.359574404672 -2.12204743958e-05 0)
(0.359379174168 -4.10082453839e-05 0)
(0.359544091943 -2.49334542044e-06 0)
(0.359495959628 -6.36490639249e-06 0)
(0.359527257188 1.04129132949e-06 0)
(0.359514404506 -7.30605761346e-07 0)
(0.359520383833 4.66478471229e-07 0)
(0.359517276815 -1.00411841395e-07 0)
(0.359518538048 1.10872737176e-07 0)
(0.35951785352 -2.60075011201e-08 0)
(0.359518141353 2.08141119659e-08 0)
(0.359517996311 -7.74202219133e-09 0)
(0.359518062793 3.78342362272e-09 0)
(0.3595180318 -1.98137104755e-09 0)
(0.359518046802 7.71750130191e-10 0)
(0.359518040005 -4.43237151223e-10 0)
(0.359518043313 1.76395289862e-10 0)
(0.359518041797 -9.35713459965e-11 0)
(0.35951804252 4.07582843615e-11 0)
(0.359518042181 -1.95183854646e-11 0)
(0.359518042339 9.43037312826e-12 0)
(0.359518042264 -3.8834732832e-12 0)
(0.359518042299 2.30886984159e-12 0)
(0.359518042282 -9.02868468268e-13 0)
(0.35951804229 3.97126725142e-14 0)
(0.359518042286 -1.33814337837e-12 0)
(0.359518042288 1.1358960686e-13 0)
(0.359518042287 -8.16046660876e-14 0)
(0.359518042288 -1.52890821658e-13 0)
(0.359518042288 -2.93615535875e-14 0)
(0.359518042288 1.32818680564e-13 0)
(0.359518042288 3.76645676291e-14 0)
(0.359518042289 2.40872863709e-13 0)
(0.359518042289 1.25748054244e-13 0)
(0.45957827754 0.156228372863 0)
(0.498235703192 0.0480338638871 0)
(0.421225242989 0.0173288353046 0)
(0.425631434715 0.00533678150113 0)
(0.414619801198 0.000854591130279 0)
(0.417204950456 0.000209349287813 0)
(0.415829958647 -0.000165497714444 0)
(0.416636541584 -4.3957310311e-05 0)
(0.416417041934 -5.38112626123e-05 0)
(0.416597128595 -7.21727935065e-06 0)
(0.416544263887 -8.1302753563e-06 0)
(0.416578855549 7.36515265785e-07 0)
(0.416564838044 -7.87403194279e-07 0)
(0.416571468981 5.24433297932e-07 0)
(0.416568071007 -7.7506246143e-08 0)
(0.416569464158 1.30073255084e-07 0)
(0.416568712047 -2.19092212522e-08 0)
(0.416569028552 2.3503116092e-08 0)
(0.416568868719 -7.77388641569e-09 0)
(0.416568941714 3.96717586471e-09 0)
(0.416568907549 -2.1338591615e-09 0)
(0.416568924031 7.73659856043e-10 0)
(0.416568916547 -4.82346993123e-10 0)
(0.416568920186 1.78280037125e-10 0)
(0.416568918518 -1.00101301347e-10 0)
(0.416568919314 4.24398581026e-11 0)
(0.416568918942 -2.04463539475e-11 0)
(0.416568919116 1.01582222477e-11 0)
(0.416568919033 -4.16226032965e-12 0)
(0.416568919071 2.37115947624e-12 0)
(0.416568919053 -1.22609572976e-12 0)
(0.416568919062 3.27842617055e-13 0)
(0.416568919057 -1.07310102082e-12 0)
(0.41656891906 -3.10358512105e-13 0)
(0.416568919059 -3.1706508332e-14 0)
(0.416568919059 -4.87921991173e-13 0)
(0.416568919059 -3.61699852643e-14 0)
(0.416568919059 3.23148022414e-13 0)
(0.41656891906 5.74604856685e-13 0)
(0.41656891906 6.6984954308e-14 0)
(0.416568919061 1.41799152372e-14 0)
(0.483609229996 0.153915842253 0)
(0.53511087226 0.055179815376 0)
(0.46511457348 0.0222120854513 0)
(0.470660289209 0.00682719580562 0)
(0.459370490438 0.00132721994845 0)
(0.462035273574 0.000260008247856 0)
(0.460541605199 -0.000181945220742 0)
(0.461372916762 -6.73580476335e-05 0)
(0.461131519311 -6.58317755895e-05 0)
(0.461320002547 -1.24816841519e-05 0)
(0.46126326623 -9.82830430076e-06 0)
(0.461300034102 2.99229522519e-07 0)
(0.461285213875 -8.23535742248e-07 0)
(0.461292322999 5.59097786622e-07 0)
(0.461288736054 -4.68644167637e-08 0)
(0.461290228028 1.45439014432e-07 0)
(0.461289430956 -1.5674325299e-08 0)
(0.461289768191 2.5445549324e-08 0)
(0.461289598101 -7.32744803505e-09 0)
(0.461289675633 3.97508195823e-09 0)
(0.461289639212 -2.18855630309e-09 0)
(0.461289656714 7.32479016151e-10 0)
(0.46128964874 -5.0152795544e-10 0)
(0.461289652608 1.70812037673e-10 0)
(0.461289650833 -1.02288929214e-10 0)
(0.46128965168 4.2253669706e-11 0)
(0.461289651284 -2.05581382162e-11 0)
(0.46128965147 9.86402749681e-12 0)
(0.461289651381 -4.2532387868e-12 0)
(0.461289651422 2.41610665086e-12 0)
(0.461289651402 -1.20077359425e-12 0)
(0.461289651411 1.79233689956e-13 0)
(0.461289651407 -1.15524861496e-12 0)
(0.46128965141 -2.38533528249e-13 0)
(0.461289651409 -2.47835235509e-13 0)
(0.461289651409 -8.1515510658e-13 0)
(0.461289651409 -5.15981914066e-14 0)
(0.461289651409 6.28936443724e-13 0)
(0.46128965141 8.54821641047e-13 0)
(0.46128965141 5.2176087547e-13 0)
(0.46128965141 1.16822415785e-13 0)
(0.497510418545 0.147070536165 0)
(0.559694653832 0.0600015044098 0)
(0.498496403565 0.0262399921586 0)
(0.505587452858 0.00817504217783 0)
(0.494451712871 0.00179687131431 0)
(0.497189205418 0.00031593134379 0)
(0.495607663348 -0.000190793063861 0)
(0.496444228516 -8.92716358745e-05 0)
(0.496181518433 -7.66333895311e-05 0)
(0.496373478346 -1.7778217528e-05 0)
(0.496313145612 -1.14171172943e-05 0)
(0.496351284792 -2.04335627298e-07 0)
(0.496335864546 -8.51846768881e-07 0)
(0.49634333865 5.76285292058e-07 0)
(0.496339628405 -1.40016924967e-08 0)
(0.496341199783 1.57674968111e-07 0)
(0.496340372809 -8.51518125252e-09 0)
(0.496340726104 2.68833509107e-08 0)
(0.496340548726 -6.61089232918e-09 0)
(0.496340629577 3.88924554577e-09 0)
(0.496340591482 -2.18146400393e-09 0)
(0.496340609709 6.69718582223e-10 0)
(0.496340601368 -5.07953161498e-10 0)
(0.4963406054 1.57846048656e-10 0)
(0.496340603546 -1.02208747689e-10 0)
(0.49634060443 4.01609065182e-11 0)
(0.496340604017 -2.03148192963e-11 0)
(0.496340604211 9.771074132e-12 0)
(0.496340604118 -4.22964851094e-12 0)
(0.496340604161 2.62646365715e-12 0)
(0.49634060414 -8.31362615891e-13 0)
(0.49634060415 3.92806608401e-13 0)
(0.496340604146 -7.78972790605e-13 0)
(0.496340604148 3.70345716943e-15 0)
(0.496340604147 -4.31152689289e-13 0)
(0.496340604148 -2.73499375231e-13 0)
(0.496340604148 2.37098792816e-14 0)
(0.496340604148 2.23235445049e-13 0)
(0.496340604148 7.03765597129e-13 0)
(0.496340604148 1.65547236214e-13 0)
(0.496340604149 2.54686708146e-13 0)
(0.504792970504 0.137450953533 0)
(0.575495187732 0.0626693596265 0)
(0.523651238047 0.0292679275246 0)
(0.532589119004 0.00930465836488 0)
(0.521926940778 0.00222779086405 0)
(0.524750303193 0.000372940008422 0)
(0.523105927376 -0.000192949735193 0)
(0.523935205543 -0.000108298916445 0)
(0.523651028285 -8.57605629038e-05 0)
(0.523842851246 -2.27220557535e-05 0)
(0.523778896784 -1.28276157135e-05 0)
(0.523817810057 -7.24728969744e-07 0)
(0.52380189762 -8.75731208455e-07 0)
(0.523809659664 5.7906036758e-07 0)
(0.523805868757 1.77751823456e-08 0)
(0.523807508023 1.66831014634e-07 0)
(0.523806661389 -1.20874518059e-09 0)
(0.523807028009 2.78853859713e-08 0)
(0.523806845339 -5.74926676127e-09 0)
(0.523806928754 3.74729428986e-09 0)
(0.52380688936 -2.13095092321e-09 0)
(0.523806908123 5.9620119021e-10 0)
(0.523806899492 -5.05044103373e-10 0)
(0.523806903646 1.41813724702e-10 0)
(0.52380690173 -9.9905900483e-11 0)
(0.523806902643 3.80450592925e-11 0)
(0.523806902216 -1.94102019994e-11 0)
(0.523806902416 9.30051032797e-12 0)
(0.523806902321 -4.0523201172e-12 0)
(0.523806902365 2.20986287913e-12 0)
(0.523806902343 -1.13299332141e-12 0)
(0.523806902353 4.04373133464e-13 0)
(0.523806902349 -6.04127794817e-13 0)
(0.523806902352 2.28756820554e-13 0)
(0.52380690235 -5.25519468165e-13 0)
(0.523806902351 -3.54717960959e-13 0)
(0.523806902351 2.31855745662e-13 0)
(0.523806902351 2.86344862536e-13 0)
(0.523806902351 7.705665365e-13 0)
(0.523806902352 5.8216233177e-13 0)
(0.523806902352 1.96697913074e-13 0)
(0.507830240283 0.12629068656 0)
(0.585098433089 0.0634203263924 0)
(0.542416369754 0.0312501464034 0)
(0.553385431118 0.0101630504498 0)
(0.543421215819 0.00259247399366 0)
(0.546351311257 0.000426286768637 0)
(0.54466481405 -0.000189436386794 0)
(0.54547898309 -0.000123524131456 0)
(0.545173036762 -9.2830985186e-05 0)
(0.545362071312 -2.70121378916e-05 0)
(0.545294345793 -1.39890352335e-05 0)
(0.545333581427 -1.22152272295e-06 0)
(0.545317230087 -8.94622236769e-07 0)
(0.545325224881 5.69661255759e-07 0)
(0.545321381263 4.62892866659e-08 0)
(0.545323081301 1.72781855836e-07 0)
(0.545322222126 5.68363060862e-09 0)
(0.545322600441 2.84588625159e-08 0)
(0.545322413865 -4.83093616959e-09 0)
(0.545322499366 3.57094470819e-09 0)
(0.545322458925 -2.04791264782e-09 0)
(0.5453224781 5.19410374344e-10 0)
(0.545322469229 -4.94792196158e-10 0)
(0.545322473476 1.24707667659e-10 0)
(0.54532247151 -9.65701380222e-11 0)
(0.545322472444 3.49392285417e-11 0)
(0.545322472007 -1.84425854002e-11 0)
(0.545322472212 8.63879248643e-12 0)
(0.545322472115 -4.14268165848e-12 0)
(0.54532247216 2.07899038158e-12 0)
(0.545322472138 -1.01402935384e-12 0)
(0.545322472148 3.71057415933e-13 0)
(0.545322472144 -4.88149722611e-13 0)
(0.545322472146 8.14662295389e-14 0)
(0.545322472145 -3.7757224323e-13 0)
(0.545322472146 -1.54736076216e-13 0)
(0.545322472146 2.58361515959e-13 0)
(0.545322472146 1.89872198447e-13 0)
(0.545322472146 5.64788772819e-13 0)
(0.545322472146 5.17720194293e-13 0)
(0.545322472147 1.18185754492e-13 0)
(0.508222045378 0.114412203013 0)
(0.590400234149 0.0625170786407 0)
(0.556258689085 0.0322084267202 0)
(0.56933497313 0.0107187786775 0)
(0.560213582638 0.00287128408977 0)
(0.563271565771 0.000471465773057 0)
(0.56156002291 -0.000181334950609 0)
(0.56235450876 -0.000134402503706 0)
(0.562026661156 -9.75596673538e-05 0)
(0.562210998637 -3.04211899602e-05 0)
(0.562139335479 -1.48384859119e-05 0)
(0.562178550123 -1.66195219296e-06 0)
(0.562161784181 -9.06004507934e-07 0)
(0.562169970038 5.49954089857e-07 0)
(0.562166092218 7.01417572571e-08 0)
(0.562167848192 1.75371194083e-07 0)
(0.562166981512 1.17560970331e-08 0)
(0.562167370496 2.85844693135e-08 0)
(0.562167181005 -3.91978838785e-09 0)
(0.56216726828 3.37097540833e-09 0)
(0.562167226969 -1.94011369776e-09 0)
(0.56216724647 4.44341683883e-10 0)
(0.562167237395 -4.78580154019e-10 0)
(0.562167241715 1.07912490273e-10 0)
(0.562167239706 -9.23141423194e-11 0)
(0.562167240658 3.16384268459e-11 0)
(0.562167240212 -1.72948813598e-11 0)
(0.562167240421 8.38245698298e-12 0)
(0.562167240322 -3.74162123961e-12 0)
(0.562167240368 1.6119291294e-12 0)
(0.562167240346 -1.02826038636e-12 0)
(0.562167240356 8.51265287859e-13 0)
(0.562167240352 -4.14214524469e-13 0)
(0.562167240354 -2.70588397758e-13 0)
(0.562167240353 -6.45146287797e-14 0)
(0.562167240354 9.99503896499e-14 0)
(0.562167240354 2.9076981545e-13 0)
(0.562167240354 3.96093345721e-13 0)
(0.562167240354 5.58755501199e-13 0)
(0.562167240354 6.32244196624e-13 0)
(0.562167240355 5.33249935175e-14 0)
(0.507042509315 0.102346112648 0)
(0.592783716382 0.060217665351 0)
(0.566340322372 0.0322065121685 0)
(0.581509247395 0.0109585046796 0)
(0.573309942456 0.00305171331118 0)
(0.576513097914 0.000504649847848 0)
(0.574790312782 -0.000169694260646 0)
(0.575562804443 -0.000140675129564 0)
(0.575213250223 -9.97591354403e-05 0)
(0.575391580422 -3.27888835978e-05 0)
(0.575315858932 -1.53251949363e-05 0)
(0.575354795202 -2.0206127261e-06 0)
(0.575337626007 -9.06534219068e-07 0)
(0.575345969891 5.21538069429e-07 0)
(0.575342070225 8.85190628584e-08 0)
(0.575343878338 1.74467415028e-07 0)
(0.575343007751 1.67286369603e-08 0)
(0.575343406672 2.82347435376e-08 0)
(0.575343215 -3.0620702159e-09 0)
(0.575343303829 3.15166860402e-09 0)
(0.575343261781 -1.8132232176e-09 0)
(0.575343281548 3.73842876867e-10 0)
(0.575343272293 -4.56047724551e-10 0)
(0.575343276671 9.1466904452e-11 0)
(0.575343274625 -8.6947432269e-11 0)
(0.575343275592 2.88258809046e-11 0)
(0.575343275139 -1.5957419189e-11 0)
(0.575343275352 7.63441621145e-12 0)
(0.575343275251 -3.59682485917e-12 0)
(0.575343275298 1.34519256122e-12 0)
(0.575343275275 -8.13735301895e-13 0)
(0.575343275285 6.98167150851e-13 0)
(0.575343275281 -4.33602808428e-13 0)
(0.575343275284 6.93247640945e-14 0)
(0.575343275282 -1.01624700462e-13 0)
(0.575343275283 -1.63220601243e-13 0)
(0.575343275283 1.68812603696e-13 0)
(0.575343275283 3.53589846357e-13 0)
(0.575343275283 1.65884410728e-13 0)
(0.575343275284 4.91145216976e-13 0)
(0.575343275284 -2.54014891261e-14 0)
(0.505008100816 0.0904223734198 0)
(0.59325242779 0.0567595948588 0)
(0.573575727968 0.0313313757947 0)
(0.590751730926 0.0108833415825 0)
(0.583500460665 0.00312742908167 0)
(0.586860117849 0.000522934250575 0)
(0.585136864738 -0.00015546765519 0)
(0.585886648185 -0.00014229954268 0)
(0.585515974475 -9.93358667394e-05 0)
(0.585687486392 -3.40149889933e-05 0)
(0.585607667432 -1.54131392004e-05 0)
(0.585646139872 -2.27907762317e-06 0)
(0.58562857576 -8.92874395254e-07 0)
(0.585637050481 4.85816590121e-07 0)
(0.585633137268 1.01038001167e-07 0)
(0.585634994034 1.69999848036e-07 0)
(0.585634122107 2.04228290478e-08 0)
(0.585634530338 2.73847750456e-08 0)
(0.585634337041 -2.28928673294e-09 0)
(0.585634427257 2.91378198379e-09 0)
(0.585634384576 -1.66989052151e-09 0)
(0.585634404564 3.09530867628e-10 0)
(0.585634395149 -4.28614434191e-10 0)
(0.585634399575 7.63581464684e-11 0)
(0.585634397496 -8.06570974708e-11 0)
(0.585634398475 2.53262118134e-11 0)
(0.585634398015 -1.43967273854e-11 0)
(0.585634398231 6.86578270926e-12 0)
(0.585634398129 -2.78248870243e-12 0)
(0.585634398177 1.14265422379e-12 0)
(0.585634398154 -4.23111136321e-13 0)
(0.585634398164 7.35307103136e-13 0)
(0.58563439816 8.94115358418e-14 0)
(0.585634398163 -1.40052720877e-13 0)
(0.585634398161 1.60769227106e-13 0)
(0.585634398162 -1.55513390569e-13 0)
(0.585634398162 2.1499542745e-13 0)
(0.585634398162 2.52684362244e-13 0)
(0.585634398162 3.4677699232e-13 0)
(0.585634398162 5.33835610095e-13 0)
(0.585634398163 3.38564172862e-13 0)
(0.502592180045 0.0788323264493 0)
(0.592529973879 0.0523534629551 0)
(0.578679941806 0.0296809242909 0)
(0.597724723442 0.0105055990601 0)
(0.591404746586 0.00309730565684 0)
(0.594925497838 0.000524434684439 0)
(0.593209739949 -0.000139478051936 0)
(0.593937243823 -0.000139398449703 0)
(0.593546443813 -9.62851855876e-05 0)
(0.593710753356 -3.40534770468e-05 0)
(0.593626897396 -1.50824536346e-05 0)
(0.593664783067 -2.42553075785e-06 0)
(0.593646835357 -8.62252403599e-07 0)
(0.59365541795 4.44043351322e-07 0)
(0.593651496764 1.07633212005e-07 0)
(0.5936533986 1.61979823714e-07 0)
(0.593652527121 2.27421544677e-08 0)
(0.593652944038 2.60204016195e-08 0)
(0.59365274954 -1.62228182423e-09 0)
(0.593652841002 2.65787920861e-09 0)
(0.593652797776 -1.51369027883e-09 0)
(0.593652817949 2.52371821719e-10 0)
(0.593652808391 -3.95657122922e-10 0)
(0.593652812858 6.24071984645e-11 0)
(0.59365281075 -7.38884455278e-11 0)
(0.593652811739 2.22065351403e-11 0)
(0.593652811273 -1.29456439421e-11 0)
(0.593652811492 6.1382840504e-12 0)
(0.593652811389 -2.06402573845e-12 0)
(0.593652811437 1.36603647526e-12 0)
(0.593652811414 -3.29252034801e-13 0)
(0.593652811425 9.70355571404e-13 0)
(0.59365281142 5.32355283941e-14 0)
(0.593652811423 -9.71390648525e-14 0)
(0.593652811421 8.6716374766e-14 0)
(0.593652811422 4.56734792881e-14 0)
(0.593652811422 1.00452306544e-13 0)
(0.593652811422 2.8743234513e-13 0)
(0.593652811422 2.42869833259e-13 0)
(0.593652811422 5.71360373115e-13 0)
(0.593652811423 7.26094872711e-13 0)
(0.500103458473 0.067671455786 0)
(0.591134448696 0.0471816225138 0)
(0.582208505764 0.0273562741504 0)
(0.602946451076 0.0098460109591 0)
(0.597507346446 0.00296451871338 0)
(0.601187060285 0.000508283786819 0)
(0.599484182306 -0.000122400711702 0)
(0.600190664753 -0.000132222725465 0)
(0.599781122245 -9.06845327205e-05 0)
(0.599938215545 -3.29074000824e-05 0)
(0.599850489199 -1.4329775023e-05 0)
(0.599887720638 -2.45442897423e-06 0)
(0.59986940705 -8.1278878659e-07 0)
(0.599878077814 3.97335683972e-07 0)
(0.599874152364 1.08483149492e-07 0)
(0.599876095369 1.50510933207e-07 0)
(0.599875225523 2.36640136695e-08 0)
(0.599875650436 2.41423087749e-08 0)
(0.599875455068 -1.07235469998e-09 0)
(0.599875547644 2.38304830906e-09 0)
(0.59987550395 -1.34618616878e-09 0)
(0.599875524279 2.02226574291e-10 0)
(0.599875514595 -3.58092024345e-10 0)
(0.599875519094 5.03374927299e-11 0)
(0.59987551696 -6.62453522797e-11 0)
(0.599875517959 1.89994818734e-11 0)
(0.599875517488 -1.13275181478e-11 0)
(0.599875517709 5.27811378392e-12 0)
(0.599875517605 -1.7872122846e-12 0)
(0.599875517653 1.34739766117e-12 0)
(0.59987551763 -3.87168532135e-13 0)
(0.599875517641 7.54208363249e-13 0)
(0.599875517636 4.1627435856e-13 0)
(0.599875517639 -1.23912682907e-13 0)
(0.599875517638 -9.63303298941e-14 0)
(0.599875517639 -1.2036797591e-13 0)
(0.599875517639 1.68315498508e-13 0)
(0.599875517639 3.44419556011e-13 0)
(0.599875517639 4.91174408142e-13 0)
(0.599875517639 6.16149944038e-13 0)
(0.599875517639 3.80570857226e-13 0)
(0.497739842034 0.0569695743835 0)
(0.58943381541 0.0413995262119 0)
(0.584589977699 0.0244570860376 0)
(0.606820372522 0.00893146082363 0)
(0.60218555253 0.00273573006308 0)
(0.606015849435 0.00047456558082 0)
(0.604328916044 -0.000104759138702 0)
(0.605016245636 -0.000121123951103 0)
(0.60458970362 -8.26856435487e-05 0)
(0.604739888957 -3.06240466036e-05 0)
(0.604648563823 -1.31678023554e-05 0)
(0.604685123054 -2.36611674569e-06 0)
(0.604666469385 -7.43659921193e-07 0)
(0.604675211284 3.46680340245e-07 0)
(0.60467128398 1.03954833835e-07 0)
(0.604673263838 1.3578815111e-07 0)
(0.604672396318 2.32242664394e-08 0)
(0.604672828447 2.1767656776e-08 0)
(0.604672632462 -6.42203650356e-10 0)
(0.604672726022 2.08852744115e-09 0)
(0.60467268193 -1.16967914383e-09 0)
(0.604672702389 1.59053180817e-10 0)
(0.604672692596 -3.16192767736e-10 0)
(0.604672697121 3.97740670641e-11 0)
(0.604672694965 -5.84812565087e-11 0)
(0.604672695971 1.60669392515e-11 0)
(0.604672695496 -9.83101118521e-12 0)
(0.604672695719 4.64899873226e-12 0)
(0.604672695613 -1.44389651607e-12 0)
(0.604672695663 1.30915827432e-12 0)
(0.604672695639 -2.99737738933e-13 0)
(0.60467269565 7.38748891456e-13 0)
(0.604672695645 5.31957895626e-13 0)
(0.604672695648 -2.03676171041e-13 0)
(0.604672695647 1.66749003642e-13 0)
(0.604672695647 -1.9248453119e-13 0)
(0.604672695648 2.64110817458e-13 0)
(0.604672695648 3.02058276816e-13 0)
(0.604672695648 3.36950415512e-13 0)
(0.604672695648 4.43581089797e-13 0)
(0.604672695648 4.06816350503e-13 0)
(0.495625386434 0.0467120989589 0)
(0.587686898541 0.0351384901455 0)
(0.586152014008 0.0210789956837 0)
(0.6096582194 0.00779318817794 0)
(0.605731098961 0.00242037413458 0)
(0.609698076481 0.000424215146427 0)
(0.608028115007 -8.69310319522e-05 0)
(0.608698614244 -0.000106533383985 0)
(0.608257134782 -7.25061320864e-05 0)
(0.60840099882 -2.72900798498e-05 0)
(0.608306445037 -1.16242837675e-05 0)
(0.608342357861 -2.16636429838e-06 0)
(0.608323398503 -6.55147159556e-07 0)
(0.608332196739 2.92936191227e-07 0)
(0.608328269069 9.45676409323e-08 0)
(0.608330281017 1.18095886276e-07 0)
(0.608329416118 2.15163399412e-08 0)
(0.608329854577 1.89305401966e-08 0)
(0.608329658168 -3.28420691473e-10 0)
(0.608329752576 1.77521802981e-09 0)
(0.608329708153 -9.85460545834e-10 0)
(0.608329728719 1.21968372056e-10 0)
(0.608329718832 -2.70266032679e-10 0)
(0.608329723379 3.03637323792e-11 0)
(0.608329721204 -4.95626544643e-11 0)
(0.608329722216 1.27119983084e-11 0)
(0.608329721737 -8.36924951094e-12 0)
(0.608329721962 3.42352607141e-12 0)
(0.608329721856 -1.26609711904e-12 0)
(0.608329721905 1.27747684354e-12 0)
(0.608329721882 -3.66353538494e-13 0)
(0.608329721893 7.4028233896e-13 0)
(0.608329721888 5.71342932141e-13 0)
(0.608329721891 2.0415309533e-13 0)
(0.608329721889 2.23929226581e-13 0)
(0.60832972189 -1.14602490505e-13 0)
(0.608329721891 5.98430788916e-13 0)
(0.60832972189 4.66069161535e-13 0)
(0.60832972189 3.44985082647e-13 0)
(0.608329721891 4.23378873697e-13 0)
(0.608329721891 5.10693994653e-13 0)
(0.49383562916 0.0368548720616 0)
(0.586073531261 0.0285091274786 0)
(0.587141981365 0.0173124899701 0)
(0.611697971444 0.00646542398757 0)
(0.608366969515 0.0020300473935 0)
(0.612452044661 0.000358900620431 0)
(0.61079834541 -6.91614223297e-05 0)
(0.61145467573 -8.89453432174e-05 0)
(0.611000595088 -6.04207195746e-05 0)
(0.611138960875 -2.30265229355e-05 0)
(0.611041636929 -9.74057175976e-06 0)
(0.611076967094 -1.86580813031e-06 0)
(0.611057744727 -5.4860303033e-07 0)
(0.611066586397 2.36837797159e-07 0)
(0.61106265918 8.09592865276e-08 0)
(0.611064698035 9.77979617113e-08 0)
(0.611063835721 1.86767033855e-08 0)
(0.611064279521 1.5680545244e-08 0)
(0.611064082833 -1.21228026068e-10 0)
(0.611064177947 1.44382454518e-09 0)
(0.611064133255 -7.95710690872e-10 0)
(0.611064153908 9.05491539024e-11 0)
(0.611064143943 -2.20761691753e-10 0)
(0.611064148508 2.25955268209e-11 0)
(0.611064146316 -4.060073656e-11 0)
(0.611064147333 9.87981599835e-12 0)
(0.611064146852 -6.99209874656e-12 0)
(0.611064147078 2.68909951858e-12 0)
(0.611064146971 -1.02725945839e-12 0)
(0.611064147021 1.06171787264e-12 0)
(0.611064146998 -2.4491523428e-13 0)
(0.611064147009 5.08582100875e-13 0)
(0.611064147003 7.07040696823e-13 0)
(0.611064147006 2.8691256112e-13 0)
(0.611064147005 -1.13774444357e-13 0)
(0.611064147006 1.26226513942e-13 0)
(0.611064147006 2.05007421404e-13 0)
(0.611064147006 7.75123971537e-13 0)
(0.611064147006 6.62457410266e-13 0)
(0.611064147006 4.99009361803e-13 0)
(0.611064147006 2.9555950887e-13 0)
(0.492414884613 0.0273343885517 0)
(0.584716517672 0.0216050135945 0)
(0.587742956439 0.0132427621806 0)
(0.613117704638 0.00498438619247 0)
(0.610260267472 0.00157799346364 0)
(0.614441058866 0.000280898000835 0)
(0.612801486226 -5.15805533097e-05 0)
(0.613446560367 -6.89035941112e-05 0)
(0.61298244148 -4.67521816125e-05 0)
(0.613116326739 -1.79835262559e-05 0)
(0.613016766563 -7.56983749424e-06 0)
(0.613051609601 -1.47930293585e-06 0)
(0.613032174322 -4.26354014945e-07 0)
(0.613041048095 1.79007002832e-07 0)
(0.613037121672 6.38643937554e-08 0)
(0.613039181871 7.5327240315e-08 0)
(0.613038321842 1.48842679466e-08 0)
(0.613038769902 1.20822594316e-08 0)
(0.613038573036 -5.54606032915e-12 0)
(0.61303866871 1.0971586625e-09 0)
(0.613038623811 -6.00852214086e-10 0)
(0.61303864453 6.36025097613e-11 0)
(0.613038634504 -1.6858691669e-10 0)
(0.613038639081 1.5578542879e-11 0)
(0.613038636878 -3.11284187504e-11 0)
(0.613038637898 6.92536147021e-12 0)
(0.613038637415 -5.60194112149e-12 0)
(0.613038637642 1.87585603194e-12 0)
(0.613038637535 -1.09648165058e-12 0)
(0.613038637584 8.14140378886e-13 0)
(0.613038637561 -2.03612403616e-13 0)
(0.613038637572 1.91973569373e-13 0)
(0.613038637567 8.47366621965e-13 0)
(0.613038637569 4.36318420883e-13 0)
(0.613038637568 -2.4641922536e-13 0)
(0.613038637569 9.19141209377e-14 0)
(0.61303863757 7.38379977083e-13 0)
(0.613038637569 8.06605295818e-13 0)
(0.613038637569 8.54486848787e-13 0)
(0.613038637569 1.27475071929e-13 0)
(0.61303863757 1.35284490233e-13 0)
(0.491387938106 0.0180748057403 0)
(0.583697376388 0.0145063530007 0)
(0.588085842549 0.00895021622332 0)
(0.61404603855 0.0033875632089 0)
(0.611531875692 0.00107867131815 0)
(0.615783084152 0.000192964810398 0)
(0.614154392955 -3.42247219365e-05 0)
(0.614791305139 -4.69897348494e-05 0)
(0.61431988849 -3.18620641761e-05 0)
(0.614450463486 -1.23349005602e-05 0)
(0.614349261568 -5.17502028457e-06 0)
(0.614383738258 -1.02518666711e-06 0)
(0.614364146293 -2.91557360826e-07 0)
(0.614373042086 1.19968779289e-07 0)
(0.614369116454 4.40917283748e-08 0)
(0.61437119213 5.11747992135e-08 0)
(0.61437033388 1.03486827009e-08 0)
(0.614370785041 8.21122235654e-09 0)
(0.61437058807 3.79137167656e-11 0)
(0.614370684148 7.38205937902e-10 0)
(0.614370639101 -4.02892844831e-10 0)
(0.614370659868 4.04060122548e-11 0)
(0.614370649798 -1.13992051839e-10 0)
(0.614370654384 9.9547956231e-12 0)
(0.614370652171 -2.15032414879e-11 0)
(0.614370653195 4.18562797562e-12 0)
(0.61437065271 -3.92731744991e-12 0)
(0.614370652938 8.42487475116e-13 0)
(0.61437065283 -7.08154869333e-13 0)
(0.61437065288 3.02041995325e-13 0)
(0.614370652856 6.7449358659e-14 0)
(0.614370652868 1.63594334928e-13 0)
(0.614370652862 5.27079496656e-13 0)
(0.614370652865 2.24757742794e-13 0)
(0.614370652864 -4.97398420642e-14 0)
(0.614370652865 1.33379664459e-13 0)
(0.614370652865 4.84926205248e-13 0)
(0.614370652865 8.83309430831e-13 0)
(0.614370652865 1.03869188209e-12 0)
(0.614370652865 2.97230079147e-13 0)
(0.614370652865 7.85002190167e-14 0)
(0.49076778087 0.00899268117492 0)
(0.583067292301 0.00728348162405 0)
(0.588258192207 0.00451137550823 0)
(0.614569734197 0.00171321242699 0)
(0.61226345421 0.000547390944396 0)
(0.616557724032 9.82155749172e-05 0)
(0.614935877524 -1.70588451239e-05 0)
(0.615567844998 -2.38128603609e-05 0)
(0.615091998522 -1.6141193705e-05 0)
(0.615220543219 -6.2724281615e-06 0)
(0.615118338281 -2.62656308625e-06 0)
(0.615152587733 -5.24476997763e-07 0)
(0.61513289988 -1.48020664753e-07 0)
(0.615141808515 6.01700160828e-08 0)
(0.615137883445 2.25038935041e-08 0)
(0.615139968499 2.58766989528e-08 0)
(0.615139111376 5.30394144995e-09 0)
(0.615139564421 4.15330635386e-09 0)
(0.615139367397 3.099764685e-11 0)
(0.615139463718 3.70697812866e-10 0)
(0.615139418585 -2.0233884863e-10 0)
(0.615139439379 1.92850379932e-11 0)
(0.615139429283 -5.79993768144e-11 0)
(0.615139433874 4.70743504029e-12 0)
(0.615139431656 -1.10362974282e-11 0)
(0.615139432681 1.14313345968e-12 0)
(0.615139432195 -2.36476255681e-12 0)
(0.615139432423 2.62055575311e-13 0)
(0.615139432316 -7.40908219152e-13 0)
(0.615139432366 2.63533944893e-13 0)
(0.615139432342 6.82893689629e-15 0)
(0.615139432353 2.03820021214e-13 0)
(0.615139432348 6.72621159586e-13 0)
(0.61513943235 4.61183432991e-13 0)
(0.615139432349 -6.09906796571e-14 0)
(0.61513943235 3.14380419136e-13 0)
(0.615139432351 7.37606624354e-13 0)
(0.61513943235 9.11909080113e-13 0)
(0.61513943235 7.17045489052e-13 0)
(0.61513943235 1.46589115683e-13 0)
(0.615139432351 8.47251748621e-14 0)
(0.490560471059 -4.36434998084e-10 0)
(0.582854288871 1.81864546416e-11 0)
(0.588310196439 3.08585705582e-10 0)
(0.61473884884 -5.80837690768e-11 0)
(0.612502173228 -1.4372988404e-10 0)
(0.616810930526 4.98896044684e-11 0)
(0.615191418031 5.32780604145e-11 0)
(0.615821729463 -3.29854516363e-11 0)
(0.615344397832 -2.05315345029e-11 0)
(0.615472258374 1.18847863522e-11 0)
(0.615369716074 3.63215270693e-13 0)
(0.615403888534 -1.01410214871e-11 0)
(0.615384168401 -1.36760756715e-13 0)
(0.615393081254 4.27817741713e-12 0)
(0.615389156386 -5.86897167091e-13 0)
(0.615391244582 -1.7256352992e-12 0)
(0.615390387844 4.61959608639e-14 0)
(0.615390841521 -4.90005895094e-14 0)
(0.61539064448 -1.35754907493e-12 0)
(0.615390740884 -9.70313207612e-13 0)
(0.615390695721 -8.70255990357e-13 0)
(0.615390716524 -4.94015388956e-13 0)
(0.615390706419 -9.72974396798e-13 0)
(0.615390711013 -8.86891037496e-13 0)
(0.615390708792 -8.03181148875e-13 0)
(0.615390709818 -1.32420621697e-12 0)
(0.615390709332 -7.72267999137e-13 0)
(0.61539070956 -5.73466505292e-13 0)
(0.615390709453 -6.04026483367e-13 0)
(0.615390709502 -4.58953942294e-14 0)
(0.615390709479 2.75136822823e-13 0)
(0.61539070949 5.26414355656e-14 0)
(0.615390709484 2.43633825479e-13 0)
(0.615390709487 6.72917731503e-13 0)
(0.615390709486 -8.43759122477e-14 0)
(0.615390709487 2.93429033759e-13 0)
(0.615390709488 8.60801657771e-13 0)
(0.615390709487 5.57425701025e-13 0)
(0.615390709487 3.28184931518e-13 0)
(0.615390709487 3.26623739457e-13 0)
(0.615390709487 1.16220491895e-13 0)
(0.490767780973 -0.00899268204418 0)
(0.583067292449 -0.00728348156614 0)
(0.588258192192 -0.00451137491142 0)
(0.61456973412 -0.00171321254707 0)
(0.612263454228 -0.000547391221468 0)
(0.616557724066 -9.82154761696e-05 0)
(0.61493587751 1.70589470584e-05 0)
(0.615567844986 2.38127959577e-05 0)
(0.615091998529 1.61411546517e-05 0)
(0.615220543223 6.2724508955e-06 0)
(0.615118338277 2.6265626936e-06 0)
(0.615152587733 5.24457859466e-07 0)
(0.615132899882 1.48020349381e-07 0)
(0.615141808515 -6.01618672052e-08 0)
(0.615137883444 -2.25047269924e-08 0)
(0.615139968499 -2.58800707325e-08 0)
(0.615139111376 -5.30374677101e-09 0)
(0.615139564421 -4.15322882734e-09 0)
(0.615139367396 -3.35948314372e-11 0)
(0.615139463719 -3.73046642473e-10 0)
(0.615139418585 2.0086989663e-10 0)
(0.615139439379 -2.00077258596e-11 0)
(0.615139429283 5.59947102516e-11 0)
(0.615139433874 -5.74129649113e-12 0)
(0.615139431656 8.94454763454e-12 0)
(0.615139432681 -4.11301261755e-12 0)
(0.615139432195 1.06171236023e-12 0)
(0.615139432423 -1.35820524414e-12 0)
(0.615139432316 -2.27830033461e-13 0)
(0.615139432366 -2.6880146401e-13 0)
(0.615139432342 4.15753749118e-14 0)
(0.615139432353 -1.02051673726e-13 0)
(0.615139432348 2.80925477597e-13 0)
(0.61513943235 4.76828721978e-13 0)
(0.615139432349 2.87064183593e-13 0)
(0.615139432351 2.50862996488e-13 0)
(0.615139432351 9.79410413238e-13 0)
(0.61513943235 6.29067932333e-13 0)
(0.61513943235 3.61025583678e-13 0)
(0.61513943235 1.5435878766e-13 0)
(0.615139432351 4.72830232614e-14 0)
(0.491387938314 -0.0180748065978 0)
(0.583697376679 -0.0145063528805 0)
(0.588085842514 -0.00895021568698 0)
(0.614046038401 -0.00338756333868 0)
(0.611531875729 -0.00107867156444 0)
(0.615783084217 -0.000192964713924 0)
(0.614154392927 3.42248101718e-05 0)
(0.614791305115 4.69896743916e-05 0)
(0.614319888504 3.18620306307e-05 0)
(0.614450463493 1.23349202694e-05 0)
(0.614349261561 5.17501811785e-06 0)
(0.614383738258 1.025169146e-06 0)
(0.614364146298 2.91557271542e-07 0)
(0.614373042086 -1.19961995141e-07 0)
(0.614369116452 -4.4092532213e-08 0)
(0.61437119213 -5.11775843227e-08 0)
(0.61437033388 -1.03487105873e-08 0)
(0.61437078504 -8.21174702786e-09 0)
(0.61437058807 -4.0048818233e-11 0)
(0.614370684148 -7.40553029405e-10 0)
(0.614370639102 4.01177148787e-10 0)
(0.614370659868 -4.11849759865e-11 0)
(0.614370649798 1.12097058317e-10 0)
(0.614370654385 -1.14609800409e-11 0)
(0.614370652171 1.9369026339e-11 0)
(0.614370653195 -6.79302838595e-12 0)
(0.61437065271 2.61371818865e-12 0)
(0.614370652938 -2.46701346683e-12 0)
(0.614370652831 -1.46912405532e-13 0)
(0.61437065288 -8.03860922822e-13 0)
(0.614370652857 1.33169424338e-13 0)
(0.614370652868 -5.90314096367e-14 0)
(0.614370652862 8.90601780436e-14 0)
(0.614370652865 2.49243673706e-13 0)
(0.614370652864 2.35931215807e-13 0)
(0.614370652865 4.73025678565e-13 0)
(0.614370652865 6.98446155335e-13 0)
(0.614370652865 5.98564401118e-13 0)
(0.614370652865 2.78181258346e-13 0)
(0.614370652865 5.06987537102e-13 0)
(0.614370652865 -7.59428674478e-14 0)
(0.49241488493 -0.0273343893873 0)
(0.584716518098 -0.0216050133774 0)
(0.587742956376 -0.0132427617412 0)
(0.613117704428 -0.00498438633784 0)
(0.61026026753 -0.00157799366149 0)
(0.614441058957 -0.000280897908332 0)
(0.612801486186 5.15806200434e-05 0)
(0.613446560333 6.89035405543e-05 0)
(0.612982441501 4.67521567934e-05 0)
(0.613116326748 1.79835412166e-05 0)
(0.613016766553 7.56983267685e-06 0)
(0.613051609602 1.47928835012e-06 0)
(0.613032174329 4.26354703439e-07 0)
(0.613041048095 -1.79002114792e-07 0)
(0.613037121669 -6.38652004405e-08 0)
(0.613039181871 -7.53290279002e-08 0)
(0.613038321843 -1.48846290562e-08 0)
(0.613038769901 -1.20830675598e-08 0)
(0.613038573036 2.88493361156e-12 0)
(0.61303866871 -1.09913267908e-09 0)
(0.613038623811 5.9923157171e-10 0)
(0.61303864453 -6.44901652316e-11 0)
(0.613038634504 1.66227553699e-10 0)
(0.613038639082 -1.7180662935e-11 0)
(0.613038636877 2.92868237635e-11 0)
(0.613038637898 -9.12299084136e-12 0)
(0.613038637415 4.06176251883e-12 0)
(0.613038637642 -2.7790664158e-12 0)
(0.613038637535 1.06121803669e-13 0)
(0.613038637585 -1.09976195265e-12 0)
(0.613038637561 -8.61655169889e-15 0)
(0.613038637572 -1.91083773104e-14 0)
(0.613038637567 1.81877764935e-13 0)
(0.613038637569 2.65651366032e-13 0)
(0.613038637568 1.14149636169e-13 0)
(0.61303863757 5.19519236345e-13 0)
(0.61303863757 5.34917718483e-13 0)
(0.613038637569 7.85947274044e-13 0)
(0.613038637569 4.32451389995e-13 0)
(0.613038637569 2.18558859478e-13 0)
(0.61303863757 1.26328346724e-13 0)
(0.493835629595 -0.0368548728627 0)
(0.58607353181 -0.0285091271397 0)
(0.587141981263 -0.0173124896585 0)
(0.611697971187 -0.00646542415073 0)
(0.608366969593 -0.00203004752737 0)
(0.612452044771 -0.000358900534508 0)
(0.610798345358 6.91614614743e-05 0)
(0.61145467569 8.89452991477e-05 0)
(0.611000595114 6.04207060722e-05 0)
(0.611138960885 2.30265314509e-05 0)
(0.611041636917 9.74056318676e-06 0)
(0.611076967095 1.86579755088e-06 0)
(0.611057744735 5.48604263192e-07 0)
(0.611066586397 -2.36835023809e-07 0)
(0.611062659177 -8.09596135258e-08 0)
(0.611064698035 -9.7798601729e-08 0)
(0.611063835722 -1.86771793494e-08 0)
(0.61106427952 -1.56819945182e-08 0)
(0.611064082832 1.18907020301e-10 0)
(0.611064177947 -1.44547872248e-09 0)
(0.611064133256 7.93666717744e-10 0)
(0.611064153908 -9.17285889554e-11 0)
(0.611064143943 2.18746907715e-10 0)
(0.611064148508 -2.42776763807e-11 0)
(0.611064146316 3.91809209166e-11 0)
(0.611064147333 -1.16590861604e-11 0)
(0.611064146852 5.45919102892e-12 0)
(0.611064147078 -3.61774610511e-12 0)
(0.611064146972 5.31083564581e-13 0)
(0.611064147021 -1.10252301987e-12 0)
(0.611064146998 2.15376554354e-13 0)
(0.611064147009 5.44959485395e-14 0)
(0.611064147003 2.9311982953e-13 0)
(0.611064147006 1.6914620124e-13 0)
(0.611064147005 2.56121090032e-13 0)
(0.611064147006 6.06467934674e-13 0)
(0.611064147006 2.59198088639e-13 0)
(0.611064147006 4.96582804535e-13 0)
(0.611064147006 2.06369218696e-13 0)
(0.611064147006 1.77004245146e-13 0)
(0.611064147006 -1.22755697878e-14 0)
(0.495625386991 -0.0467120997093 0)
(0.587686899197 -0.0351384896738 0)
(0.586152013854 -0.0210789955235 0)
(0.609658219115 -0.00779318835743 0)
(0.605731099061 -0.00242037419353 0)
(0.609698076602 -0.000424215070653 0)
(0.608028114945 8.69310389604e-05 0)
(0.608698614201 0.000106533352015 0)
(0.608257134811 7.25061312122e-05 0)
(0.60840099883 2.72900805658e-05 0)
(0.608306445024 1.16242721861e-05 0)
(0.608342357863 2.16635818369e-06 0)
(0.608323398512 6.55149164982e-07 0)
(0.608332196739 -2.92935886258e-07 0)
(0.608328269066 -9.45679208857e-08 0)
(0.608330281017 -1.1809554765e-07 0)
(0.608329416118 -2.15165354769e-08 0)
(0.608329854575 -1.8932493549e-08 0)
(0.608329658168 3.2628594937e-10 0)
(0.608329752576 -1.7767980297e-09 0)
(0.608329708153 9.83659527782e-10 0)
(0.608329728719 -1.23561222144e-10 0)
(0.608329718832 2.68015745568e-10 0)
(0.60832972338 -3.23143391125e-11 0)
(0.608329721203 4.83064655812e-11 0)
(0.608329722216 -1.39885660176e-11 0)
(0.608329721738 7.44125197767e-12 0)
(0.608329721962 -4.34013746775e-12 0)
(0.608329721857 8.08847635608e-13 0)
(0.608329721906 -1.44441607293e-12 0)
(0.608329721882 -1.70608739658e-13 0)
(0.608329721893 1.22277792308e-13 0)
(0.608329721888 1.63351970237e-13 0)
(0.60832972189 -2.37724365995e-14 0)
(0.608329721889 3.51048683626e-13 0)
(0.608329721891 1.11083866728e-12 0)
(0.608329721891 5.41470399436e-14 0)
(0.60832972189 2.49156373472e-13 0)
(0.60832972189 4.72972587003e-13 0)
(0.60832972189 1.24954954845e-13 0)
(0.608329721891 6.30072043092e-14 0)
(0.49773984272 -0.0569695750638 0)
(0.589433816152 -0.0413995256084 0)
(0.584589977479 -0.0244570860438 0)
(0.606820372229 -0.00893146101438 0)
(0.602185552652 -0.0027357300412 0)
(0.606015849557 -0.000474565518472 0)
(0.604328915973 0.000104759112536 0)
(0.605016245594 0.000121123932699 0)
(0.604589703652 8.26856545319e-05 0)
(0.604739888965 3.06240387162e-05 0)
(0.604648563811 1.31677876221e-05 0)
(0.604685123057 2.36611592804e-06 0)
(0.604666469394 7.43662640897e-07 0)
(0.604675211283 -3.46682158374e-07 0)
(0.604671283977 -1.03955337961e-07 0)
(0.604673263838 -1.35787288236e-07 0)
(0.604672396318 -2.32250859418e-08 0)
(0.604672828445 -2.17698686258e-08 0)
(0.604672632462 6.40226926477e-10 0)
(0.604672726022 -2.09031597559e-09 0)
(0.60467268193 1.1674910032e-09 0)
(0.604672702389 -1.60842115275e-10 0)
(0.604672692595 3.14191000829e-10 0)
(0.604672697121 -4.16092908928e-11 0)
(0.604672694965 5.74452064428e-11 0)
(0.604672695971 -1.67250138194e-11 0)
(0.604672695496 9.2213274491e-12 0)
(0.604672695719 -4.89259778228e-12 0)
(0.604672695614 1.08711367779e-12 0)
(0.604672695663 -1.5770410133e-12 0)
(0.60467269564 2.76028820556e-14 0)
(0.604672695651 2.96635362229e-13 0)
(0.604672695645 7.88095404549e-14 0)
(0.604672695648 -4.48695169831e-14 0)
(0.604672695647 2.59743928752e-13 0)
(0.604672695648 4.14189457547e-13 0)
(0.604672695648 -1.18979699217e-13 0)
(0.604672695647 2.88922125976e-14 0)
(0.604672695647 3.3211024404e-13 0)
(0.604672695647 1.68276989085e-13 0)
(0.604672695648 4.05966063992e-13 0)
(0.500103459289 -0.067671456374 0)
(0.591134449502 -0.0471816217955 0)
(0.582208505466 -0.0273562743279 0)
(0.602946450797 -0.00984601115205 0)
(0.59750734659 -0.00296451861059 0)
(0.601187060399 -0.000508283742885 0)
(0.599484182229 0.000122400654155 0)
(0.600190664716 0.000132222722577 0)
(0.599781122277 9.06845544983e-05 0)
(0.599938215551 3.2907384186e-05 0)
(0.599850489188 1.43297583901e-05 0)
(0.599887720644 2.45443290488e-06 0)
(0.599869407059 8.12791853976e-07 0)
(0.599878077814 -3.9733872493e-07 0)
(0.599874152361 -1.08482831312e-07 0)
(0.59987609537 -1.50508875485e-07 0)
(0.599875225523 -2.3664994171e-08 0)
(0.599875650435 -2.41445853323e-08 0)
(0.599875455068 1.07062753115e-09 0)
(0.599875547644 -2.38483205336e-09 0)
(0.599875503951 1.34382111101e-09 0)
(0.599875524279 -2.04440113296e-10 0)
(0.599875514595 3.55939914405e-10 0)
(0.599875519095 -5.2048278231e-11 0)
(0.59987551696 6.54452950084e-11 0)
(0.599875517959 -1.9511005087e-11 0)
(0.599875517489 1.05527646277e-11 0)
(0.59987551771 -5.65859514978e-12 0)
(0.599875517605 1.28219315567e-12 0)
(0.599875517654 -1.55025292351e-12 0)
(0.599875517631 1.21916761499e-15 0)
(0.599875517642 3.56143397224e-13 0)
(0.599875517636 3.08942382832e-13 0)
(0.599875517639 -2.38662174889e-13 0)
(0.599875517638 5.56343017928e-13 0)
(0.599875517639 1.14558979975e-12 0)
(0.599875517639 -2.64676077213e-13 0)
(0.599875517639 -1.32272822909e-13 0)
(0.599875517638 1.461922379e-13 0)
(0.599875517638 4.12402509535e-13 0)
(0.599875517639 5.66921408849e-13 0)
(0.502592180989 -0.0788323269227 0)
(0.592529974723 -0.052353462152 0)
(0.578679941421 -0.0296809246345 0)
(0.597724723198 -0.0105055992432 0)
(0.591404746751 -0.00309730547894 0)
(0.594925497933 -0.000524434662918 0)
(0.59320973987 0.000139477966715 0)
(0.593937243795 0.000139398463185 0)
(0.593546443842 9.62852155583e-05 0)
(0.593710753358 3.40534529677e-05 0)
(0.593626897387 1.50824363678e-05 0)
(0.593664783074 2.42553890628e-06 0)
(0.593646835366 8.6225496548e-07 0)
(0.59365541795 -4.44048544601e-07 0)
(0.593651496761 -1.07632460834e-07 0)
(0.5936533986 -1.61977675966e-07 0)
(0.593652527121 -2.27437541864e-08 0)
(0.593652944036 -2.60229979349e-08 0)
(0.593652749539 1.62098026948e-09 0)
(0.593652841002 -2.66012435608e-09 0)
(0.593652797777 1.51111325833e-09 0)
(0.593652817949 -2.54934465373e-10 0)
(0.593652808391 3.93398311785e-10 0)
(0.593652812858 -6.44355716564e-11 0)
(0.59365281075 7.28624553654e-11 0)
(0.593652811739 -2.24567147627e-11 0)
(0.593652811274 1.19488290311e-11 0)
(0.593652811493 -6.68482989008e-12 0)
(0.593652811389 1.62617291318e-12 0)
(0.593652811437 -1.72448054884e-12 0)
(0.593652811415 4.44751068125e-13 0)
(0.593652811425 -5.21599785632e-14 0)
(0.59365281142 2.51092027468e-13 0)
(0.593652811422 -1.89575780983e-13 0)
(0.593652811421 2.0929596777e-13 0)
(0.593652811422 5.50291399885e-13 0)
(0.593652811422 -1.41560743246e-13 0)
(0.593652811422 8.46398537558e-14 0)
(0.593652811422 1.8852185358e-13 0)
(0.593652811422 2.92723358389e-13 0)
(0.593652811422 4.65582058494e-13 0)
(0.50500810188 -0.0904223737569 0)
(0.593252428644 -0.0567595940116 0)
(0.573575727491 -0.0313313762898 0)
(0.590751730737 -0.0108833417415 0)
(0.583500460846 -0.00312742883952 0)
(0.586860117917 -0.000522934255378 0)
(0.58513686466 0.000155467549695 0)
(0.585886648168 0.000142299572665 0)
(0.5855159745 9.93359016346e-05 0)
(0.58568748639 3.40149582549e-05 0)
(0.585607667426 1.5413122951e-05 0)
(0.585646139881 2.2790889423e-06 0)
(0.585628575767 8.92875758907e-07 0)
(0.58563705048 -4.85822989519e-07 0)
(0.585633137266 -1.0103661672e-07 0)
(0.585634994034 -1.6999723075e-07 0)
(0.585634122106 -2.0424058713e-08 0)
(0.585634530337 -2.73868123051e-08 0)
(0.58563433704 2.28851718731e-09 0)
(0.585634427257 -2.9156155195e-09 0)
(0.585634384577 1.66721038576e-09 0)
(0.585634404564 -3.12268854593e-10 0)
(0.585634395148 4.26293550908e-10 0)
(0.585634399576 -7.84596599666e-11 0)
(0.585634397497 7.95955089305e-11 0)
(0.585634398476 -2.58097334782e-11 0)
(0.585634398016 1.32659405415e-11 0)
(0.585634398232 -7.17759518782e-12 0)
(0.58563439813 2.00023561211e-12 0)
(0.585634398177 -2.04165706389e-12 0)
(0.585634398155 3.80296807309e-13 0)
(0.585634398165 -3.8907257182e-13 0)
(0.58563439816 1.32375430477e-13 0)
(0.585634398162 -1.51679317425e-13 0)
(0.585634398161 1.30115394837e-13 0)
(0.585634398162 1.9450210148e-13 0)
(0.585634398162 -6.9438687156e-13 0)
(0.585634398162 -1.74775458397e-13 0)
(0.585634398162 4.9677225949e-13 0)
(0.585634398162 6.8323910552e-13 0)
(0.585634398162 4.2813724545e-13 0)
(0.507042510484 -0.102346112831 0)
(0.592783717218 -0.0602176645088 0)
(0.566340321803 -0.0322065127907 0)
(0.581509247279 -0.0109585048006 0)
(0.57330994265 -0.00305171302119 0)
(0.576513097949 -0.00050464988294 0)
(0.574790312709 0.00016969414354 0)
(0.575562804439 0.000140675175313 0)
(0.575213250242 9.97591710286e-05 0)
(0.575391580415 3.27888478697e-05 0)
(0.57531585893 1.53251806281e-05 0)
(0.575354795212 2.02062620493e-06 0)
(0.575337626012 9.0653473736e-07 0)
(0.57534596989 -5.21544811572e-07 0)
(0.575342070224 -8.85171799187e-08 0)
(0.575343878338 -1.744653324e-07 0)
(0.57534300775 -1.67306404415e-08 0)
(0.57534340667 -2.82366032176e-08 0)
(0.575343215 3.06128206228e-09 0)
(0.575343303829 -3.15331048145e-09 0)
(0.575343261782 1.81039078932e-09 0)
(0.575343281548 -3.76612826615e-10 0)
(0.575343272293 4.53703843837e-10 0)
(0.575343276672 -9.34787459066e-11 0)
(0.575343274626 8.55841695121e-11 0)
(0.575343275593 -2.89870921105e-11 0)
(0.575343275139 1.49573048805e-11 0)
(0.575343275352 -8.21264050816e-12 0)
(0.575343275251 2.43384165578e-12 0)
(0.575343275298 -2.12588991398e-12 0)
(0.575343275276 7.41734422276e-13 0)
(0.575343275286 -5.58795223971e-13 0)
(0.575343275281 3.07645036238e-13 0)
(0.575343275283 -9.08693734644e-14 0)
(0.575343275283 -2.27226224401e-13 0)
(0.575343275283 -1.56808532248e-13 0)
(0.575343275283 -6.2168025585e-13 0)
(0.575343275283 -9.36964754788e-14 0)
(0.575343275283 4.48867614247e-13 0)
(0.575343275283 3.48621733644e-13 0)
(0.575343275283 -1.32344704696e-13 0)
(0.508222046632 -0.114412203031 0)
(0.590400234939 -0.062517077855 0)
(0.556258688431 -0.0322084274377 0)
(0.5693349731 -0.0107187787463 0)
(0.560213582837 -0.00287128377221 0)
(0.56327156577 -0.000471465838847 0)
(0.561560022845 0.000181334832902 0)
(0.56235450877 0.000134402562337 0)
(0.562026661167 9.75596992067e-05 0)
(0.562210998626 3.04211513809e-05 0)
(0.562139335481 1.48384755679e-05 0)
(0.562178550135 1.66196681545e-06 0)
(0.562161784185 9.06003115517e-07 0)
(0.562169970038 -5.49960589839e-07 0)
(0.562166092218 -7.01394084064e-08 0)
(0.562167848191 -1.75369572009e-07 0)
(0.56216698151 -1.17579972613e-08 0)
(0.562167370494 -2.85859454433e-08 0)
(0.562167181005 3.91890476501e-09 0)
(0.562167268279 -3.37220431724e-09 0)
(0.56216722697 1.93737576217e-09 0)
(0.562167246471 -4.46832279432e-10 0)
(0.562167237395 4.76143306638e-10 0)
(0.562167241716 -1.09816131989e-10 0)
(0.562167239706 9.06849795142e-11 0)
(0.562167240658 -3.21326909694e-11 0)
(0.562167240212 1.62231026834e-11 0)
(0.562167240422 -8.56309704555e-12 0)
(0.562167240323 2.76818098529e-12 0)
(0.562167240369 -2.34927982538e-12 0)
(0.562167240347 8.39737156128e-13 0)
(0.562167240357 -7.14504576678e-13 0)
(0.562167240351 3.27782938652e-13 0)
(0.562167240354 -1.55096065045e-13 0)
(0.562167240353 9.66291585233e-14 0)
(0.562167240354 -1.73902557906e-14 0)
(0.562167240354 -5.42057191221e-13 0)
(0.562167240354 -1.23139717243e-13 0)
(0.562167240354 4.78446165848e-13 0)
(0.562167240354 3.71119437505e-13 0)
(0.562167240354 -2.39268285886e-13 0)
(0.507830241596 -0.12629068641 0)
(0.585098433807 -0.0634203257108 0)
(0.542416369025 -0.0312501471777 0)
(0.553385431182 -0.0101630504568 0)
(0.543421216016 -0.00259247367101 0)
(0.546351311217 -0.000426286863971 0)
(0.544664813998 0.000189436278615 0)
(0.545478983113 0.000123524199622 0)
(0.545173036764 9.28310092407e-05 0)
(0.545362071298 2.70120983041e-05 0)
(0.5452943458 1.39890294801e-05 0)
(0.545333581439 1.22153647296e-06 0)
(0.545317230089 8.94619490465e-07 0)
(0.545325224881 -5.6966655875e-07 0)
(0.545321381264 -4.62865516125e-08 0)
(0.5453230813 -1.72780664378e-07 0)
(0.545322222124 -5.68561638783e-09 0)
(0.545322600439 -2.84599703537e-08 0)
(0.545322413864 4.83033261083e-09 0)
(0.545322499365 -3.57250102459e-09 0)
(0.545322458925 2.04531718306e-09 0)
(0.5453224781 -5.21527913518e-10 0)
(0.545322469229 4.92851923828e-10 0)
(0.545322473477 -1.26652547522e-10 0)
(0.54532247151 9.51312699533e-11 0)
(0.545322472444 -3.52847166432e-11 0)
(0.545322472007 1.76938443245e-11 0)
(0.545322472212 -9.40525435027e-12 0)
(0.545322472115 3.21734083606e-12 0)
(0.54532247216 -2.45854837944e-12 0)
(0.545322472139 8.20210420641e-13 0)
(0.545322472149 -8.23422468164e-13 0)
(0.545322472143 4.69995510452e-13 0)
(0.545322472146 2.0068515932e-13 0)
(0.545322472145 3.54433051428e-13 0)
(0.545322472146 -1.50232119733e-13 0)
(0.545322472146 -7.18517201046e-13 0)
(0.545322472146 -2.63227763343e-13 0)
(0.545322472146 2.9710086238e-13 0)
(0.545322472146 1.90411113743e-13 0)
(0.545322472146 -2.85353736449e-13 0)
(0.504792971847 -0.137450953223 0)
(0.575495188356 -0.0626693590897 0)
(0.523651237262 -0.0292679283132 0)
(0.532589119165 -0.00930465830464 0)
(0.521926940965 -0.00222779055904 0)
(0.524750303117 -0.000372940129455 0)
(0.523105927339 0.000192949645854 0)
(0.523935205576 0.000108298990305 0)
(0.523651028278 8.57605763958e-05 0)
(0.52384285123 2.27220181719e-05 0)
(0.523778896796 1.28276152594e-05 0)
(0.523817810069 7.24741271727e-07 0)
(0.523801897621 8.75726566912e-07 0)
(0.523809659664 -5.79064734398e-07 0)
(0.523805868759 -1.77725128016e-08 0)
(0.523807508021 -1.66830923752e-07 0)
(0.523806661387 1.20639035186e-09 0)
(0.523807028007 -2.78862462299e-08 0)
(0.523806845339 5.74846917419e-09 0)
(0.523806928753 -3.74830044015e-09 0)
(0.523806889359 2.12855888075e-09 0)
(0.523806908123 -5.97966486082e-10 0)
(0.523806899492 5.0328273754e-10 0)
(0.523806903647 -1.43577850161e-10 0)
(0.523806901731 9.82641227814e-11 0)
(0.523806902643 -3.83367750115e-11 0)
(0.523806902216 1.91150667016e-11 0)
(0.523806902416 -9.72218330755e-12 0)
(0.523806902321 3.70239747903e-12 0)
(0.523806902365 -2.62546878263e-12 0)
(0.523806902344 1.39229341526e-12 0)
(0.523806902354 -6.89987752318e-13 0)
(0.523806902349 6.35418276883e-13 0)
(0.523806902351 2.51212884744e-13 0)
(0.523806902351 5.10071378098e-13 0)
(0.523806902351 2.13502919022e-14 0)
(0.523806902351 -6.20895522213e-13 0)
(0.523806902352 -6.63537490382e-13 0)
(0.523806902351 1.42434284115e-13 0)
(0.523806902351 -1.8269970943e-14 0)
(0.523806902351 -3.92899428577e-13 0)
(0.497510419885 -0.147070535719 0)
(0.559694654343 -0.060001504041 0)
(0.498496402743 -0.0262399929185 0)
(0.505587453114 -0.00817504205268 0)
(0.49445171304 -0.00179687104729 0)
(0.497189205309 -0.000315931483594 0)
(0.495607663328 0.00019079300026 0)
(0.496444228556 8.92717097468e-05 0)
(0.496181518416 7.66333909384e-05 0)
(0.496373478329 1.77781839262e-05 0)
(0.496313145628 1.14171224076e-05 0)
(0.496351284804 2.04345413585e-07 0)
(0.496335864545 8.51840866981e-07 0)
(0.496343338651 -5.76287874559e-07 0)
(0.496339628406 1.40050382972e-08 0)
(0.496341199781 -1.57675788234e-07 0)
(0.496340372807 8.51281116094e-09 0)
(0.496340726103 -2.68839839515e-08 0)
(0.496340548726 6.61005295634e-09 0)
(0.496340629577 -3.89041079945e-09 0)
(0.496340591482 2.18010522335e-09 0)
(0.496340609709 -6.71176838382e-10 0)
(0.496340601368 5.06501632903e-10 0)
(0.496340605401 -1.59382979447e-10 0)
(0.496340603547 1.00814916499e-10 0)
(0.496340604431 -4.0811484828e-11 0)
(0.496340604017 1.99456231474e-11 0)
(0.496340604211 -1.0094385565e-11 0)
(0.496340604119 4.07436916192e-12 0)
(0.496340604162 -2.62295932912e-12 0)
(0.496340604141 1.22848583893e-12 0)
(0.496340604151 -5.95881165397e-13 0)
(0.496340604146 7.74006628757e-13 0)
(0.496340604148 -1.06858300914e-13 0)
(0.496340604147 4.3635214638e-13 0)
(0.496340604148 -2.67478271073e-13 0)
(0.496340604148 -4.56543818352e-13 0)
(0.496340604148 -3.63435758476e-13 0)
(0.496340604148 3.47489467497e-15 0)
(0.496340604148 -1.98880277576e-14 0)
(0.496340604148 -4.05563178094e-13 0)
(0.4836092313 -0.153915841706 0)
(0.535110872649 -0.055179815179 0)
(0.465114572647 -0.0222120861419 0)
(0.470660289548 -0.00682719562634 0)
(0.459370490582 -0.00132721973409 0)
(0.462035273441 -0.000260008396648 0)
(0.460541605198 0.000181945186461 0)
(0.461372916806 6.73581173584e-05 0)
(0.461131519285 6.58317649609e-05 0)
(0.461320002531 1.2481656493e-05 0)
(0.46126326625 9.82831404511e-06 0)
(0.461300034113 -2.99223243127e-07 0)
(0.461285213874 8.23528906041e-07 0)
(0.461292323001 -5.59098802251e-07 0)
(0.461288736056 4.68673796107e-08 0)
(0.461290228025 -1.45440591468e-07 0)
(0.461289430954 1.56721828111e-08 0)
(0.46128976819 -2.54457608965e-08 0)
(0.461289598101 7.32654007149e-09 0)
(0.461289675632 -3.97632384371e-09 0)
(0.461289639212 2.18719402235e-09 0)
(0.461289656714 -7.34170377347e-10 0)
(0.46128964874 5.00316280197e-10 0)
(0.461289652609 -1.72209212151e-10 0)
(0.461289650834 1.01546266537e-10 0)
(0.461289651681 -4.28338344582e-11 0)
(0.461289651284 2.06214011241e-11 0)
(0.46128965147 -1.01655089771e-11 0)
(0.461289651381 4.05152029815e-12 0)
(0.461289651423 -2.95003063783e-12 0)
(0.461289651403 1.39519465633e-12 0)
(0.461289651412 -5.01507288363e-13 0)
(0.461289651407 7.51989215901e-13 0)
(0.461289651409 1.75735993354e-13 0)
(0.461289651409 4.64861273373e-13 0)
(0.461289651409 -2.91445927475e-13 0)
(0.461289651409 -5.65205922593e-13 0)
(0.46128965141 -6.67145251362e-13 0)
(0.46128965141 -6.76291386835e-14 0)
(0.461289651409 -8.95200957808e-14 0)
(0.46128965141 -5.96610530554e-13 0)
(0.459578278773 -0.156228372265 0)
(0.498235703455 -0.0480338638396 0)
(0.421225242171 -0.0173288358919 0)
(0.425631435119 -0.00533678128808 0)
(0.414619801311 -0.000854590976422 0)
(0.417204950309 -0.000209349434664 0)
(0.415829958663 0.000165497707886 0)
(0.416636541628 4.39573710036e-05 0)
(0.416417041901 5.38112426883e-05 0)
(0.416597128582 7.21725884036e-06 0)
(0.416544263909 8.13028785786e-06 0)
(0.416578855559 -7.36511985451e-07 0)
(0.416564838042 7.87396655597e-07 0)
(0.416571468984 -5.24432537826e-07 0)
(0.416568071008 7.75087363649e-08 0)
(0.416569464154 -1.30075434515e-07 0)
(0.416568712045 2.19070711461e-08 0)
(0.416569028551 -2.35031373322e-08 0)
(0.416568868719 7.77304436075e-09 0)
(0.416568941713 -3.96798574467e-09 0)
(0.416568907548 2.13298959297e-09 0)
(0.416568924031 -7.7493618234e-10 0)
(0.416568916547 4.81379663835e-10 0)
(0.416568920187 -1.79197317867e-10 0)
(0.416568918519 9.9157123684e-11 0)
(0.416568919315 -4.33173800176e-11 0)
(0.416568918942 2.05270338111e-11 0)
(0.416568919116 -9.91794563088e-12 0)
(0.416568919033 4.42924206864e-12 0)
(0.416568919072 -2.69984902784e-12 0)
(0.416568919054 1.46831066084e-12 0)
(0.416568919062 -3.79951293371e-13 0)
(0.416568919058 8.37734413614e-13 0)
(0.416568919059 1.21589328975e-13 0)
(0.416568919059 2.8660367812e-13 0)
(0.416568919059 -3.77243321879e-13 0)
(0.41656891906 -4.55783902833e-13 0)
(0.41656891906 -3.52451343609e-13 0)
(0.41656891906 -2.19579599044e-13 0)
(0.416568919059 2.08575887276e-14 0)
(0.41656891906 -7.57224492041e-13 0)
(0.42024036744 -0.151568550176 0)
(0.444346484767 -0.0385079463064 0)
(0.364026238675 -0.0118880260081 0)
(0.367747655701 -0.00379821979727 0)
(0.357580303533 -0.000423919114635 0)
(0.360039120234 -0.000165742867938 0)
(0.358822299929 0.000140462923433 0)
(0.359574404711 2.122052309e-05 0)
(0.35937917413 4.10082198265e-05 0)
(0.359544091932 2.49333185489e-06 0)
(0.35949595965 6.36492018805e-06 0)
(0.359527257196 -1.04129064499e-06 0)
(0.359514404505 7.30599480873e-07 0)
(0.359520383837 -4.6647654387e-07 0)
(0.359517276816 1.00413885183e-07 0)
(0.359518538045 -1.10874808234e-07 0)
(0.359517853518 2.60060320318e-08 0)
(0.359518141352 -2.08140923102e-08 0)
(0.35951799631 7.74122838438e-09 0)
(0.359518062792 -3.7842162188e-09 0)
(0.359518031799 1.98079458444e-09 0)
(0.359518046802 -7.73078434725e-10 0)
(0.359518040005 4.42406965646e-10 0)
(0.359518043314 -1.76849998507e-10 0)
(0.359518041797 9.29308096973e-11 0)
(0.359518042521 -4.14988849401e-11 0)
(0.359518042181 1.9524346449e-11 0)
(0.35951804234 -9.47515934472e-12 0)
(0.359518042264 4.33343499511e-12 0)
(0.3595180423 -2.27025534647e-12 0)
(0.359518042283 1.25658704754e-12 0)
(0.359518042291 -4.93478072883e-13 0)
(0.359518042286 7.86506959295e-13 0)
(0.359518042288 7.68211480753e-14 0)
(0.359518042287 1.8217070283e-13 0)
(0.359518042288 -4.67601255134e-13 0)
(0.359518042288 -3.94728828115e-13 0)
(0.359518042289 -3.9249732316e-13 0)
(0.359518042288 -2.99463571915e-13 0)
(0.359518042288 -1.70165364097e-13 0)
(0.359518042288 -6.57138891122e-13 0)
(0.357968267948 -0.136051008645 0)
(0.367129584613 -0.0268451058633 0)
(0.290113505109 -0.0064837726607 0)
(0.293525475184 -0.00232299646553 0)
(0.284927588062 -9.25547580368e-05 0)
(0.287143391762 -0.000125379644604 0)
(0.286138419157 0.000105625989657 0)
(0.286791057466 2.68798267546e-06 0)
(0.286626002697 2.77539113585e-05 0)
(0.286766275542 -9.58023753076e-07 0)
(0.286724769566 4.51178901083e-06 0)
(0.286751171953 -1.11504887373e-06 0)
(0.286740104828 6.21282913827e-07 0)
(0.286745159929 -3.73631979462e-07 0)
(0.286742502833 1.05779309491e-07 0)
(0.286743576169 -8.57361466367e-08 0)
(0.286742993733 2.59076973211e-08 0)
(0.286743239576 -1.67785770781e-08 0)
(0.28674311636 6.85342108021e-09 0)
(0.28674317313 -3.25895401387e-09 0)
(0.286743146774 1.65951280371e-09 0)
(0.286743159563 -6.882555856e-10 0)
(0.286743153774 3.68212417083e-10 0)
(0.286743156592 -1.55903713291e-10 0)
(0.286743155299 7.88088132629e-11 0)
(0.286743155915 -3.58539935455e-11 0)
(0.286743155625 1.71360199592e-11 0)
(0.28674315576 -8.00169105391e-12 0)
(0.286743155696 3.92035588319e-12 0)
(0.286743155726 -1.5458749952e-12 0)
(0.286743155712 1.16673435347e-12 0)
(0.286743155719 -2.84355561994e-13 0)
(0.286743155715 4.39115946754e-13 0)
(0.286743155716 4.07734224375e-14 0)
(0.286743155716 2.80873054676e-13 0)
(0.286743155716 -3.98418196193e-13 0)
(0.286743155716 -3.7027111575e-13 0)
(0.286743155717 -2.4830312932e-13 0)
(0.286743155717 -3.05666319997e-13 0)
(0.286743155716 -2.68546400535e-13 0)
(0.286743155717 -4.83220746287e-13 0)
(0.261383904611 -0.102230111608 0)
(0.258090326529 -0.0143135482634 0)
(0.195428690012 -0.002208898261 0)
(0.198566141394 -0.00106787245501 0)
(0.192444659636 7.26852425282e-05 0)
(0.194183760941 -7.89863167613e-05 0)
(0.193468050475 6.19512616895e-05 0)
(0.193953540539 -6.55985212534e-06 0)
(0.193830981302 1.47373350761e-05 0)
(0.193933118062 -2.22731009319e-06 0)
(0.193901870073 2.55486190552e-06 0)
(0.193921022142 -8.53273056328e-07 0)
(0.193912774814 4.18070349496e-07 0)
(0.1939164714 -2.35683100491e-07 0)
(0.193914512433 8.14490225464e-08 0)
(0.193915304379 -5.26585078763e-08 0)
(0.193914877231 1.92151315656e-08 0)
(0.193915059061 -1.07261046533e-08 0)
(0.1939149687 4.69679620446e-09 0)
(0.193915010602 -2.19793314583e-09 0)
(0.193914991226 1.09142607169e-09 0)
(0.193915000642 -4.75221451836e-10 0)
(0.193914996377 2.40899618969e-10 0)
(0.193914998449 -1.06392874581e-10 0)
(0.193914997497 5.22731124449e-11 0)
(0.193914997949 -2.39948454559e-11 0)
(0.193914997736 1.13853529638e-11 0)
(0.193914997835 -5.34780511242e-12 0)
(0.193914997788 2.73473916551e-12 0)
(0.19391499781 -1.08204581488e-12 0)
(0.1939149978 9.38021602095e-13 0)
(0.193914997805 -7.13073408558e-14 0)
(0.193914997802 4.2767704801e-13 0)
(0.193914997803 1.46544331316e-14 0)
(0.193914997803 6.04667956318e-14 0)
(0.193914997803 -3.09062922957e-13 0)
(0.193914997803 -2.60938494701e-13 0)
(0.193914997804 -2.03944593637e-13 0)
(0.193914997803 -3.84038152572e-13 0)
(0.193914997803 -3.12038613414e-15 0)
(0.193914997803 -2.93916761441e-13 0)
(0.113095983754 -0.0397627772688 0)
(0.105593732557 -0.00404140612745 0)
(0.0753206980667 -0.000263626460668 0)
(0.0773212183141 -0.000259727148786 0)
(0.0747911179811 5.25904884902e-05 0)
(0.0756236076672 -2.64594638141e-05 0)
(0.0753165685279 1.91561722716e-05 0)
(0.0755320396158 -4.0754700953e-06 0)
(0.0754759289639 4.21383727919e-06 0)
(0.0755201603547 -1.09956533443e-06 0)
(0.0755057850287 7.77044957473e-07 0)
(0.0755140984343 -3.13673046349e-07 0)
(0.0755103863564 1.44098313315e-07 0)
(0.0755120175344 -7.74009808149e-08 0)
(0.0755111499924 3.0200381017e-08 0)
(0.0755115037397 -1.70061540357e-08 0)
(0.0755113156429 6.97433438224e-09 0)
(0.0755113969237 -3.56626977653e-09 0)
(0.0755113570488 1.6294890565e-09 0)
(0.0755113756943 -7.56362361066e-10 0)
(0.0755113671052 3.69242743163e-10 0)
(0.075511371279 -1.65854789461e-10 0)
(0.0755113693837 8.14138155438e-11 0)
(0.075511370301 -3.6964724553e-11 0)
(0.0755113698778 1.78253566513e-11 0)
(0.0755113700784 -8.37863823874e-12 0)
(0.0755113699837 3.8767286855e-12 0)
(0.0755113700278 -1.80196963213e-12 0)
(0.0755113700068 8.02699921119e-13 0)
(0.0755113700167 -4.17749105848e-13 0)
(0.075511370012 2.87622343088e-13 0)
(0.0755113700142 -2.52880940057e-14 0)
(0.0755113700131 1.70249853665e-14 0)
(0.0755113700134 2.92677335324e-15 0)
(0.0755113700132 1.41888683929e-13 0)
(0.0755113700134 -1.02098135328e-13 0)
(0.0755113700136 -2.61905756944e-14 0)
(0.0755113700137 -1.4659658703e-13 0)
(0.0755113700134 -4.03396703922e-14 0)
(0.0755113700134 -5.75966377902e-14 0)
(0.0755113700134 -1.95995953458e-13 0)
)
;

boundaryField
{
    in
    {
        type            fixedValue;
        value           uniform (0.5 0 0);
    }
    out
    {
        type            zeroGradient;
    }
    top
    {
        type            fixedValue;
        value           uniform (0 0 0);
    }
    bottom
    {
        type            fixedValue;
        value           uniform (0 0 0);
    }
    frontback
    {
        type            empty;
    }
}


// ************************************************************************* //
