/*--------------------------------*- C++ -*----------------------------------*\
| =========                 |                                                 |
| \\      /  F ield         | OpenFOAM: The Open Source CFD Toolbox           |
|  \\    /   O peration     | Version:  2112                                  |
|   \\  /    A nd           | Website:  www.openfoam.com                      |
|    \\/     M anipulation  |                                                 |
\*---------------------------------------------------------------------------*/
FoamFile
{
    version     2.0;
    format      ascii;
    arch        "LSB;label=32;scalar=64";
    class       volVectorField;
    location    "0.8";
    object      flux;
}
// * * * * * * * * * * * * * * * * * * * * * * * * * * * * * * * * * * * * * //

dimensions      [0 1 -1 1 0 0 0];

internalField   nonuniform List<vector> 
1681
(
(2622.58139237 -14.2379084547 0)
(0.0145578434802 -14.1357816802 0)
(0.0220265964902 -13.9463511298 0)
(0.0269154627605 -13.6947093671 0)
(0.0292620434412 -13.4074965895 0)
(0.0294744029089 -13.1090080502 0)
(0.0281581880247 -12.817664613 0)
(0.0258935054832 -12.5456141326 0)
(0.0231475090122 -12.299657244 0)
(0.0202552623342 -12.0825941824 0)
(0.0174344586002 -11.8945270352 0)
(0.0148124660517 -11.7339073637 0)
(0.0124531646664 -11.5982950819 0)
(0.010378816845 -11.4848683817 0)
(0.00858613017944 -11.3907450283 0)
(0.0070573051487 -11.3131711827 0)
(0.00576727364133 -11.2496219792 0)
(0.00468824479924 -11.1978457968 0)
(0.0037924328019 -11.1558740924 0)
(0.00305359708933 -11.1220112397 0)
(0.00244782780676 -11.0948136432 0)
(0.00195386432713 -11.0730639245 0)
(0.00155313426222 -11.0557437021 0)
(0.00122963281126 -11.0420070204 0)
(0.000969717989249 -11.0311555563 0)
(0.000761868563587 -11.0226161523 0)
(0.000596432992067 -11.0159208695 0)
(0.000465385913479 -11.0106895436 0)
(0.000362101080721 -11.0066147098 0)
(0.000281144737337 -11.0034487001 0)
(0.000218090217223 -11.0009927004 0)
(0.000169352503466 -10.9990875556 0)
(0.000132041097014 -10.9976061344 0)
(0.000103835670854 -10.9964470786 0)
(8.29276892741e-05 -10.9955296619 0)
(6.81718961131e-05 -10.9947887222 0)
(5.92902455064e-05 -10.9941663747 0)
(5.25642483983e-05 -10.9936017322 0)
(2.8431209679e-05 -10.9931089901 0)
(9.49053389517e-06 -10.9930345112 0)
(-2622.90065243 -10.9929320471 0)
(2619.74386961 -14.2412892925 0)
(0.0437536215012 -14.1385674984 0)
(0.0661878661119 -13.9481208903 0)
(0.0808554453107 -13.6953296592 0)
(0.0878782199471 -13.4070834832 0)
(0.0884919923813 -13.1077852267 0)
(0.0845205954975 -12.8158762052 0)
(0.0777079683143 -12.5434718408 0)
(0.069456481028 -12.2973211139 0)
(0.0607707794353 -12.0801740013 0)
(0.0523029051365 -11.8920920221 0)
(0.0444339245975 -11.7314973356 0)
(0.0373546317353 -11.5959300905 0)
(0.0311311938768 -11.482556005 0)
(0.0257533096298 -11.3884854707 0)
(0.0211673046828 -11.3109606494 0)
(0.0172978035288 -11.2474548084 0)
(0.0140613325541 -11.1957157446 0)
(0.0113744786209 -11.1537750635 0)
(0.00915849275743 -11.1199376671 0)
(0.00734163523085 -11.0927606524 0)
(0.00586012388368 -11.071027371 0)
(0.0046582465638 -11.0537201386 0)
(0.00368799635787 -11.0399936285 0)
(0.00290845562221 -11.0291500646 0)
(0.00228506879231 -11.0206167522 0)
(0.00178888874288 -11.0139261361 0)
(0.00139584602531 -11.0086983647 0)
(0.00108606762294 -11.0046262241 0)
(0.000843257138522 -11.0014622446 0)
(0.000654138692634 -10.9990077652 0)
(0.000507960689775 -10.9971037466 0)
(0.000396054299713 -10.9956231417 0)
(0.000311458847852 -10.994464654 0)
(0.000248743600001 -10.9935476305 0)
(0.000204485541119 -10.9928070623 0)
(0.000178107747236 -10.9921849484 0)
(0.000158912671063 -10.9916159933 0)
(8.50129830848e-05 -10.9911055286 0)
(2.58980619885e-05 -10.9910534186 0)
(-2620.70215436 -10.9909737501 0)
(2616.90542102 -14.2480965334 0)
(0.073191523918 -14.1441627338 0)
(0.110674164326 -13.9516720305 0)
(0.135122944192 -13.6965770671 0)
(0.146770929941 -13.4062598884 0)
(0.147715858508 -13.105342063 0)
(0.141020865202 -12.8123040529 0)
(0.129604523746 -12.5391948229 0)
(0.115807076906 -12.2926592365 0)
(0.101301080694 -12.0753464119 0)
(0.0871697917413 -11.8872366664 0)
(0.0740448523559 -11.7266934111 0)
(0.0622414307935 -11.5912173543 0)
(0.0518677408157 -11.4779493531 0)
(0.0429052012993 -11.383985121 0)
(0.0352634376078 -11.3065588728 0)
(0.0288162546055 -11.2431401775 0)
(0.0234241937758 -11.1914756932 0)
(0.018948048289 -11.1495973404 0)
(0.0152564793086 -11.1158110899 0)
(0.0122298870268 -11.0886754329 0)
(0.0097619670943 -11.0669751877 0)
(0.00775988276906 -11.0496940696 0)
(0.00614364760616 -11.0359880145 0)
(0.00484509324088 -11.0251603434 0)
(0.00380665426545 -11.0166392904 0)
(0.00298011049046 -11.00995807 0)
(0.00232536830436 -11.0047374587 0)
(0.00180932511763 -11.0006707462 0)
(0.00140483653248 -10.9975108606 0)
(0.00108978981509 -10.9950594494 0)
(0.000846277190687 -10.9931577059 0)
(0.000659859604249 -10.9916787523 0)
(0.000518937917798 -10.9905214147 0)
(0.000414446034263 -10.9896051684 0)
(0.000340708318207 -10.988865252 0)
(0.000297504043637 -10.9882436128 0)
(0.000268448199969 -10.9876686354 0)
(0.000140946156421 -10.9871313278 0)
(3.58462444017e-05 -10.9871123271 0)
(-2618.50424699 -10.9870605392 0)
(2614.06541775 -14.2584008444 0)
(0.103038522098 -14.1526096503 0)
(0.15570499945 -13.9570229223 0)
(0.189937873722 -13.6984553538 0)
(0.20612522077 -13.4050208825 0)
(0.207283159485 -13.1016727386 0)
(0.197750043519 -12.8069458886 0)
(0.181636931593 -12.5327858458 0)
(0.162226163209 -12.285679273 0)
(0.141855293462 -12.0681231565 0)
(0.122033505309 -11.8799758567 0)
(0.103637787009 -11.7195128064 0)
(0.0871034433365 -11.584175781 0)
(0.0725776405333 -11.471068561 0)
(0.0600314056825 -11.3772650136 0)
(0.0493362933845 -11.2999875578 0)
(0.0403144394602 -11.2367003026 0)
(0.0327698999834 -11.1851482569 0)
(0.026507399263 -11.1433638542 0)
(0.0213428742555 -11.1096546957 0)
(0.0171088156885 -11.0825813822 0)
(0.0136563965418 -11.0609309457 0)
(0.0108556811977 -11.0436892108 0)
(0.00859474159083 -11.0300140142 0)
(0.00677820044643 -11.0192103285 0)
(0.00532552346874 -11.0107077856 0)
(0.00416925507261 -11.0040407591 0)
(0.00325331079599 -10.9988309702 0)
(0.00253138724263 -10.9947724675 0)
(0.00196551648609 -10.9916187785 0)
(0.00152476963374 -10.9891720153 0)
(0.00118410011672 -10.9872737221 0)
(0.00092331255083 -10.9857972767 0)
(0.000726175633803 -10.9846416877 0)
(0.000579976125323 -10.9837265977 0)
(0.000476796660072 -10.9829875266 0)
(0.000417431081976 -10.9823665729 0)
(0.000381369660523 -10.9817862736 0)
(0.000196274632544 -10.981221905 0)
(4.00557821365e-05 -10.9812351366 0)
(-2616.30731978 -10.9812017912 0)
(2611.22321892 -14.2722864004 0)
(0.13346710834 -14.1639653355 0)
(0.20150502363 -13.96419386 0)
(0.245523352158 -13.7009588289 0)
(0.266127452987 -13.4033471731 0)
(0.267330857284 -13.0967559015 0)
(0.254798243747 -12.7997848404 0)
(0.233857846868 -12.5242347282 0)
(0.208739614769 -12.2763775248 0)
(0.182441763936 -12.0585058313 0)
(0.156891861757 -11.8703151317 0)
(0.133204867497 -11.709963835 0)
(0.111930279888 -11.5748155702 0)
(0.0932498943042 -11.4619250838 0)
(0.077121401924 -11.3683374314 0)
(0.0633763798141 -11.2912595335 0)
(0.0517841147914 -11.2281483764 0)
(0.0420914834558 -11.1767468762 0)
(0.0340467605342 -11.1350882187 0)
(0.0274129736974 -11.1014822245 0)
(0.0219746370155 -11.0744923365 0)
(0.0175404013801 -11.0529085572 0)
(0.0139432690861 -11.035719536 0)
(0.0110394240543 -11.0220856533 0)
(0.00870633894998 -11.01131409 0)
(0.00684056815532 -11.0028363462 0)
(0.00535547356721 -10.9961883444 0)
(0.0041790266239 -10.9909930688 0)
(0.00325176346145 -10.9869455822 0)
(0.00252492696438 -10.9838002136 0)
(0.00195880110049 -10.9813596965 0)
(0.00152122491523 -10.9794660446 0)
(0.00118626647487 -10.9779929781 0)
(0.000933073727402 -10.9768397477 0)
(0.000745278269474 -10.9759261975 0)
(0.000612713278727 -10.9751881469 0)
(0.000537754634945 -10.9745680531 0)
(0.000497381776602 -10.9739836404 0)
(0.000251173557445 -10.9733949066 0)
(3.98690058367e-05 -10.973435965 0)
(-2614.11175961 -10.9734129005 0)
(2608.37816741 -14.2898637956 0)
(0.164657030171 -14.1783060434 0)
(0.248306300758 -13.9732120209 0)
(0.302107211108 -13.7040782369 0)
(0.326965806267 -13.4012115617 0)
(0.327995626031 -13.0905619498 0)
(0.312254278173 -12.7907975058 0)
(0.286318394713 -12.5135271131 0)
(0.255371942585 -12.2647483204 0)
(0.223067772086 -12.0464958192 0)
(0.191741904564 -11.8582611062 0)
(0.162737699303 -11.6980567845 0)
(0.136711193591 -11.5631495005 0)
(0.113873268288 -11.4505333562 0)
(0.0941645157292 -11.3572179002 0)
(0.0773741043832 -11.2803910452 0)
(0.063216970932 -11.2175011244 0)
(0.0513819315249 -11.1662886036 0)
(0.0415603295907 -11.1247877172 0)
(0.0334620506952 -11.0913111284 0)
(0.0268235491616 -11.0644258768 0)
(0.0214109566416 -11.0429257056 0)
(0.0170202619717 -11.0258028136 0)
(0.0134758307884 -11.0122207714 0)
(0.0106280618725 -11.0014895286 0)
(0.00835067260402 -10.9930429254 0)
(0.00653791053647 -10.986418825 0)
(0.00510186322564 -10.9812417933 0)
(0.00396995829129 -10.9772081633 0)
(0.0030826936244 -10.9740732684 0)
(0.0023916034263 -10.971640621 0)
(0.00185744379322 -10.9697528236 0)
(0.00144857194808 -10.9682840256 0)
(0.0011395317603 -10.9671337793 0)
(0.000910296278804 -10.9662221656 0)
(0.000748425548112 -10.9654853149 0)
(0.000658332375145 -10.9648662195 0)
(0.000615998953904 -10.9642789252 0)
(0.000305809716512 -10.9636697857 0)
(3.64569984533e-05 -10.9637333209 0)
(-2611.91795001 -10.9637155413 0)
(2605.52958495 -14.3112743768 0)
(0.196797463287 -14.1957286248 0)
(0.296350584926 -13.9841120936 0)
(0.359923444004 -13.7078015245 0)
(0.388830710406 -13.3985799383 0)
(0.389413668456 -13.0830544493 0)
(0.3702052111 -12.7799557487 0)
(0.339067683958 -12.5006465363 0)
(0.302145873544 -12.2507862685 0)
(0.263739206783 -12.0320966763 0)
(0.2265796687 -11.8438239638 0)
(0.192227188633 -11.6838064994 0)
(0.161434965544 -11.5491955947 0)
(0.134436214354 -11.4369135329 0)
(0.111149864131 -11.3439279978 0)
(0.091319734974 -11.2674046264 0)
(0.0746046031101 -11.2047817325 0)
(0.0606341649087 -11.1537970819 0)
(0.0490422555673 -11.1124863231 0)
(0.0394853417722 -11.0791656298 0)
(0.0316517215695 -11.0524064198 0)
(0.0252650140264 -11.0310069648 0)
(0.0200842559226 -11.0139637471 0)
(0.0159020810552 -11.0004441821 0)
(0.0125419081554 -10.9897615512 0)
(0.00985470887203 -10.9813525109 0)
(0.00771569999771 -10.9747572575 0)
(0.00602115895864 -10.9696022594 0)
(0.00468546843626 -10.9655853774 0)
(0.0036384354148 -10.962463153 0)
(0.00282289006021 -10.9600400362 0)
(0.00219254400973 -10.9581593381 0)
(0.00171007532947 -10.9566957253 0)
(0.00134544571973 -10.955549112 0)
(0.0010749711497 -10.954639851 0)
(0.00088390249657 -10.9539043965 0)
(0.000779032586236 -10.9532864192 0)
(0.00073666854299 -10.9526973747 0)
(0.000360294407172 -10.9520722252 0)
(3.0717878247e-05 -10.9521529913 0)
(-2609.72626984 -10.9521379069 0)
(2602.67676681 -14.3366927572 0)
(0.230089486826 -14.2163513043 0)
(0.345891720818 -13.9969357196 0)
(0.419213642157 -13.7121131259 0)
(0.451915221297 -13.3954107728 0)
(0.451720463948 -13.0741900184 0)
(0.428735860789 -12.7672269103 0)
(0.392152290766 -12.4855748287 0)
(0.349081914585 -12.2344867511 0)
(0.304460233027 -12.0153146595 0)
(0.261399939944 -11.8270179942 0)
(0.221663373119 -11.6672329212 0)
(0.186089786891 -11.5329776612 0)
(0.154926787653 -11.4210920331 0)
(0.128066297028 -11.3284959042 0)
(0.105203357448 -11.2523296554 0)
(0.085938479819 -11.1900204104 0)
(0.0698410134025 -11.1393031142 0)
(0.0564866200229 -11.0982152772 0)
(0.045478031362 -11.0650773039 0)
(0.0364552821509 -11.0384658056 0)
(0.0290994911863 -11.0171843903 0)
(0.0231328185213 -11.0002345715 0)
(0.0183162699629 -10.9867882716 0)
(0.0144463961076 -10.9761626733 0)
(0.0113515313471 -10.9677977281 0)
(0.00888796084272 -10.9612363617 0)
(0.00693623924661 -10.9561072673 0)
(0.00539777955949 -10.9521100932 0)
(0.00419176186271 -10.9490027945 0)
(0.00325236640985 -10.9465909187 0)
(0.00252630598071 -10.9447186071 0)
(0.00197061716379 -10.9432611321 0)
(0.00155070660662 -10.9421188311 0)
(0.00123923939286 -10.9412123654 0)
(0.00101911191973 -10.9404785281 0)
(0.000899736738857 -10.9398617865 0)
(0.000858837748299 -10.9392720038 0)
(0.000414686384128 -10.9386351884 0)
(2.33206471371e-05 -10.9387284124 0)
(-2607.53709183 -10.9387148968 0)
(2599.81897614 -14.3663292182 0)
(0.264748870801 -14.2403143829 0)
(0.397198220604 -14.011730541 0)
(0.480228433363 -13.7169926854 0)
(0.516415331899 -13.3916541142 0)
(0.515050440952 -13.0639177968 0)
(0.487928249048 -12.7525736434 0)
(0.445615715803 -12.4682921492 0)
(0.396197907373 -12.2158460358 0)
(0.345232958162 -11.9961588535 0)
(0.296196016366 -11.8078617087 0)
(0.251035255237 -11.6483611855 0)
(0.210663143162 -11.5145253752 0)
(0.17533256576 -11.4031016102 0)
(0.144902339674 -11.3109564624 0)
(0.11901483372 -11.2352024116 0)
(0.0972099113547 -11.1732544458 0)
(0.0789951915564 -11.1228447164 0)
(0.0638874176197 -11.0820131399 0)
(0.0514352360933 -11.0490851322 0)
(0.041230304282 -11.0226433515 0)
(0.0329112608353 -11.0014975745 0)
(0.0261634796804 -10.9846551087 0)
(0.0207164606977 -10.9712930554 0)
(0.0163400168419 -10.9607330753 0)
(0.0128399712029 -10.952418898 0)
(0.0100537921556 -10.9458965783 0)
(0.00784641264999 -10.9407973599 0)
(0.00610636299518 -10.9368229401 0)
(0.00474227032452 -10.9337328957 0)
(0.00367972753857 -10.9313340336 0)
(0.00285850131546 -10.9294714488 0)
(0.00223003054388 -10.9280211093 0)
(0.00175519906836 -10.9268838375 0)
(0.00140303175064 -10.9259806423 0)
(0.00115401828071 -10.9252486738 0)
(0.00102033744823 -10.9246332949 0)
(0.000981988163791 -10.9240436784 0)
(0.000469012674981 -10.9233992297 0)
(1.47761912888e-05 -10.9235006551 0)
(-2605.35078117 -10.9234883299 0)
(2596.95543809 -14.4004324659 0)
(0.301009222262 -14.2677810222 0)
(0.450556060314 -14.0285490225 0)
(0.543228927515 -13.7224134393 0)
(0.582530199019 -13.3872503577 0)
(0.57953655812 -13.0521787912 0)
(0.547860990313 -12.7359536872 0)
(0.499497812289 -12.4487769862 0)
(0.443508573718 -12.1948613622 0)
(0.386057098445 -11.9746412699 0)
(0.330959473534 -11.7863779233 0)
(0.280330639817 -11.6272216838 0)
(0.235141701964 -11.493874321 0)
(0.195640570199 -11.3829813799 0)
(0.161646136733 -11.2913511992 0)
(0.132743760779 -11.2160660906 0)
(0.108410018867 -11.1545282165 0)
(0.0880892745896 -11.1044671297 0)
(0.071238536855 -11.0639258036 0)
(0.0573519890362 -11.0312355153 0)
(0.0459727937051 -11.0049858662 0)
(0.0366971397501 -10.9839936615 0)
(0.0291737223366 -10.9672727835 0)
(0.0231006766428 -10.954006196 0)
(0.0182212275887 -10.9435206211 0)
(0.0143188307471 -10.9352640565 0)
(0.0112122684657 -10.9287860894 0)
(0.00875096687825 -10.9237208434 0)
(0.00681067239672 -10.9197723296 0)
(0.00528954317033 -10.9167019571 0)
(0.00410465579346 -10.9143179569 0)
(0.00318889083283 -10.9124665031 0)
(0.00248813942433 -10.9110243512 0)
(0.00195880001283 -10.9098928716 0)
(0.0015662721255 -10.9089934606 0)
(0.0012885813878 -10.9082636474 0)
(0.00114073581421 -10.9076497741 0)
(0.00110565078525 -10.907061138 0)
(0.000523291050445 -10.9064126645 0)
(5.50062355395e-06 -10.9065184596 0)
(-2603.16769403 -10.9065072251 0)
(2594.08533344 -14.4392929594 0)
(0.339125559475 -14.2989381554 0)
(0.506271737187 -14.04744705 0)
(0.60848816632 -13.7283402989 0)
(0.650462261514 -13.3821288513 0)
(0.645309775061 -13.0389051903 0)
(0.608608610057 -12.7173196845 0)
(0.553834180798 -12.4270062318 0)
(0.491025050623 -12.1715311114 0)
(0.426929645943 -11.9507770302 0)
(0.365679933604 -11.762593925 0)
(0.309535975696 -11.6038502061 0)
(0.259511203925 -11.471066117 0)
(0.215837190123 -11.360776933 0)
(0.178285397542 -11.2697284293 0)
(0.146379430256 -11.194970906 0)
(0.119529703528 -11.133893293 0)
(0.0971156741489 -11.0842229238 0)
(0.078533740495 -11.0440065988 0)
(0.0632232235714 -11.0115823818 0)
(0.0506786750421 -10.9855477615 0)
(0.0404538773743 -10.9647274625 0)
(0.032160972794 -10.9481427414 0)
(0.0254668931678 -10.9349831219 0)
(0.0200884447393 -10.9245809802 0)
(0.0157868775421 -10.9163890776 0)
(0.0123624347809 -10.9099609433 0)
(0.00964916461738 -10.9049339134 0)
(0.00751014024844 -10.9010145822 0)
(0.00583314486328 -10.8979664047 0)
(0.00452681834122 -10.8955992039 0)
(0.00351722246301 -10.8937603609 0)
(0.00274475684591 -10.8923275129 0)
(0.00216137717528 -10.8912026428 0)
(0.00172887658908 -10.8903075751 0)
(0.00142275557898 -10.8895802417 0)
(0.00126083932467 -10.8889680362 0)
(0.0012294100985 -10.8883811184 0)
(0.000577548359635 -10.8877317774 0)
(-4.13593407098e-06 -10.8878384045 0)
(-2600.98817604 -10.8878281547 0)
(2591.20779186 -14.4832469591 0)
(0.379378404132 -14.3339975263 0)
(0.564675631618 -14.0684822386 0)
(0.676292567248 -13.7347276081 0)
(0.720417220737 -13.3762063494 0)
(0.712498391481 -13.0240196713 0)
(0.670240782019 -12.6966190654 0)
(0.608655526921 -12.4029553503 0)
(0.538754414034 -12.145855075 0)
(0.467844535729 -11.9245846477 0)
(0.400344838357 -11.7365417352 0)
(0.338636201419 -11.5782881827 0)
(0.283756356572 -11.4461486381 0)
(0.235908107726 -11.3365405469 0)
(0.194807342131 -11.2461434632 0)
(0.159910788035 -11.1719742965 0)
(0.130559615313 -11.1114086468 0)
(0.106066613431 -11.0621722092 0)
(0.0857666452617 -11.0223165108 0)
(0.0690437565041 -10.9901874093 0)
(0.0553437775695 -10.9643912781 0)
(0.0441781437593 -10.9437616845 0)
(0.0351225904583 -10.927328082 0)
(0.0278130288952 -10.9142872646 0)
(0.0219400364321 -10.9039778664 0)
(0.017242838125 -10.8958579156 0)
(0.0135033013046 -10.8894852979 0)
(0.0105402390979 -10.8845009009 0)
(0.00820417414651 -10.8806141745 0)
(0.00637261883579 -10.8775908381 0)
(0.00494586454777 -10.8752424781 0)
(0.00384322901939 -10.8734178141 0)
(0.00299968303736 -10.8719954614 0)
(0.0023627875754 -10.8708780815 0)
(0.00189075235105 -10.8699879682 0)
(0.00155648916504 -10.8692634813 0)
(0.00138056048646 -10.8686531264 0)
(0.00135290256222 -10.868068598 0)
(0.000631833823273 -10.8674211137 0)
(-1.37748361234e-05 -10.867525199 0)
(-2598.81256072 -10.8675156572 0)
(2588.32188454 -14.5326814293 0)
(0.422078503587 -14.3731968371 0)
(0.626125720823 -14.09171185 0)
(0.746943344146 -13.7415165196 0)
(0.792603848876 -13.3693852983 0)
(0.781227231875 -13.0074347006 0)
(0.732821474252 -12.6737939983 0)
(0.663986978868 -12.3765986371 0)
(0.58669919114 -12.1178348165 0)
(0.508792313902 -11.8960863972 0)
(0.434939226609 -11.7082584571 0)
(0.367614595118 -11.5505830049 0)
(0.307860731079 -11.4191763191 0)
(0.255838225108 -11.3103314777 0)
(0.211198647613 -11.2206588947 0)
(0.173326393546 -11.1471412142 0)
(0.141490121006 -11.0871409424 0)
(0.114934101332 -11.0383829346 0)
(0.0929307004653 -10.9989244827 0)
(0.0748082701202 -10.967120334 0)
(0.059963820005 -10.9415868002 0)
(0.047866516595 -10.9211672512 0)
(0.0380558567703 -10.9049001829 0)
(0.0301369362807 -10.8919903873 0)
(0.0237743145405 -10.8817833705 0)
(0.0186853912363 -10.8737429395 0)
(0.0146338377287 -10.8674317587 0)
(0.0114233893103 -10.8624946108 0)
(0.00889215280117 -10.85864408 0)
(0.00690748414784 -10.8556483729 0)
(0.00536142315193 -10.8533210149 0)
(0.00416662579772 -10.8515121995 0)
(0.00325270336535 -10.85010162 0)
(0.00256287581176 -10.8489926842 0)
(0.00205179663142 -10.8481081968 0)
(0.00168972394117 -10.8473869692 0)
(0.0014998159716 -10.8467786696 0)
(0.00147581263708 -10.8461971412 0)
(0.000686228154722 -10.8455538421 0)
(-2.30446389032e-05 -10.8456520616 0)
(-2596.64116787 -10.8456426893 0)
(2585.42661621 -14.5880399425 0)
(0.467572320004 -14.4168009726 0)
(0.691011695128 -14.1171901958 0)
(0.820757877575 -13.7486319192 0)
(0.867233584538 -13.3615519352 0)
(0.851616651497 -12.9890518262 0)
(0.796407994719 -12.6487814051 0)
(0.719847363273 -12.3479095557 0)
(0.634856862009 -12.0874741048 0)
(0.5497598076 -11.8653087489 0)
(0.469445516811 -11.6777866801 0)
(0.396452629033 -11.520788401 0)
(0.33180666201 -11.3902105086 0)
(0.27561159259 -11.282216304 0)
(0.22744539485 -11.193344941 0)
(0.186614378502 -11.1205444652 0)
(0.152311271232 -11.0611648832 0)
(0.123709905381 -11.0129312381 0)
(0.100019165363 -10.9739077728 0)
(0.0805112930011 -10.9424593145 0)
(0.0645343941416 -10.9172132258 0)
(0.0515154672136 -10.8970236782 0)
(0.0409579632309 -10.8809390813 0)
(0.0324363913854 -10.8681729697 0)
(0.0255895259904 -10.8580783486 0)
(0.0201131604788 -10.8501253256 0)
(0.0157529670615 -10.8438817729 0)
(0.0122977748281 -10.8389967195 0)
(0.00957342171479 -10.8351861682 0)
(0.0074372318721 -10.8322210408 0)
(0.00577309922848 -10.8299169829 0)
(0.0044871079862 -10.828125802 0)
(0.00350358609716 -10.8267283725 0)
(0.00276147221259 -10.8256289188 0)
(0.00221189535461 -10.8247507976 0)
(0.00182239461603 -10.8240332938 0)
(0.00161852609259 -10.8234272769 0)
(0.00159786805882 -10.8228493016 0)
(0.000740849739262 -10.8222121638 0)
(-3.1544272562e-05 -10.8223011477 0)
(-2594.47430177 -10.8222910959 0)
(2582.52091636 -14.6498297687 0)
(0.51624845293 -14.4651032541 0)
(0.759759531511 -14.144965379 0)
(0.898070996268 -13.75597882 0)
(0.944519867467 -13.352574186 0)
(0.92378133789 -12.968760965 0)
(0.861049928355 -12.6215130385 0)
(0.776248438919 -12.3168611436 0)
(0.683219352501 -12.0547794059 0)
(0.590729798849 -11.8322828464 0)
(0.503843296184 -11.6451749197 0)
(0.425129829427 -11.4889648402 0)
(0.355575150471 -11.35931985 0)
(0.295211338624 -11.2522692937 0)
(0.243533015375 -11.1642798045 0)
(0.199762405103 -11.0922650737 0)
(0.163012766441 -11.033563578 0)
(0.132385523404 -10.9859018202 0)
(0.107025085175 -10.9473523351 0)
(0.0861471795379 -10.9162913181 0)
(0.0690509472641 -10.8913583594 0)
(0.0551213454849 -10.8714194719 0)
(0.0438259984651 -10.8555338772 0)
(0.0347090828298 -10.8429246164 0)
(0.0273838433727 -10.8329528345 0)
(0.0215247063774 -10.825095472 0)
(0.0168595589542 -10.8189260475 0)
(0.0131625102427 -10.8140981945 0)
(0.0102472885289 -10.8103316257 0)
(0.00796132121103 -10.8074002128 0)
(0.00618047092185 -10.8051219083 0)
(0.00480434788352 -10.8033502791 0)
(0.00375208000118 -10.8019674886 0)
(0.00295839077715 -10.8008786508 0)
(0.00237092163827 -10.800007715 0)
(0.00195442808509 -10.7992944573 0)
(0.00173661439344 -10.7986909757 0)
(0.00171883526128 -10.7981170516 0)
(0.000795858944397 -10.797487739 0)
(-3.88310535695e-05 -10.7975639937 0)
(-2592.31224942 -10.7975520776 0)
(2579.6036296 -14.7186303739 0)
(0.568545197941 -14.5184266637 0)
(0.832836581939 -14.1750751949 0)
(0.97923611618 -13.763438143 0)
(1.02467715555 -13.3422993544 0)
(0.997828880996 -12.946439695 0)
(0.926787958992 -12.5919156238 0)
(0.833194089792 -12.2834264792 0)
(0.731772521448 -12.019760415 0)
(0.631680704834 -11.7970450099 0)
(0.53810911806 -11.6104780702 0)
(0.453623642974 -11.4551799429 0)
(0.379145771311 -11.3265806626 0)
(0.314619601693 -11.2205727693 0)
(0.259446238848 -11.1335500321 0)
(0.212757623794 -11.0623926393 0)
(0.173583921927 -11.0044289033 0)
(0.140952153963 -10.957388311 0)
(0.113941265792 -10.9193531917 0)
(0.0917100881552 -10.8887125003 0)
(0.0735087633763 -10.8641192975 0)
(0.058680363649 -10.84445252 0)
(0.0466569343303 -10.8287831291 0)
(0.0369525999307 -10.8163444565 0)
(0.0291553548644 -10.8065064428 0)
(0.0229185178726 -10.7987534058 0)
(0.0179524225569 -10.7926649583 0)
(0.0140166591799 -10.7878997059 0)
(0.0109130180594 -10.7841813696 0)
(0.00847917535322 -10.7812870133 0)
(0.00658308597359 -10.7790370902 0)
(0.00511799192389 -10.7772870778 0)
(0.00399791175385 -10.7759205419 0)
(0.00315342693795 -10.7748435618 0)
(0.00252873406243 -10.77398072 0)
(0.00208574248481 -10.7732722965 0)
(0.00185400722784 -10.7726716306 0)
(0.00183851538385 -10.7721022023 0)
(0.000851461315408 -10.7714821018 0)
(-4.44119882169e-05 -10.7715419463 0)
(-2590.15527856 -10.7715266322 0)
(2576.67350495 -14.7951036129 0)
(0.624959488734 -14.5771249512 0)
(0.910757235643 -14.2075419747 0)
(1.06462616437 -13.7708617916 0)
(1.10791955707 -13.3305516036 0)
(1.07385808402 -12.9219525711 0)
(0.99365257151 -12.5599110739 0)
(0.890679480681 -12.247579205 0)
(0.780495646362 -11.9824306191 0)
(0.672586267804 -11.7596372464 0)
(0.572216309595 -11.5737578506 0)
(0.481909310945 -11.4195088751 0)
(0.40249658518 -11.2920773017 0)
(0.333817464713 -11.1872174493 0)
(0.275169041386 -11.1012508469 0)
(0.225586630872 -11.0310256672 0)
(0.184013632092 -10.9738618342 0)
(0.149400665731 -10.9274936055 0)
(0.120760247312 -10.8900147736 0)
(0.0971939583778 -10.8598285512 0)
(0.0779029433274 -10.8356027797 0)
(0.0621885791517 -10.8162304479 0)
(0.0494476111709 -10.8007952147 0)
(0.0391644200902 -10.7885415079 0)
(0.0309020535134 -10.7788487366 0)
(0.0242930032773 -10.7712091523 0)
(0.0190302989348 -10.765208922 0)
(0.014859227983 -10.7605119995 0)
(0.0115698270351 -10.7568464225 0)
(0.00899017710308 -10.7539926968 0)
(0.00698045803879 -10.7517739777 0)
(0.00542765754518 -10.7500478123 0)
(0.00424078319257 -10.7486992878 0)
(0.00334635514513 -10.7476355289 0)
(0.00268517469915 -10.7467817911 0)
(0.00221624596948 -10.7460788647 0)
(0.00197063324005 -10.7454813274 0)
(0.00195674101759 -10.7449167874 0)
(0.000907910136918 -10.7443070359 0)
(-4.77371267555e-05 -10.7443465509 0)
(-2588.0036357 -10.7443259495 0)
(2573.72918389 -14.8800059712 0)
(0.686057525575 -14.6415835061 0)
(0.994089213864 -14.2423661033 0)
(1.15463419041 -13.7780669274 0)
(1.19445899965 -13.3171292432 0)
(1.15195698692 -12.8951504894 0)
(1.0616626322 -12.5254167877 0)
(0.948690180754 -12.2092941039 0)
(0.829360913168 -11.9428078765 0)
(0.713415258544 -11.7201077518 0)
(0.606134792317 -11.5350832257 0)
(0.509959752738 -11.382034708 0)
(0.425604056469 -11.2559024778 0)
(0.352784892656 -11.1523027424 0)
(0.29068459527 -11.0674864304 0)
(0.238235426335 -10.9982718459 0)
(0.194290334278 -10.9419727223 0)
(0.157721566094 -10.8963301433 0)
(0.127474276649 -10.8594512043 0)
(0.102592486932 -10.8297549822 0)
(0.0822283840281 -10.8059254804 0)
(0.0656418766485 -10.7868709139 0)
(0.0521947223246 -10.7716886292 0)
(0.0413418955508 -10.7596349794 0)
(0.0326218259855 -10.7500995313 0)
(0.0256464807828 -10.7425830424 0)
(0.0200918531227 -10.7366787045 0)
(0.0156891590905 -10.7320562076 0)
(0.0122168786025 -10.7284482234 0)
(0.009493664312 -10.7256389594 0)
(0.00737206286939 -10.723454483 0)
(0.00573292990469 -10.7217545777 0)
(0.00448036843334 -10.7204259782 0)
(0.00353692627128 -10.7193769393 0)
(0.0028400669124 -10.7185334295 0)
(0.00234583521706 -10.7178367481 0)
(0.00208642267465 -10.7172426911 0)
(0.00207337370019 -10.716683382 0)
(0.00096550861863 -10.7160848859 0)
(-4.81947084585e-05 -10.7160998735 0)
(-2585.85754406 -10.7160717371 0)
(2570.76918706 -14.9742033076 0)
(0.752487462307 -14.7122198275 0)
(1.08346055137 -14.2795178809 0)
(1.24967353639 -13.7848293488 0)
(1.28450284468 -13.3018018522 0)
(1.23220057513 -12.8658701372 0)
(1.13082384861 -12.4883460459 0)
(1.00720126291 -12.1685477265 0)
(0.878332916781 -11.9009150021 0)
(0.754131197966 -11.6785113885 0)
(0.639830918349 -11.4945307845 0)
(0.537745460521 -11.3428487227 0)
(0.448442978292 -11.2181575133 0)
(0.371500674199 -11.1159369759 0)
(0.305975220697 -11.0323701346 0)
(0.250689372486 -10.9642482506 0)
(0.204401972612 -10.9088814965 0)
(0.165904969332 -10.86402011 0)
(0.13407527953 -10.8277865025 0)
(0.107899103168 -10.7986173318 0)
(0.0864797569837 -10.7752142163 0)
(0.0690359493864 -10.7565018194 0)
(0.054894798076 -10.7415921984 0)
(0.0434822396649 -10.7297544846 0)
(0.0343124409153 -10.7203891116 0)
(0.0269771686455 -10.7130059294 0)
(0.0211356659 -10.7072056397 0)
(0.0165053242045 -10.7026640678 0)
(0.0128532766646 -10.6991188484 0)
(0.00998892518082 -10.6963581602 0)
(0.00775733437581 -10.6942112024 0)
(0.00603335851145 -10.6925401713 0)
(0.00471631087372 -10.6912335829 0)
(0.0037248648767 -10.6902009128 0)
(0.00299321293566 -10.6893688824 0)
(0.00247439364103 -10.6886792911 0)
(0.00220130647079 -10.688089112 0)
(0.00218830206993 -10.6875353289 0)
(0.00102461183704 -10.6869487776 0)
(-4.51073753037e-05 -10.6869347297 0)
(-2583.71720138 -10.6868964518 0)
(2567.79189926 -15.0786886612 0)
(0.824994610917 -14.7894833617 0)
(1.1795673096 -14.3189273167 0)
(1.35017739614 -13.7908758755 0)
(1.37825084196 -13.2843072834 0)
(1.31464814819 -12.8339335731 0)
(1.20112711435 -12.4486085233 0)
(1.06617638951 -12.1253190679 0)
(0.927368180769 -11.8567803477 0)
(0.794692102067 -11.6349101233 0)
(0.673267325481 -11.4521850572 0)
(0.565234406964 -11.3020506425 0)
(0.470986405831 -11.1789525188 0)
(0.389942368411 -11.0782375363 0)
(0.321022340317 -10.996024602 0)
(0.262933153954 -10.9290814524 0)
(0.214335962407 -10.8747177651 0)
(0.173940564891 -10.8306955364 0)
(0.140554832296 -10.7951546802 0)
(0.11310694417 -10.7665512638 0)
(0.0906514864953 -10.743606046 0)
(0.0723662802339 -10.7252614094 0)
(0.0575441892977 -10.7106451794 0)
(0.0455825128999 -10.6990401444 0)
(0.0359715370198 -10.6898583337 0)
(0.0282831751762 -10.682619293 0)
(0.0221602254347 -10.6769317333 0)
(0.017306517337 -10.6724780279 0)
(0.0134780601326 -10.6690011149 0)
(0.0104751935084 -10.6662934251 0)
(0.0081356606464 -10.6641875209 0)
(0.00632845381518 -10.662548197 0)
(0.00494822013654 -10.6612658945 0)
(0.00390986636146 -10.6602514064 0)
(0.00314439124268 -10.6594322487 0)
(0.00260178930436 -10.6587507023 0)
(0.00231521511385 -10.6581648541 0)
(0.0023014405838 -10.6576168487 0)
(0.00108562845912 -10.6570427214 0)
(-3.77295472107e-05 -10.6569947966 0)
(-2581.58277782 -10.6569434133 0)
(2564.79555265 -15.194603837 0)
(0.904439731195 -14.8738543842 0)
(1.28318204861 -14.3604713444 0)
(1.45659754305 -13.7958756526 0)
(1.47589130515 -13.2643486255 0)
(1.39934032715 -12.799147993 0)
(1.27254674965 -12.4061109355 0)
(1.12556689805 -12.0795902908 0)
(0.976414705713 -11.8104383646 0)
(0.835050256058 -11.5893734082 0)
(0.706402814506 -11.4081387548 0)
(0.592391968205 -11.259748773 0)
(0.493205599523 -11.1384064679 0)
(0.408086257547 -11.0393309039 0)
(0.335806437494 -10.9585817739 0)
(0.274950739879 -10.892907509 0)
(0.224079155798 -10.8396207978 0)
(0.181817586302 -10.7964982741 0)
(0.146904134051 -10.761699715 0)
(0.118208830008 -10.733702537 0)
(0.0947377278736 -10.7112482376 0)
(0.0756281227077 -10.6932982386 0)
(0.0601390510628 -10.6789972268 0)
(0.0476396088133 -10.6676425522 0)
(0.0375966112074 -10.6586585898 0)
(0.0295624887282 -10.6515752028 0)
(0.0231639189176 -10.6460096262 0)
(0.0180914478874 -10.641651208 0)
(0.0140901972162 -10.6382485435 0)
(0.0109516439645 -10.6355986095 0)
(0.00850638000346 -10.6335375735 0)
(0.0066176837988 -10.6319330268 0)
(0.00517566900237 -10.6306774892 0)
(0.00409159404352 -10.6296831756 0)
(0.00329335375095 -10.6288784399 0)
(0.00272787255567 -10.6282060174 0)
(0.00242807719231 -10.6276250195 0)
(0.00241272860771 -10.6270830047 0)
(0.00114902225869 -10.6265215738 0)
(-2.52457536101e-05 -10.6264345799 0)
(-2579.45441374 -10.6263667739 0)
(2561.77820762 -15.3232656754 0)
(0.991821109443 -14.9658414829 0)
(1.39516305592 -14.4039578229 0)
(1.56940193991 -13.799430305 0)
(1.5775963739 -13.241591228 0)
(1.4862956862 -12.7613057509 0)
(1.34503865478 -12.3607578416 0)
(1.18531090369 -12.0313474932 0)
(1.02541155729 -11.7619301361 0)
(0.875152024046 -11.5419784892 0)
(0.739192252515 -11.3624929108 0)
(0.619180864331 -11.2160600316 0)
(0.515069979668 -11.0966471528 0)
(0.425907307207 -10.9993525583 0)
(0.350307019284 -10.9201827645 0)
(0.286725349171 -10.8558718193 0)
(0.233617809385 -10.8037393649 0)
(0.189524781454 -10.7615798245 0)
(0.153113979712 -10.7275753714 0)
(0.123197239662 -10.7002268211 0)
(0.0987323461752 -10.6782980804 0)
(0.078816482393 -10.6607709807 0)
(0.0626753265846 -10.6468081979 0)
(0.0496502403007 -10.6357225767 0)
(0.0391850069024 -10.6269516097 0)
(0.0308129678905 -10.6200361181 0)
(0.0241450243933 -10.6146023927 0)
(0.0188587338778 -10.6103471979 0)
(0.014688579842 -10.6070251545 0)
(0.0114173874972 -10.6044380921 0)
(0.00886877717104 -10.6024260393 0)
(0.00690047069154 -10.6008595938 0)
(0.00539819038926 -10.5996335192 0)
(0.00426967620718 -10.5986615665 0)
(0.00343982287917 -10.5978729734 0)
(0.00285247338978 -10.5972108927 0)
(0.00253981766133 -10.5966353433 0)
(0.00252212972481 -10.5960994999 0)
(0.00121531341771 -10.5955508311 0)
(-6.76956478248e-06 -10.5954192131 0)
(-2577.33221755 -10.5953313171 0)
(2558.73773122 -15.4661981519 0)
(1.08830130169 -15.0659770244 0)
(1.51646428419 -14.4491055347 0)
(1.68907086203 -13.8010629066 0)
(1.68351621597 -13.2156599371 0)
(1.57550700444 -12.7201847141 0)
(1.41853840119 -12.3124526268 0)
(1.24533243914 -11.9805815167 0)
(1.0742885065 -11.7113038654 0)
(0.914937701126 -11.4928106253 0)
(0.771586506026 -11.3153569103 0)
(0.645561119789 -11.1711098482 0)
(0.536547094185 -11.0538110008 0)
(0.443379135209 -10.9584467401 0)
(0.364502585289 -10.8809775838 0)
(0.298239419807 -10.8181288183 0)
(0.242937554767 -10.767231413 0)
(0.197050384998 -10.7261010004 0)
(0.159174734718 -10.6929448514 0)
(0.128064288212 -10.6662893384 0)
(0.102628895964 -10.6449225197 0)
(0.0819260992154 -10.6278480557 0)
(0.0651487318684 -10.6142477763 0)
(0.0516109264518 -10.603450981 0)
(0.0407339029097 -10.5949090758 0)
(0.0320323321295 -10.5881745 0)
(0.0251017029682 -10.5828831495 0)
(0.0196068955161 -10.5787396638 0)
(0.0152720183811 -10.5755050724 0)
(0.011871467001 -10.572986379 0)
(0.00922207966389 -10.5710277431 0)
(0.00717618783001 -10.5695029923 0)
(0.0056152744593 -10.5683093125 0)
(0.00444370318791 -10.5673621147 0)
(0.00358348850211 -10.5665915707 0)
(0.0029753985806 -10.5659412048 0)
(0.00265035576643 -10.5653717947 0)
(0.00262963105254 -10.56484228 0)
(0.00128507961761 -10.5643062317 0)
(1.86570493777e-05 -10.5641240623 0)
(-2575.21626363 -10.5640120624 0)
(2555.67177259 -15.6251717701 0)
(1.19523963287 -15.1748097552 0)
(1.64814587948 -14.4955191971 0)
(1.81609105944 -13.8002057887 0)
(1.7937720124 -13.186136742 0)
(1.66693714826 -12.6755490434 0)
(1.49295929425 -12.261098686 0)
(1.30554065596 -11.9272887914 0)
(1.12296573559 -11.6586153068 0)
(0.954341415062 -11.4419632019 0)
(0.80353240792 -11.2668483876 0)
(0.671490046236 -11.1250319211 0)
(0.557602601296 -11.0100427351 0)
(0.460473990608 -10.916766047 0)
(0.378370603638 -10.841124689 0)
(0.309474583328 -10.7798414963 0)
(0.252023372965 -10.7302635596 0)
(0.204382093762 -10.6902314011 0)
(0.165076312117 -10.6579802538 0)
(0.132801706006 -10.6320643101 0)
(0.106420602707 -10.6112975922 0)
(0.0849514310853 -10.5947070577 0)
(0.0675547415248 -10.5814948908 0)
(0.0535179803944 -10.5710078358 0)
(0.042240303107 -10.5627120304 0)
(0.0332181531539 -10.5561722136 0)
(0.0260319916357 -10.5510344546 0)
(0.0203343492937 -10.5470117437 0)
(0.015839236808 -10.5438719182 0)
(0.0123128533609 -10.5414274931 0)
(0.00956545450383 -10.5395270431 0)
(0.00744415681437 -10.5380478645 0)
(0.00582636592201 -10.5368897571 0)
(0.00461322455488 -10.5359699286 0)
(0.00372400485745 -10.5352195407 0)
(0.00309642858237 -10.5345824339 0)
(0.00275960261342 -10.5340199623 0)
(0.00273524233623 -10.5334969209 0)
(0.00135895695825 -10.5329731448 0)
(5.20642926933e-05 -10.5327341152 0)
(-2573.10659032 -10.5325936515 0)
(2552.57773492 -15.802252118 0)
(1.31423181629 -15.2928933668 0)
(1.79138507748 -14.5426582705 0)
(1.95094735306 -13.7961873011 0)
(1.90844756504 -13.1525590943 0)
(1.76051461562 -12.6271505024 0)
(1.5681904516 -12.2066008317 0)
(1.36582911498 -11.8714722091 0)
(1.1713536244 -11.603928125 0)
(0.993291084971 -11.389537724 0)
(0.834972762179 -11.2170929782 0)
(0.696922250296 -11.0779678117 0)
(0.57820026901 -10.9654948656 0)
(0.477162744432 -10.874470852 0)
(0.391887495428 -10.8007903503 0)
(0.32041164568 -10.7411807249 0)
(0.260859573803 -10.6930103884 0)
(0.211507046154 -10.6541486827 0)
(0.170808152928 -10.6228618244 0)
(0.137400820537 -10.5977341899 0)
(0.110100346451 -10.5776076452 0)
(0.087886639486 -10.5615339609 0)
(0.0698885762413 -10.5487369126 0)
(0.055367498546 -10.5385817065 0)
(0.0437010273408 -10.5305500561 0)
(0.0343678472795 -10.5242197025 0)
(0.0269337969588 -10.5192474761 0)
(0.0210394028055 -10.5153552113 0)
(0.0163888684987 -10.51231797 0)
(0.0127404420245 -10.5099541313 0)
(0.00989800538368 -10.5081169855 0)
(0.00770364502673 -10.5066875518 0)
(0.00603086163276 -10.5055684513 0)
(0.00477774645889 -10.5046788385 0)
(0.00386098744555 -10.503950928 0)
(0.00321531426783 -10.5033288129 0)
(0.00286745836957 -10.5027742032 0)
(0.00283899455739 -10.5022577805 0)
(0.00143764075005 -10.5017457263 0)
(9.45556990613e-05 -10.5014431339 0)
(-2571.00319808 -10.5012694927 0)
(2549.45274349 -15.9998599849 0)
(1.44715840238 -15.4207694139 0)
(1.94748709262 -14.5897980519 0)
(2.09411089468 -13.788217778 0)
(2.02757937213 -13.1144192393 0)
(1.85612880077 -12.5747304055 0)
(1.64409495291 -12.1488669435 0)
(1.42607519731 -11.8131420201 0)
(1.21935263262 -11.5473141678 0)
(1.03170844442 -11.3356436736 0)
(0.865846390365 -11.1662239121 0)
(0.721809668756 -11.0300663668 0)
(0.598301993245 -10.9203269959 0)
(0.493414893668 -10.8317285295 0)
(0.405028629052 -10.7601478174 0)
(0.331030575712 -10.7023243775 0)
(0.269429781404 -10.6556535326 0)
(0.218411806555 -10.6180376115 0)
(0.176359210677 -10.5877769843 0)
(0.141852541847 -10.5634886709 0)
(0.113660648509 -10.5440443255 0)
(0.0907255776047 -10.5285220939 0)
(0.072145192416 -10.5161686147 0)
(0.0571553517109 -10.5063686025 0)
(0.045112703892 -10.4986202149 0)
(0.0354786691419 -10.4925149197 0)
(0.0278048898834 -10.487720916 0)
(0.0217202505218 -10.4839693947 0)
(0.0169194528114 -10.4810430763 0)
(0.0131530502559 -10.4787665738 0)
(0.0102187704078 -10.4769982103 0)
(0.00795386364951 -10.475622998 0)
(0.0062281085755 -10.4745466041 0)
(0.00493672922874 -10.4736902945 0)
(0.00399400997886 -10.4729874098 0)
(0.00333177353009 -10.4723822245 0)
(0.00297380909038 -10.4718365422 0)
(0.00294093771942 -10.4713269004 0)
(0.00152188627311 -10.4708258278 0)
(0.000147311006885 -10.4704525564 0)
(-2568.9060478 -10.4702406493 0)
(2546.29360904 -16.220846128 0)
(1.5962442029 -15.5589423713 0)
(2.11789540468 -14.6359811856 0)
(2.24602311558 -13.7753751692 0)
(2.15114503952 -13.0711649866 0)
(1.95362507478 -12.5180223186 0)
(1.72050812869 -12.0878098757 0)
(1.48613967013 -11.7523167408 0)
(1.26685329371 -11.4888536409 0)
(1.06950913611 -11.2803982217 0)
(0.896088223527 -11.1143814382 0)
(0.746101633527 -10.981482959 0)
(0.617867836467 -10.8747049392 0)
(0.509198580138 -10.7887124824 0)
(0.41776832584 -10.7193762785 0)
(0.341310502639 -10.6634562353 0)
(0.277716926989 -10.6183805381 0)
(0.225082355812 -10.5820888913 0)
(0.18171794106 -10.5529191263 0)
(0.146147352287 -10.5295234561 0)
(0.11709366185 -10.510805328 0)
(0.0934617816547 -10.4958708686 0)
(0.0743192745199 -10.4839908858 0)
(0.0588771785048 -10.474570677 0)
(0.0464717639088 -10.4671257366 0)
(0.0365477070665 -10.4612620054 0)
(0.0286429019481 -10.4566596801 0)
(0.0223749707397 -10.453059839 0)
(0.0174294326699 -10.4502533129 0)
(0.0135494152303 -10.4480713363 0)
(0.0105267205504 -10.4463775986 0)
(0.00819396626686 -10.4450613936 0)
(0.00641740233254 -10.4440316758 0)
(0.00508958530641 -10.4432120057 0)
(0.00412260145297 -10.442536934 0)
(0.00344548779804 -10.4419508387 0)
(0.0030785231811 -10.441415309 0)
(0.00304113743157 -10.4409126465 0)
(0.0016125095549 -10.4404216486 0)
(0.000211591391027 -10.4399701367 0)
(-2566.81505944 -10.4397144584 0)
(2543.09678579 -16.4685846779 0)
(1.76413139086 -15.7078437821 0)
(2.30420053304 -14.679957285 0)
(2.40707413449 -13.7565910945 0)
(2.27904994224 -13.0222024485 0)
(2.05279982294 -12.4567556209 0)
(1.79723606848 -12.0233496296 0)
(1.54586644427 -11.6890240631 0)
(1.31373633644 -11.4286351712 0)
(1.10660288495 -11.223925785 0)
(0.925629442907 -11.0617120752 0)
(0.769744968571 -10.9323785411 0)
(0.636856088561 -10.8287996394 0)
(0.524480625803 -10.7456009657 0)
(0.43007987847 -10.6786596102 0)
(0.351229723795 -10.6247646771 0)
(0.285703250203 -10.5813835034 0)
(0.231504088903 -10.5464977612 0)
(0.186872297722 -10.5184861781 0)
(0.150275301523 -10.4960387909 0)
(0.120391165994 -10.4780929014 0)
(0.0960884660376 -10.4637842645 0)
(0.0764052307388 -10.4524091948 0)
(0.0605283815591 -10.4433946748 0)
(0.047774438212 -10.4362744522 0)
(0.0375718804393 -10.43066971 0)
(0.0294453231796 -10.4262732905 0)
(0.0230015239489 -10.42283671 0)
(0.0179171533368 -10.42015938 0)
(0.0139281931248 -10.4180795606 0)
(0.0108207589527 -10.4164666593 0)
(0.00842304820116 -10.4152145573 0)
(0.00659798614928 -10.4142357572 0)
(0.00523567759176 -10.4134563155 0)
(0.00424624337748 -10.4128120922 0)
(0.00355609853264 -10.4122474866 0)
(0.00318144753621 -10.4117235124 0)
(0.00313966980354 -10.4112280853 0)
(0.00171038823364 -10.4107461292 0)
(0.000288749036516 -10.4102083207 0)
(-2564.73011088 -10.4099028705 0)
(2539.85832334 -16.747090356 0)
(1.95396968147 -15.8677813131 0)
(2.50814594219 -14.7201078298 0)
(2.57757408288 -13.7306385142 0)
(2.41111213424 -12.9669013836 0)
(2.15339563856 -12.3906600186 0)
(1.87405444025 -11.9554157873 0)
(1.6050825618 -11.6233017497 0)
(1.35987294932 -11.3667557479 0)
(1.14289375533 -11.1663574228 0)
(0.954397672308 -11.0083676851 0)
(0.792684120688 -10.8829185158 0)
(0.655223351554 -10.7827858996 0)
(0.53922658598 -10.7025757108 0)
(0.441935583545 -10.6381849194 0)
(0.360765723991 -10.5864411551 0)
(0.293370310177 -10.5448574999 0)
(0.237661820876 -10.5114623689 0)
(0.191809735127 -10.4846789339 0)
(0.154226007614 -10.4632377603 0)
(0.123544567122 -10.4461121164 0)
(0.0985985229917 -10.4324690695 0)
(0.0783971924539 -10.4216318098 0)
(0.0621041270111 -10.4130501328 0)
(0.0490167568659 -10.4062769791 0)
(0.0385479394162 -10.4009495643 0)
(0.0302095019571 -10.3967740448 0)
(0.023597752842 -10.3935129447 0)
(0.0183808625564 -10.3909747436 0)
(0.014287959369 -10.38900515 0)
(0.0110997212079 -10.3874796582 0)
(0.00864014667685 -10.386297061 0)
(0.00676905069714 -10.3853736895 0)
(0.00537431831391 -10.3846383186 0)
(0.00436436722871 -10.384028235 0)
(0.00366320374563 -10.3834877745 0)
(0.00328240343899 -10.3829769546 0)
(0.00323661406907 -10.3824891004 0)
(0.0018164624665 -10.3820150924 0)
(0.000380243130636 -10.3813823632 0)
(-2562.6510372 -10.3810205166 0)
(2536.57381145 -17.061166236 0)
(2.1695278961 -16.0388669604 0)
(2.73162909281 -14.7543528672 0)
(2.75771542373 -13.6961228257 0)
(2.54704564136 -12.9046038902 0)
(2.2550969422 -12.3194710674 0)
(1.95070772226 -11.8839501938 0)
(1.66359845214 -11.5551985007 0)
(1.40512520183 -11.303320534 0)
(1.17828049752 -11.1078300736 0)
(0.982317224301 -10.9545043777 0)
(0.814861325681 -10.8332714268 0)
(0.672924649551 -10.7368409263 0)
(0.553400821835 -10.6598203598 0)
(0.453306789624 -10.59814089 0)
(0.369895207704 -10.5486784681 0)
(0.300699007445 -10.5089987838 0)
(0.243539802097 -10.4771819301 0)
(0.196517219429 -10.4516991694 0)
(0.157988665013 -10.4313243646 0)
(0.126544904153 -10.4150689063 0)
(0.100984527357 -10.402132893 0)
(0.0802890180946 -10.3918677862 0)
(0.0635993477048 -10.383747346 0)
(0.0501945519087 -10.3773446685 0)
(0.0394724672933 -10.3723138123 0)
(0.0309326471008 -10.3683749365 0)
(0.0241613841937 -10.3653021599 0)
(0.018818712267 -10.3629135366 0)
(0.0146272102055 -10.3610626625 0)
(0.0113623767526 -10.3596315049 0)
(0.00884424194381 -10.3585241111 0)
(0.00692973463597 -10.3576609411 0)
(0.00550476850031 -10.3569737341 0)
(0.00447635218879 -10.356401342 0)
(0.00376635460728 -10.3558879543 0)
(0.00338118235729 -10.3553920998 0)
(0.00333204223368 -10.3549122621 0)
(0.00193173567976 -10.3544451456 0)
(0.000487664212138 -10.3537082008 0)
(-2560.5776303 -10.3532825052 0)
(2533.2383167 -17.4165908356 0)
(2.41533235523 -16.2209164887 0)
(2.97669476914 -14.7800352867 0)
(2.94752387826 -13.6514790638 0)
(2.68644248588 -12.83463729 0)
(2.35752637785 -12.2429366992 0)
(2.0269089536 -11.8089098555 0)
(1.72120849377 -11.484774772 0)
(1.44934663475 -11.2384425408 0)
(1.21265698659 -11.048485637 0)
(1.00930940168 -10.9002812523 0)
(0.836216810957 -10.7836074861 0)
(0.689913564956 -10.6911427057 0)
(0.566966593242 -10.6175187254 0)
(0.464163961877 -10.5587159503 0)
(0.378594145225 -10.5116688522 0)
(0.307669617781 -10.4740028205 0)
(0.249121743758 -10.4438546952 0)
(0.200981248234 -10.4197475586 0)
(0.161552060233 -10.4005013926 0)
(0.129382861429 -10.3851679044 0)
(0.103238747022 -10.3729819703 0)
(0.0820743018667 -10.3633247433 0)
(0.0650087505401 -10.355695122 0)
(0.0513034635914 -10.3496873402 0)
(0.0403418858302 -10.3449731294 0)
(0.0316118324479 -10.3412873577 0)
(0.0246900328115 -10.3384163443 0)
(0.019228762038 -10.33618824 0)
(0.0149443657052 -10.3344649837 0)
(0.0116074314904 -10.3331354193 0)
(0.00903425943632 -10.3321092088 0)
(0.00707912609374 -10.3313112634 0)
(0.00562623814645 -10.3306765563 0)
(0.00458152318368 -10.33014567 0)
(0.00386505216944 -10.329662571 0)
(0.00347754188253 -10.3291837218 0)
(0.00342600492879 -10.328712472 0)
(0.00205727472369 -10.3282513704 0)
(0.000612771194006 -10.3274001079 0)
(-2558.50963906 -10.326901972 0)
(2529.84630999 -17.820356056 0)
(2.69683900589 -16.4133092151 0)
(3.24551657779 -14.7937775558 0)
(3.14679502307 -13.5949791074 0)
(2.82875411428 -12.7563320941 0)
(2.46024242909 -12.1608246579 0)
(2.1023401077 -11.7302700103 0)
(1.77769191508 -11.4121035259 0)
(1.49238302883 -11.1722421646 0)
(1.24591275522 -10.9884699095 0)
(1.03529285447 -10.8458589979 0)
(0.85668903501 -10.7340969584 0)
(0.706142401689 -10.6458682345 0)
(0.579886172909 -10.5758529052 0)
(0.474476764276 -10.5200962894 0)
(0.386837833664 -10.4756019147 0)
(0.314261838836 -10.4400621479 0)
(0.254390854474 -10.4116757524 0)
(0.205187879953 -10.3890214236 0)
(0.164904595849 -10.3709681265 0)
(0.132048788604 -10.356610108 0)
(0.105353159573 -10.3452187927 0)
(0.0837463877655 -10.3362064655 0)
(0.0663268283403 -10.3290983558 0)
(0.0523389504355 -10.3235108356 0)
(0.0411524637932 -10.319134157 0)
(0.0322440041108 -10.3157186202 0)
(0.025181207729 -10.3130633661 0)
(0.0196089843857 -10.3110071803 0)
(0.0152377743533 -10.3094208159 0)
(0.0118335317409 -10.3082004123 0)
(0.00920907310821 -10.3072616253 0)
(0.00721626512668 -10.3065341596 0)
(0.00573788718053 -10.3059565194 0)
(0.00467914925864 -10.3054712139 0)
(0.00395874424718 -10.3050219238 0)
(0.00357120214906 -10.3045623627 0)
(0.00351851250908 -10.304100417 0)
(0.00219420850874 -10.3036448354 0)
(0.000757543907875 -10.3026681724 0)
(-2556.44676989 -10.3020874027 0)
(2526.39158365 -18.2809711012 0)
(3.02064805526 -16.6147931412 0)
(3.54036079067 -14.7913047859 0)
(3.35501297061 -13.5247544912 0)
(2.97327337578 -12.6690459197 0)
(2.5627387946 -12.072930616 0)
(2.17665317999 -11.6480273056 0)
(1.83281406292 -11.3372708926 0)
(1.53407335802 -11.104846582 0)
(1.27793361991 -10.9279313928 0)
(1.06018399189 -10.7913983723 0)
(0.876214963632 -10.6849084297 0)
(0.72156237561 -10.6011916381 0)
(0.592120982261 -10.5350012787 0)
(0.484214159966 -10.4824637566 0)
(0.39460097354 -10.4406624493 0)
(0.320454850255 -10.4073641183 0)
(0.259329888603 -10.3808347049 0)
(0.209122773396 -10.359712357 0)
(0.168034323356 -10.342917915 0)
(0.134532728195 -10.32959041 0)
(0.107319475533 -10.3190396025 0)
(0.0852983892525 -10.3107103655 0)
(0.0675478765154 -10.3041554672 0)
(0.0532963033571 -10.2990144335 0)
(0.0419003289168 -10.2949968992 0)
(0.0328259906128 -10.2918693353 0)
(0.0256323207938 -10.2894443398 0)
(0.01995727208 -10.2875718852 0)
(0.0155057192969 -10.2861320242 0)
(0.012039269613 -10.2850286253 0)
(0.00936750996658 -10.2841837337 0)
(0.00734014728146 -10.2835322113 0)
(0.00583882729991 -10.2830164179 0)
(0.00476844229592 -10.2825810233 0)
(0.00404682241101 -10.2821693839 0)
(0.00366184324685 -10.2817316495 0)
(0.00360951038381 -10.2812798729 0)
(0.00234372362981 -10.2808299744 0)
(0.000924257729719 -10.2797156432 0)
(-2554.38868794 -10.2790397675 0)
(2522.86715714 -18.8088523437 0)
(3.39477226895 -16.8232147783 0)
(3.86352430778 -14.7672268702 0)
(3.5712467963 -13.4388427867 0)
(3.11911888933 -12.5721940511 0)
(2.66444615191 -11.9790865572 0)
(2.24947205238 -11.5622030131 0)
(1.8863280598 -11.2603767178 0)
(1.5742509288 -11.0363890111 0)
(1.30860239716 -10.867019994 0)
(1.08389744708 -10.737058593 0)
(0.894730381861 -10.6362069963 0)
(0.736123831888 -10.5572822114 0)
(0.603631749198 -10.4951364323 0)
(0.493344530156 -10.445993686 0)
(0.401857761333 -10.4070281751 0)
(0.326227387714 -10.3760885633 0)
(0.263921206732 -10.3515132714 0)
(0.212771237937 -10.332003764 0)
(0.170928985255 -10.316535666 0)
(0.136824451117 -10.3042950483 0)
(0.109129168473 -10.2946318053 0)
(0.0867232148097 -10.2870248653 0)
(0.0686660147448 -10.2810557541 0)
(0.054170664035 -10.276388179 0)
(0.0425814834309 -10.272752033 0)
(0.0333545159917 -10.2699307075 0)
(0.0260406977473 -10.2677509063 0)
(0.0202714475178 -10.2660743524 0)
(0.01574642633 -10.2647908957 0)
(0.0122231898358 -10.2638125807 0)
(0.00950835589977 -10.2630682533 0)
(0.00744972829553 -10.2624983165 0)
(0.00592812479326 -10.2620493397 0)
(0.00484855604466 -10.2616684309 0)
(0.00412861900867 -10.2612986241 0)
(0.00374910435024 -10.2608855229 0)
(0.00369884752238 -10.2604449127 0)
(0.00250705444361 -10.2600018885 0)
(0.00111558529484 -10.258736212 0)
(-2552.3350188 -10.2579495073 0)
(2519.26517023 -19.4168255478 0)
(3.82897314997 -17.0351451837 0)
(4.21723518898 -14.7147712316 0)
(3.79401953443 -13.3352687706 0)
(3.26522462168 -12.465286919 0)
(2.76473700221 -11.8791687696 0)
(2.32039514788 -11.4728462062 0)
(1.93797686332 -11.1815349738 0)
(1.61274470279 -10.9670078389 0)
(1.33779970353 -10.805885648 0)
(1.10634659143 -10.6829956741 0)
(0.912170239941 -10.5881524145 0)
(0.749776488406 -10.5143024303 0)
(0.614378687341 -10.4564230555 0)
(0.501835811409 -10.4108526968 0)
(0.408581998083 -10.3748674523 0)
(0.331557830998 -10.3464054352 0)
(0.268146848461 -10.3238828614 0)
(0.216118294463 -10.3060683821 0)
(0.17357606651 -10.2919953162 0)
(0.138913500337 -10.2808990318 0)
(0.110773512134 -10.2721713588 0)
(0.0880135994925 -10.2653267517 0)
(0.0696752137626 -10.2599767206 0)
(0.0549570475864 -10.2558101894 0)
(0.0431918232184 -10.2525781931 0)
(0.0338262159489 -10.2500818038 0)
(0.0264035918113 -10.2481624881 0)
(0.0205492742045 -10.2466942935 0)
(0.0159580736367 -10.2455773741 0)
(0.0123837980858 -10.2447324088 0)
(0.00963036281299 -10.2440954693 0)
(0.00754393001067 -10.243612903 0)
(0.00600480442146 -10.2432358732 0)
(0.00491858541962 -10.2429142546 0)
(0.00420340400265 -10.2425908234 0)
(0.00383258551483 -10.2422054434 0)
(0.00378623727619 -10.2417770782 0)
(0.00268546377624 -10.241343631 0)
(0.00133473396253 -10.2399113077 0)
(-2550.2853508 -10.2389934159 0)
(2515.57676299 -20.120775511 0)
(4.33518313218 -17.2453629097 0)
(4.60349959041 -14.6254565264 0)
(4.02114365882 -13.2121760868 0)
(3.41033888952 -12.3479739547 0)
(2.86293429447 -11.7731044886 0)
(2.38899881154 -11.3800368506 0)
(1.98749573326 -11.1008740088 0)
(1.64938079397 -10.8968456267 0)
(1.36540483012 -10.7446768925 0)
(1.12744409378 -10.6293607522 0)
(0.928469030625 -10.5408972575 0)
(0.762469703672 -10.4724059804 0)
(0.624321695895 -10.4190158647 0)
(0.509655650803 -10.377196524 0)
(0.414747213657 -10.3443370322 0)
(0.336424305902 -10.3184724847 0)
(0.271988617356 -10.2981021905 0)
(0.219148746977 -10.2820658393 0)
(0.175962855305 -10.2694573406 0)
(0.140789242601 -10.2595636082 0)
(0.112243624489 -10.2518202028 0)
(0.089162142436 -10.2457785763 0)
(0.0705693272034 -10.2410814497 0)
(0.0556503695379 -10.2374440034 0)
(0.0437271605699 -10.2346393031 0)
(0.0342376570033 -10.2324868675 0)
(0.0267181997936 -10.2308435902 0)
(0.0207884703093 -10.2295964236 0)
(0.0161388032728 -10.2286563401 0)
(0.0125195708044 -10.2279531202 0)
(0.00973225706602 -10.2274304984 0)
(0.0076216475163 -10.2270411883 0)
(0.00606785446152 -10.2267413608 0)
(0.00497756599338 -10.2264840453 0)
(0.00427038125864 -10.22621192 0)
(0.00391185339238 -10.225857647 0)
(0.00387120999701 -10.2254425855 0)
(0.00288020853953 -10.2250235442 0)
(0.00158562832632 -10.2234074944 0)
(-2548.23923786 -10.2223314695 0)
(2511.79194254 -20.9404898063 0)
(4.9280369469 -17.4461395814 0)
(5.02387255354 -14.4886966311 0)
(4.24951604877 -13.0680312529 0)
(3.55303894133 -12.2200918168 0)
(2.95832442303 -11.6608758703 0)
(2.45484124384 -11.2838888076 0)
(2.0346151081 -11.0185366043 0)
(1.68398412603 -10.8260479957 0)
(1.39129667842 -10.6835394331 0)
(1.14710251844 -10.5762984428 0)
(0.943561194315 -10.494585128 0)
(0.774152766971 -10.4317358581 0)
(0.633420578619 -10.3830576074 0)
(0.516771577917 -10.3451679385 0)
(0.420326805934 -10.3155799013 0)
(0.34080479933 -10.2924330389 0)
(0.275428177548 -10.2743149983 0)
(0.221847264434 -10.2601403203 0)
(0.178076512734 -10.2490663729 0)
(0.142440927909 -10.2404338429 0)
(0.113530518505 -10.2337238049 0)
(0.0901613501002 -10.2285261698 0)
(0.0713421283363 -10.224516093 0)
(0.0562454769101 -10.2214360493 0)
(0.0441832504043 -10.219082025 0)
(0.0345853585306 -10.2172927536 0)
(0.0269816805956 -10.2159412226 0)
(0.0209867242226 -10.214927873 0)
(0.0162867343218 -10.2141750144 0)
(0.0126289664244 -10.2136220014 0)
(0.00981274918037 -10.2132206788 0)
(0.00768175753822 -10.2129305631 0)
(0.00611623303177 -10.2127132762 0)
(0.00502447357947 -10.2125254562 0)
(0.00432868365023 -10.2123099873 0)
(0.00398645242226 -10.2119905323 0)
(0.00395305784019 -10.2115896379 0)
(0.00309248198427 -10.2111927144 0)
(0.00187314891073 -10.2093740754 0)
(-2546.196203 -10.2081036535 0)
(2507.89943712 -21.9007589593 0)
(5.62554176722 -17.6262530607 0)
(5.4791212561 -14.2913236608 0)
(4.47486462168 -12.9019302636 0)
(3.69176996604 -12.0817125531 0)
(3.05017489631 -11.542519591 0)
(2.51746666474 -11.1845528628 0)
(2.07906389564 -10.9346798066 0)
(1.71638022822 -10.7547624013 0)
(1.41535474071 -10.6226147354 0)
(1.16523495479 -10.5239452729 0)
(0.957381547566 -10.4493489756 0)
(0.78477520779 -10.3924225966 0)
(0.641635279812 -10.3486772068 0)
(0.523151192023 -10.314894817 0)
(0.425294193571 -10.2887232851 0)
(0.344677286518 -10.2684139439 0)
(0.278447161081 -10.2526479375 0)
(0.224198472054 -10.2404184083 0)
(0.179904150781 -10.2309490052 0)
(0.143857756198 -10.2236363841 0)
(0.114625159106 -10.2180088932 0)
(0.0910036848174 -10.2136963488 0)
(0.0719873513138 -10.2104075536 0)
(0.0567371831294 -10.2079133086 0)
(0.0445558196935 -10.2060334068 0)
(0.0348658174833 -10.2046265622 0)
(0.0271911759263 -10.2035825223 0)
(0.0211417119538 -10.2028158003 0)
(0.0163999775896 -10.2022605628 0)
(0.0127104379268 -10.2018662138 0)
(0.0098705447261 -10.2015931622 0)
(0.00772312803638 -10.2014081784 0)
(0.00614887583595 -10.2012788053 0)
(0.00505822378192 -10.2011658161 0)
(0.00437736604115 -10.2010128161 0)
(0.00405592327042 -10.2007322608 0)
(0.00403077357412 -10.200345926 0)
(0.00332332103577 -10.1999826109 0)
(0.00220344050553 -10.1979410215 0)
(-2544.15574231 -10.1964268308 0)
(2503.88654014 -23.0328165517 0)
(6.44992400659 -17.7696243374 0)
(5.96873711296 -14.0170190751 0)
(4.69143827031 -12.7140494921 0)
(3.82492107584 -11.9331833214 0)
(3.13775636109 -11.418120014 0)
(2.57640920073 -11.0822200692 0)
(2.12057320041 -10.8494744748 0)
(1.74639714026 -10.6831367933 0)
(1.4374601041 -10.5620386853 0)
(1.18175567041 -10.4724282319 0)
(0.969865729579 -10.4053095661 0)
(0.794287120725 -10.3545826678 0)
(0.648926134538 -10.3159880987 0)
(0.528762362267 -10.2864884191 0)
(0.429622980554 -10.2638768689 0)
(0.348019868832 -10.2465237367 0)
(0.281027284672 -10.2332087016 0)
(0.226187050909 -10.2230071722 0)
(0.181432917559 -10.2152118409 0)
(0.145028950312 -10.2092774842 0)
(0.115518525575 -10.2047814515 0)
(0.0916816180107 -10.2013948882 0)
(0.072498736377 -10.19886144 0)
(0.0571203062737 -10.1969812536 0)
(0.0448405996814 -10.1955988058 0)
(0.0350755354292 -10.1945935505 0)
(0.0273438329641 -10.1938726561 0)
(0.0212511161292 -10.1933652876 0)
(0.0164766516317 -10.1930179847 0)
(0.0127624465364 -10.1927906764 0)
(0.00990435626051 -10.1926527927 0)
(0.00774462892504 -10.1925788195 0)
(0.00616470549866 -10.1925427139 0)
(0.0050776714189 -10.1925099852 0)
(0.00441539470325 -10.1924257841 0)
(0.00411983043508 -10.1921886596 0)
(0.00410298781775 -10.1918163969 0)
(0.00357346288903 -10.191502962 0)
(0.00258430492886 -10.189217352 0)
(-2542.11732943 -10.1873916926 0)
(2499.73894894 -24.3762313814 0)
(7.42870126255 -17.8534342721 0)
(6.49023622516 -13.6456438475 0)
(4.89163177242 -12.5062981454 0)
(3.95095586165 -11.7751431004 0)
(3.22036754675 -11.2877936734 0)
(2.6311957726 -10.9771259844 0)
(2.15888055083 -10.7631044545 0)
(1.77386738612 -10.6113181558 0)
(1.45749645298 -10.5019403495 0)
(1.19658077862 -10.4218634743 0)
(0.980950660393 -10.3625741429 0)
(0.802639501274 -10.3183171049 0)
(0.655254129561 -10.2850868113 0)
(0.533573437968 -10.2600419241 0)
(0.433287130042 -10.2411312959 0)
(0.350810919983 -10.2268511053 0)
(0.283150473986 -10.2160844507 0)
(0.227797844203 -10.2079925637 0)
(0.182650088372 -10.2019398653 0)
(0.145943834066 -10.197441348 0)
(0.116201678318 -10.1941250487 0)
(0.0921876871199 -10.1917048335 0)
(0.0728700782192 -10.1899603639 0)
(0.057389709967 -10.1887221335 0)
(0.0450333603115 -10.1878601655 0)
(0.0352110474299 -10.1872754016 0)
(0.0274368285106 -10.1868930824 0)
(0.0213126462263 -10.186657596 0)
(0.0165148998379 -10.1865283651 0)
(0.0127834763291 -10.1864763135 0)
(0.0099129160975 -10.1864803508 0)
(0.00774514380847 -10.1865231467 0)
(0.00616264269445 -10.1865855831 0)
(0.0050816097423 -10.1866385772 0)
(0.00444163117216 -10.1866300928 0)
(0.00417780069742 -10.1864415118 0)
(0.00416791309088 -10.186081379 0)
(0.00384313001437 -10.1858399044 0)
(0.00302569439279 -10.1832901086 0)
(-2540.0804205 -10.1810598264 0)
(2495.44060701 -25.9814026882 0)
(8.59604151336 -17.8455250837 0)
(7.03816433829 -13.1524705147 0)
(5.06553841974 -12.2832563054 0)
(4.06862197024 -11.6084983001 0)
(3.29735978428 -11.1516699435 0)
(2.68134704451 -10.869564689 0)
(2.19373476613 -10.6757740558 0)
(1.79862996127 -10.5394607066 0)
(1.47535104039 -10.4424516007 0)
(1.20962891173 -10.3723668167 0)
(0.990575003463 -10.3212477636 0)
(0.809784587034 -10.2837236165 0)
(0.660581170702 -10.2560657846 0)
(0.537553465351 -10.2356438912 0)
(0.436261144311 -10.220572206 0)
(0.353029237869 -10.20947945 0)
(0.284798992987 -10.2013568395 0)
(0.229015967991 -10.1954548583 0)
(0.183543160697 -10.1912122509 0)
(0.146591913634 -10.1882062566 0)
(0.116665828494 -10.186117238 0)
(0.0925145549704 -10.1847031388 0)
(0.0730952763755 -10.1837807819 0)
(0.0575403459647 -10.1832119886 0)
(0.0451299460522 -10.1828931753 0)
(0.0352689520487 -10.1827475064 0)
(0.0274673940757 -10.1827189349 0)
(0.0213240595805 -10.1827676341 0)
(0.0165129081322 -10.1828664105 0)
(0.0127720493953 -10.1829976476 0)
(0.00989498963786 -10.1831501911 0)
(0.00772358246438 -10.183315369 0)
(0.006141619398 -10.1834815101 0)
(0.00506876947543 -10.1836256622 0)
(0.0044548077727 -10.1837005214 0)
(0.00422957321008 -10.1835664293 0)
(0.00422330930324 -10.1832144662 0)
(0.00413171695522 -10.1830721128 0)
(0.00354032053268 -10.1802390135 0)
(-2538.04445945 -10.1775084621 0)
)
;

boundaryField
{
    inout
    {
        type            empty;
    }
    top
    {
        type            calculated;
        value           nonuniform List<vector> 
41
(
(2495.44060701 -26.856493022 0)
(8.59604151336 -17.8139431989 0)
(7.03816433829 -12.8720311832 0)
(5.06553841974 -12.1686867738 0)
(4.06862197024 -11.5231532271 0)
(3.29735978428 -11.0821751359 0)
(2.68134704451 -10.8152083803 0)
(2.19373476613 -10.6318960796 0)
(1.79862996127 -10.5035425687 0)
(1.47535104039 -10.4128769208 0)
(1.20962891173 -10.3479006628 0)
(0.990575003463 -10.3009505777 0)
(0.809784587034 -10.2668576932 0)
(0.660581170702 -10.2420374772 0)
(0.537553465351 -10.2239686539 0)
(0.436261144311 -10.210850594 0)
(0.353029237869 -10.2013799141 0)
(0.284798992987 -10.1946030399 0)
(0.229015967991 -10.1898159208 0)
(0.183543160697 -10.1864951005 0)
(0.146591913634 -10.1842494406 0)
(0.116665828494 -10.1827858704 0)
(0.0925145549704 -10.1818847068 0)
(0.0730952763755 -10.1813816367 0)
(0.0575403459647 -10.181154388 0)
(0.0451299460522 -10.1811127835 0)
(0.0352689520487 -10.181191281 0)
(0.0274673940757 -10.1813433489 0)
(0.0213240595805 -10.181537192 0)
(0.0165129081322 -10.1817524335 0)
(0.0127720493953 -10.181977302 0)
(0.00989498963786 -10.1822057253 0)
(0.00772358246438 -10.1824334801 0)
(0.006141619398 -10.18265275 0)
(0.00506876947543 -10.1828438336 0)
(0.0044548077727 -10.1829623698 0)
(0.00422957321008 -10.1828571339 0)
(0.00422330930324 -10.1825079847 0)
(0.00413171695522 -10.1824224629 0)
(0.00354032053268 -10.1794429487 0)
(-2538.04445945 -10.176441423 0)
)
;
    }
    bottom
    {
        type            calculated;
        value           nonuniform List<vector> 
41
(
(2622.58139237 -14.237066026 0)
(0.0145578434802 -14.1350865595 0)
(0.0220265964902 -13.9459091564 0)
(0.0269154627605 -13.6945546297 0)
(0.0292620434412 -13.4075999012 0)
(0.0294744029089 -13.1093137609 0)
(0.0281581880247 -12.818111843 0)
(0.0258935054832 -12.5461500004 0)
(0.0231475090122 -12.3002417333 0)
(0.0202552623342 -12.0831998201 0)
(0.0174344586002 -11.8951364866 0)
(0.0148124660517 -11.7345106481 0)
(0.0124531646664 -11.5988871656 0)
(0.010378816845 -11.4854473548 0)
(0.00858613017944 -11.3913108287 0)
(0.0070573051487 -11.3137247512 0)
(0.00576727364133 -11.2501647257 0)
(0.00468824479924 -11.1983792783 0)
(0.0037924328019 -11.1563998298 0)
(0.00305359708933 -11.1225306223 0)
(0.00244782780676 -11.095327888 0)
(0.00195386432713 -11.0735740662 0)
(0.00155313426222 -11.0562506014 0)
(0.00122963281126 -11.0425113809 0)
(0.000969717989249 -11.0316579452 0)
(0.000761868563587 -11.0231170211 0)
(0.000596432992067 -11.0164205739 0)
(0.000465385913479 -11.0111883613 0)
(0.000362101080721 -11.0071128557 0)
(0.000281144737337 -11.0039463397 0)
(0.000218090217223 -11.0014899609 0)
(0.000169352503466 -10.9995845353 0)
(0.000132041097014 -10.9981029109 0)
(0.000103835670854 -10.9969437134 0)
(8.29276892741e-05 -10.9960261974 0)
(6.81718961131e-05 -10.9952851596 0)
(5.92902455064e-05 -10.9946627595 0)
(5.25642483983e-05 -10.9940993547 0)
(2.8431209679e-05 -10.9936114745 0)
(9.49053389517e-06 -10.9935307305 0)
(-2622.90065243 -10.9934216638 0)
)
;
    }
    frontback
    {
        type            empty;
    }
}


// ************************************************************************* //
