/*--------------------------------*- C++ -*----------------------------------*\
| =========                 |                                                 |
| \\      /  F ield         | OpenFOAM: The Open Source CFD Toolbox           |
|  \\    /   O peration     | Version:  2112                                  |
|   \\  /    A nd           | Website:  www.openfoam.com                      |
|    \\/     M anipulation  |                                                 |
\*---------------------------------------------------------------------------*/
FoamFile
{
    version     2.0;
    format      ascii;
    arch        "LSB;label=32;scalar=64";
    class       volScalarField;
    location    "6";
    object      T;
}
// * * * * * * * * * * * * * * * * * * * * * * * * * * * * * * * * * * * * * //

dimensions      [0 0 0 1 0 0 0];

internalField   nonuniform List<scalar> 
12013
(
300.003
300.01
300.017
300.024
300.031
300.039
300.047
300.055
300.064
300.073
300.083
300.092
300.102
300.113
300.124
300.135
300.147
300.159
300.172
300.185
300.199
300.213
300.228
300.243
300.258
300.274
300.291
300.308
300.326
300.344
300.363
300.382
300.402
300.423
300.444
300.466
300.489
300.512
300.536
300.561
300.586
300.612
300.639
300.666
300.695
300.724
300.754
300.785
300.816
300.849
300.882
300.916
300.952
300.988
301.025
301.063
301.103
301.143
301.185
301.227
301.272
301.317
301.364
301.412
301.461
301.513
301.566
301.62
301.677
301.736
301.797
301.86
301.926
301.996
302.068
302.145
302.227
302.315
302.41
302.517
302.64
300.003
300.01
300.017
300.024
300.031
300.039
300.047
300.055
300.064
300.073
300.082
300.092
300.102
300.113
300.124
300.135
300.147
300.159
300.172
300.185
300.199
300.213
300.228
300.243
300.258
300.274
300.291
300.308
300.326
300.344
300.363
300.382
300.402
300.423
300.444
300.466
300.489
300.512
300.536
300.561
300.586
300.612
300.639
300.666
300.695
300.724
300.754
300.784
300.816
300.848
300.882
300.916
300.951
300.988
301.025
301.063
301.102
301.143
301.184
301.227
301.271
301.316
301.363
301.411
301.461
301.512
301.565
301.619
301.676
301.734
301.795
301.858
301.924
301.993
302.065
302.142
302.222
302.308
302.401
302.501
302.611
300.003
300.01
300.017
300.024
300.031
300.039
300.047
300.055
300.064
300.073
300.082
300.092
300.102
300.113
300.124
300.135
300.147
300.159
300.172
300.185
300.199
300.213
300.228
300.243
300.258
300.274
300.291
300.308
300.326
300.344
300.363
300.382
300.402
300.423
300.444
300.466
300.489
300.512
300.536
300.561
300.586
300.612
300.639
300.666
300.694
300.724
300.753
300.784
300.816
300.848
300.882
300.916
300.951
300.987
301.024
301.062
301.102
301.142
301.184
301.226
301.27
301.315
301.362
301.41
301.459
301.51
301.563
301.617
301.673
301.732
301.792
301.855
301.92
301.988
302.059
302.134
302.212
302.295
302.383
302.475
302.572
300.003
300.01
300.017
300.024
300.031
300.039
300.047
300.055
300.064
300.073
300.082
300.092
300.102
300.113
300.124
300.135
300.147
300.159
300.172
300.185
300.199
300.213
300.227
300.243
300.258
300.274
300.291
300.308
300.326
300.344
300.363
300.382
300.402
300.423
300.444
300.466
300.489
300.512
300.536
300.56
300.586
300.612
300.638
300.666
300.694
300.723
300.753
300.784
300.815
300.848
300.881
300.915
300.95
300.986
301.024
301.062
301.101
301.141
301.182
301.225
301.269
301.314
301.36
301.408
301.457
301.508
301.56
301.614
301.67
301.727
301.787
301.849
301.913
301.98
302.049
302.121
302.197
302.276
302.358
302.442
302.529
300.003
300.01
300.017
300.024
300.031
300.039
300.047
300.055
300.064
300.073
300.082
300.092
300.102
300.113
300.124
300.135
300.147
300.159
300.172
300.185
300.199
300.213
300.227
300.243
300.258
300.274
300.291
300.308
300.326
300.344
300.363
300.382
300.402
300.423
300.444
300.466
300.488
300.512
300.536
300.56
300.585
300.611
300.638
300.666
300.694
300.723
300.753
300.783
300.815
300.847
300.88
300.914
300.949
300.985
301.022
301.06
301.099
301.139
301.181
301.223
301.267
301.311
301.357
301.405
301.454
301.504
301.556
301.609
301.664
301.721
301.78
301.84
301.903
301.968
302.035
302.105
302.177
302.251
302.327
302.405
302.483
300.003
300.01
300.017
300.024
300.031
300.039
300.047
300.055
300.064
300.073
300.082
300.092
300.102
300.113
300.124
300.135
300.147
300.159
300.172
300.185
300.199
300.213
300.227
300.242
300.258
300.274
300.291
300.308
300.325
300.344
300.363
300.382
300.402
300.423
300.444
300.466
300.488
300.511
300.535
300.56
300.585
300.611
300.638
300.665
300.693
300.722
300.752
300.782
300.814
300.846
300.879
300.913
300.948
300.984
301.021
301.059
301.097
301.137
301.178
301.22
301.264
301.308
301.354
301.401
301.449
301.499
301.55
301.602
301.657
301.712
301.77
301.829
301.89
301.953
302.017
302.084
302.152
302.221
302.292
302.363
302.434
300.003
300.01
300.017
300.024
300.031
300.039
300.047
300.055
300.064
300.073
300.082
300.092
300.102
300.113
300.124
300.135
300.147
300.159
300.172
300.185
300.199
300.213
300.227
300.242
300.258
300.274
300.291
300.308
300.325
300.344
300.362
300.382
300.402
300.422
300.443
300.465
300.488
300.511
300.535
300.559
300.584
300.61
300.637
300.664
300.692
300.721
300.751
300.781
300.813
300.845
300.878
300.912
300.946
300.982
301.019
301.056
301.095
301.134
301.175
301.217
301.26
301.304
301.349
301.395
301.443
301.492
301.542
301.594
301.647
301.701
301.757
301.815
301.874
301.934
301.996
302.059
302.123
302.188
302.254
302.319
302.384
300.003
300.01
300.017
300.024
300.031
300.039
300.047
300.055
300.064
300.073
300.082
300.092
300.102
300.113
300.124
300.135
300.147
300.159
300.172
300.185
300.199
300.213
300.227
300.242
300.258
300.274
300.29
300.307
300.325
300.343
300.362
300.381
300.401
300.422
300.443
300.465
300.487
300.51
300.534
300.559
300.584
300.609
300.636
300.663
300.691
300.72
300.75
300.78
300.811
300.843
300.876
300.91
300.944
300.98
301.016
301.053
301.092
301.131
301.171
301.212
301.255
301.298
301.343
301.389
301.435
301.483
301.533
301.583
301.635
301.688
301.742
301.798
301.854
301.912
301.971
302.03
302.091
302.151
302.212
302.273
302.333
300.003
300.01
300.017
300.024
300.031
300.039
300.047
300.055
300.064
300.073
300.082
300.092
300.102
300.113
300.124
300.135
300.147
300.159
300.172
300.185
300.198
300.212
300.227
300.242
300.258
300.274
300.29
300.307
300.325
300.343
300.362
300.381
300.401
300.421
300.443
300.464
300.487
300.51
300.533
300.558
300.583
300.608
300.635
300.662
300.69
300.719
300.748
300.778
300.809
300.841
300.874
300.907
300.941
300.976
301.013
301.05
301.087
301.126
301.166
301.207
301.249
301.291
301.335
301.38
301.426
301.473
301.521
301.57
301.621
301.672
301.724
301.777
301.832
301.887
301.942
301.998
302.055
302.112
302.168
302.225
302.28
300.003
300.01
300.017
300.024
300.031
300.039
300.047
300.055
300.064
300.073
300.082
300.092
300.102
300.113
300.124
300.135
300.147
300.159
300.172
300.185
300.198
300.212
300.227
300.242
300.257
300.273
300.29
300.307
300.324
300.343
300.361
300.381
300.4
300.421
300.442
300.464
300.486
300.509
300.532
300.557
300.582
300.607
300.634
300.661
300.688
300.717
300.746
300.776
300.807
300.838
300.871
300.904
300.938
300.973
301.008
301.045
301.082
301.121
301.16
301.2
301.241
301.283
301.326
301.37
301.415
301.461
301.507
301.555
301.604
301.653
301.703
301.754
301.806
301.858
301.911
301.964
302.017
302.07
302.122
302.175
302.226
300.003
300.01
300.017
300.024
300.031
300.039
300.047
300.055
300.064
300.073
300.082
300.092
300.102
300.113
300.124
300.135
300.147
300.159
300.171
300.185
300.198
300.212
300.227
300.241
300.257
300.273
300.289
300.306
300.324
300.342
300.361
300.38
300.4
300.42
300.441
300.463
300.485
300.508
300.531
300.555
300.58
300.606
300.632
300.659
300.686
300.715
300.744
300.773
300.804
300.835
300.867
300.9
300.934
300.968
301.003
301.039
301.076
301.114
301.153
301.192
301.232
301.273
301.315
301.358
301.402
301.446
301.492
301.538
301.584
301.632
301.68
301.728
301.777
301.827
301.876
301.926
301.976
302.025
302.074
302.123
302.171
300.003
300.01
300.017
300.024
300.031
300.039
300.047
300.055
300.064
300.073
300.082
300.092
300.102
300.113
300.123
300.135
300.146
300.159
300.171
300.184
300.198
300.212
300.226
300.241
300.257
300.273
300.289
300.306
300.323
300.341
300.36
300.379
300.399
300.419
300.44
300.462
300.484
300.507
300.53
300.554
300.579
300.604
300.63
300.657
300.684
300.712
300.741
300.77
300.8
300.831
300.863
300.895
300.929
300.963
300.997
301.033
301.069
301.106
301.144
301.182
301.222
301.262
301.303
301.344
301.387
301.43
301.473
301.518
301.562
301.608
301.654
301.7
301.746
301.793
301.839
301.886
301.933
301.979
302.025
302.07
302.114
300.003
300.01
300.017
300.024
300.031
300.039
300.047
300.055
300.064
300.073
300.082
300.092
300.102
300.112
300.123
300.135
300.146
300.158
300.171
300.184
300.198
300.211
300.226
300.241
300.256
300.272
300.288
300.305
300.323
300.341
300.359
300.378
300.398
300.418
300.439
300.46
300.482
300.505
300.528
300.552
300.577
300.602
300.627
300.654
300.681
300.709
300.737
300.766
300.796
300.827
300.858
300.89
300.923
300.956
300.99
301.025
301.06
301.097
301.134
301.171
301.21
301.249
301.288
301.328
301.369
301.411
301.453
301.495
301.538
301.581
301.625
301.668
301.712
301.756
301.8
301.844
301.887
301.931
301.973
302.016
302.057
300.003
300.01
300.017
300.024
300.031
300.039
300.047
300.055
300.064
300.073
300.082
300.092
300.102
300.112
300.123
300.134
300.146
300.158
300.171
300.184
300.197
300.211
300.225
300.24
300.256
300.271
300.288
300.305
300.322
300.34
300.358
300.377
300.397
300.417
300.438
300.459
300.481
300.503
300.526
300.55
300.574
300.599
300.625
300.651
300.678
300.705
300.733
300.762
300.791
300.821
300.852
300.884
300.916
300.948
300.982
301.016
301.051
301.086
301.122
301.159
301.196
301.233
301.272
301.311
301.35
301.39
301.43
301.47
301.511
301.552
301.593
301.635
301.676
301.718
301.759
301.8
301.841
301.881
301.921
301.96
301.999
300.003
300.01
300.016
300.024
300.031
300.039
300.047
300.055
300.063
300.072
300.082
300.091
300.102
300.112
300.123
300.134
300.146
300.158
300.17
300.183
300.197
300.211
300.225
300.24
300.255
300.271
300.287
300.304
300.321
300.339
300.357
300.376
300.395
300.415
300.436
300.457
300.479
300.501
300.524
300.547
300.571
300.596
300.621
300.647
300.674
300.701
300.728
300.757
300.786
300.815
300.845
300.876
300.908
300.94
300.972
301.005
301.039
301.074
301.109
301.144
301.18
301.216
301.253
301.291
301.328
301.366
301.405
301.443
301.482
301.521
301.56
301.599
301.638
301.677
301.715
301.754
301.792
301.83
301.867
301.904
301.94
300.003
300.01
300.016
300.023
300.031
300.038
300.046
300.055
300.063
300.072
300.082
300.091
300.101
300.112
300.123
300.134
300.145
300.157
300.17
300.183
300.196
300.21
300.224
300.239
300.254
300.27
300.286
300.303
300.32
300.338
300.356
300.375
300.394
300.414
300.434
300.455
300.476
300.498
300.521
300.544
300.568
300.592
300.617
300.643
300.669
300.695
300.723
300.751
300.779
300.808
300.838
300.868
300.898
300.93
300.961
300.994
301.026
301.06
301.094
301.128
301.162
301.197
301.233
301.269
301.305
301.341
301.377
301.414
301.451
301.488
301.524
301.561
301.598
301.634
301.67
301.706
301.742
301.777
301.812
301.846
301.88
300.003
300.01
300.016
300.023
300.031
300.038
300.046
300.055
300.063
300.072
300.081
300.091
300.101
300.111
300.122
300.133
300.145
300.157
300.169
300.182
300.196
300.209
300.224
300.238
300.253
300.269
300.285
300.302
300.319
300.336
300.354
300.373
300.392
300.412
300.432
300.452
300.474
300.495
300.518
300.541
300.564
300.588
300.613
300.638
300.663
300.69
300.716
300.744
300.771
300.8
300.829
300.858
300.888
300.918
300.949
300.98
301.012
301.044
301.077
301.11
301.143
301.177
301.21
301.245
301.279
301.313
301.348
301.383
301.417
301.452
301.487
301.521
301.556
301.59
301.624
301.658
301.691
301.724
301.756
301.788
301.82
300.003
300.01
300.016
300.023
300.031
300.038
300.046
300.054
300.063
300.072
300.081
300.091
300.101
300.111
300.122
300.133
300.145
300.156
300.169
300.182
300.195
300.209
300.223
300.237
300.252
300.268
300.284
300.3
300.317
300.334
300.352
300.371
300.39
300.409
300.429
300.45
300.471
300.492
300.514
300.537
300.56
300.583
300.607
300.632
300.657
300.683
300.709
300.736
300.763
300.79
300.818
300.847
300.876
300.905
300.935
300.966
300.996
301.027
301.058
301.09
301.122
301.154
301.186
301.219
301.251
301.284
301.317
301.35
301.382
301.415
301.448
301.48
301.512
301.544
301.576
301.608
301.639
301.67
301.7
301.73
301.759
300.003
300.01
300.016
300.023
300.031
300.038
300.046
300.054
300.063
300.072
300.081
300.09
300.1
300.111
300.121
300.133
300.144
300.156
300.168
300.181
300.194
300.208
300.222
300.236
300.251
300.266
300.282
300.298
300.315
300.332
300.35
300.368
300.387
300.406
300.426
300.446
300.467
300.488
300.51
300.532
300.555
300.578
300.601
300.625
300.65
300.675
300.701
300.727
300.753
300.78
300.807
300.835
300.863
300.891
300.92
300.949
300.979
301.008
301.038
301.068
301.099
301.129
301.16
301.191
301.222
301.253
301.284
301.315
301.346
301.376
301.407
301.437
301.468
301.498
301.527
301.557
301.586
301.615
301.643
301.671
301.698
300.003
300.01
300.016
300.023
300.03
300.038
300.046
300.054
300.063
300.071
300.081
300.09
300.1
300.11
300.121
300.132
300.143
300.155
300.167
300.18
300.193
300.207
300.22
300.235
300.25
300.265
300.28
300.297
300.313
300.33
300.348
300.366
300.384
300.403
300.423
300.442
300.463
300.484
300.505
300.527
300.549
300.571
300.594
300.618
300.642
300.666
300.691
300.717
300.742
300.768
300.795
300.821
300.848
300.876
300.903
300.931
300.96
300.988
301.017
301.045
301.074
301.103
301.132
301.162
301.191
301.22
301.249
301.278
301.307
301.336
301.365
301.393
301.422
301.45
301.478
301.505
301.532
301.559
301.586
301.612
301.637
300.003
300.01
300.016
300.023
300.03
300.038
300.046
300.054
300.062
300.071
300.08
300.09
300.1
300.11
300.12
300.131
300.143
300.154
300.166
300.179
300.192
300.205
300.219
300.233
300.248
300.263
300.278
300.294
300.311
300.328
300.345
300.363
300.381
300.399
300.418
300.438
300.458
300.478
300.499
300.52
300.542
300.564
300.587
300.61
300.633
300.657
300.681
300.705
300.73
300.755
300.781
300.806
300.832
300.859
300.885
300.912
300.939
300.966
300.993
301.021
301.048
301.076
301.103
301.131
301.158
301.186
301.213
301.241
301.268
301.295
301.322
301.349
301.375
301.401
301.427
301.453
301.478
301.503
301.528
301.552
301.576
300.003
300.009
300.016
300.023
300.03
300.038
300.045
300.054
300.062
300.071
300.08
300.089
300.099
300.109
300.12
300.13
300.142
300.153
300.165
300.178
300.191
300.204
300.217
300.232
300.246
300.261
300.276
300.292
300.308
300.325
300.342
300.359
300.377
300.395
300.414
300.433
300.453
300.473
300.493
300.514
300.535
300.556
300.578
300.601
300.623
300.646
300.669
300.693
300.717
300.741
300.766
300.79
300.815
300.84
300.866
300.891
300.917
300.943
300.969
300.995
301.021
301.047
301.073
301.099
301.125
301.15
301.176
301.202
301.227
301.253
301.278
301.303
301.328
301.352
301.376
301.4
301.424
301.447
301.471
301.493
301.516
300.003
300.009
300.016
300.023
300.03
300.037
300.045
300.053
300.062
300.07
300.079
300.089
300.098
300.108
300.119
300.13
300.141
300.152
300.164
300.176
300.189
300.202
300.216
300.23
300.244
300.258
300.274
300.289
300.305
300.321
300.338
300.355
300.373
300.391
300.409
300.428
300.447
300.466
300.486
300.506
300.527
300.548
300.569
300.59
300.612
300.634
300.657
300.68
300.703
300.726
300.749
300.773
300.797
300.821
300.845
300.869
300.894
300.918
300.943
300.967
300.992
301.016
301.041
301.065
301.09
301.114
301.138
301.162
301.186
301.21
301.233
301.257
301.28
301.303
301.325
301.348
301.37
301.392
301.413
301.434
301.455
300.003
300.009
300.016
300.023
300.03
300.037
300.045
300.053
300.061
300.07
300.079
300.088
300.098
300.108
300.118
300.129
300.14
300.151
300.163
300.175
300.187
300.2
300.214
300.227
300.241
300.256
300.271
300.286
300.301
300.317
300.334
300.351
300.368
300.385
300.403
300.421
300.44
300.459
300.478
300.498
300.518
300.538
300.559
300.579
300.6
300.622
300.643
300.665
300.687
300.71
300.732
300.755
300.777
300.8
300.823
300.846
300.869
300.892
300.916
300.939
300.962
300.985
301.008
301.031
301.054
301.077
301.099
301.122
301.144
301.166
301.188
301.21
301.232
301.253
301.274
301.295
301.316
301.336
301.356
301.376
301.395
300.003
300.009
300.016
300.023
300.03
300.037
300.045
300.052
300.061
300.069
300.078
300.087
300.097
300.107
300.117
300.127
300.138
300.15
300.161
300.173
300.186
300.198
300.211
300.225
300.239
300.253
300.267
300.282
300.298
300.313
300.329
300.346
300.362
300.379
300.397
300.415
300.433
300.451
300.47
300.489
300.508
300.528
300.547
300.567
300.588
300.608
300.629
300.65
300.671
300.692
300.714
300.735
300.757
300.778
300.8
300.822
300.844
300.866
300.887
300.909
300.931
300.953
300.975
300.996
301.018
301.039
301.06
301.081
301.102
301.123
301.143
301.164
301.184
301.204
301.223
301.243
301.262
301.281
301.3
301.318
301.336
300.003
300.009
300.016
300.022
300.029
300.037
300.044
300.052
300.06
300.069
300.077
300.086
300.096
300.106
300.116
300.126
300.137
300.148
300.159
300.171
300.183
300.196
300.209
300.222
300.236
300.249
300.264
300.278
300.293
300.309
300.324
300.34
300.357
300.373
300.39
300.407
300.425
300.443
300.461
300.479
300.498
300.516
300.535
300.555
300.574
300.594
300.614
300.634
300.654
300.674
300.694
300.715
300.735
300.756
300.776
300.797
300.817
300.838
300.859
300.879
300.9
300.92
300.94
300.961
300.981
301.001
301.021
301.04
301.06
301.079
301.098
301.117
301.136
301.155
301.173
301.191
301.209
301.227
301.244
301.261
301.278
300.003
300.009
300.015
300.022
300.029
300.036
300.044
300.051
300.06
300.068
300.077
300.086
300.095
300.104
300.114
300.125
300.135
300.146
300.157
300.169
300.181
300.193
300.206
300.219
300.232
300.246
300.26
300.274
300.289
300.304
300.319
300.334
300.35
300.366
300.383
300.399
300.416
300.433
300.451
300.468
300.486
300.504
300.523
300.541
300.56
300.578
300.597
300.616
300.636
300.655
300.674
300.693
300.713
300.732
300.752
300.771
300.791
300.81
300.829
300.849
300.868
300.887
300.906
300.925
300.944
300.963
300.981
301
301.018
301.036
301.054
301.071
301.089
301.106
301.123
301.14
301.157
301.173
301.19
301.206
301.221
300.003
300.009
300.015
300.022
300.029
300.036
300.043
300.051
300.059
300.067
300.076
300.084
300.094
300.103
300.113
300.123
300.133
300.144
300.155
300.167
300.178
300.19
300.203
300.215
300.228
300.242
300.255
300.269
300.284
300.298
300.313
300.328
300.343
300.359
300.375
300.391
300.407
300.424
300.44
300.457
300.474
300.492
300.509
300.527
300.545
300.563
300.581
300.599
300.617
300.635
300.653
300.672
300.69
300.708
300.727
300.745
300.763
300.782
300.8
300.818
300.836
300.854
300.872
300.889
300.907
300.925
300.942
300.959
300.976
300.993
301.01
301.026
301.043
301.059
301.075
301.09
301.106
301.121
301.136
301.151
301.166
300.003
300.009
300.015
300.022
300.028
300.035
300.043
300.05
300.058
300.066
300.075
300.083
300.092
300.102
300.111
300.121
300.132
300.142
300.153
300.164
300.176
300.187
300.199
300.212
300.224
300.237
300.251
300.264
300.278
300.292
300.306
300.321
300.336
300.351
300.366
300.382
300.397
300.413
300.429
300.446
300.462
300.479
300.495
300.512
300.529
300.546
300.563
300.58
300.598
300.615
300.632
300.649
300.667
300.684
300.701
300.719
300.736
300.753
300.77
300.787
300.804
300.821
300.838
300.854
300.871
300.887
300.903
300.919
300.935
300.951
300.967
300.982
300.997
301.012
301.027
301.042
301.056
301.071
301.085
301.099
301.112
300.003
300.009
300.015
300.021
300.028
300.035
300.042
300.05
300.057
300.065
300.074
300.082
300.091
300.1
300.11
300.119
300.129
300.14
300.15
300.161
300.173
300.184
300.196
300.208
300.22
300.233
300.246
300.259
300.272
300.286
300.3
300.314
300.328
300.343
300.357
300.372
300.387
300.403
300.418
300.434
300.449
300.465
300.481
300.497
300.513
300.529
300.546
300.562
300.578
300.594
300.611
300.627
300.644
300.66
300.676
300.692
300.709
300.725
300.741
300.757
300.773
300.788
300.804
300.82
300.835
300.85
300.865
300.88
300.895
300.91
300.925
300.939
300.953
300.967
300.981
300.995
301.008
301.022
301.035
301.048
301.061
300.003
300.009
300.015
300.021
300.028
300.034
300.041
300.049
300.056
300.064
300.072
300.081
300.09
300.099
300.108
300.117
300.127
300.137
300.148
300.158
300.169
300.18
300.192
300.204
300.216
300.228
300.24
300.253
300.266
300.279
300.293
300.306
300.32
300.334
300.348
300.362
300.377
300.392
300.406
300.421
300.436
300.451
300.466
300.482
300.497
300.512
300.528
300.543
300.559
300.574
300.59
300.605
300.62
300.636
300.651
300.666
300.682
300.697
300.712
300.727
300.742
300.757
300.771
300.786
300.8
300.814
300.829
300.843
300.857
300.87
300.884
300.897
300.911
300.924
300.937
300.95
300.962
300.975
300.987
300.999
301.011
300.003
300.009
300.014
300.021
300.027
300.034
300.041
300.048
300.055
300.063
300.071
300.079
300.088
300.097
300.106
300.115
300.125
300.135
300.145
300.155
300.166
300.177
300.188
300.199
300.211
300.223
300.235
300.247
300.26
300.272
300.285
300.298
300.312
300.325
300.339
300.353
300.366
300.38
300.394
300.409
300.423
300.437
300.452
300.466
300.481
300.495
300.51
300.525
300.539
300.554
300.569
300.583
300.598
300.612
300.627
300.641
300.655
300.67
300.684
300.698
300.712
300.726
300.739
300.753
300.767
300.78
300.793
300.807
300.82
300.832
300.845
300.858
300.87
300.882
300.895
300.907
300.918
300.93
300.942
300.953
300.964
300.003
300.008
300.014
300.02
300.027
300.033
300.04
300.047
300.054
300.062
300.07
300.078
300.086
300.095
300.104
300.113
300.122
300.132
300.142
300.152
300.162
300.173
300.184
300.195
300.206
300.218
300.229
300.241
300.253
300.266
300.278
300.291
300.303
300.316
300.329
300.343
300.356
300.369
300.383
300.396
300.41
300.424
300.437
300.451
300.465
300.479
300.493
300.507
300.52
300.534
300.548
300.562
300.576
300.589
300.603
300.616
300.63
300.643
300.657
300.67
300.683
300.696
300.709
300.722
300.735
300.747
300.76
300.772
300.784
300.796
300.808
300.82
300.832
300.843
300.855
300.866
300.877
300.888
300.899
300.909
300.92
300.003
300.008
300.014
300.02
300.026
300.033
300.039
300.046
300.053
300.061
300.069
300.076
300.085
300.093
300.102
300.111
300.12
300.129
300.139
300.149
300.159
300.169
300.18
300.19
300.201
300.212
300.224
300.235
300.247
300.259
300.271
300.283
300.295
300.308
300.32
300.333
300.345
300.358
300.371
300.384
300.397
300.41
300.423
300.436
300.45
300.463
300.476
300.489
300.502
300.515
300.528
300.542
300.555
300.567
300.58
300.593
300.606
300.619
300.631
300.644
300.656
300.668
300.681
300.693
300.705
300.716
300.728
300.74
300.751
300.763
300.774
300.785
300.796
300.807
300.817
300.828
300.838
300.849
300.859
300.869
300.879
300.003
300.008
300.014
300.02
300.026
300.032
300.039
300.045
300.052
300.06
300.067
300.075
300.083
300.091
300.1
300.108
300.117
300.126
300.136
300.145
300.155
300.165
300.175
300.186
300.196
300.207
300.218
300.229
300.241
300.252
300.264
300.275
300.287
300.299
300.311
300.323
300.335
300.348
300.36
300.372
300.385
300.397
300.41
300.422
300.435
300.448
300.46
300.473
300.485
300.498
300.51
300.522
300.535
300.547
300.559
300.571
300.583
300.595
300.607
300.619
300.631
300.643
300.654
300.665
300.677
300.688
300.699
300.71
300.721
300.732
300.742
300.753
300.763
300.773
300.783
300.793
300.803
300.813
300.822
300.832
300.841
300.003
300.008
300.013
300.019
300.025
300.031
300.038
300.044
300.051
300.059
300.066
300.073
300.081
300.089
300.098
300.106
300.115
300.124
300.133
300.142
300.152
300.162
300.171
300.182
300.192
300.202
300.213
300.224
300.235
300.246
300.257
300.268
300.28
300.291
300.303
300.314
300.326
300.338
300.35
300.362
300.374
300.385
300.397
300.409
300.421
300.433
300.445
300.457
300.469
300.481
300.493
300.505
300.517
300.528
300.54
300.551
300.563
300.574
300.586
300.597
300.608
300.619
300.63
300.641
300.652
300.662
300.673
300.683
300.693
300.703
300.714
300.723
300.733
300.743
300.752
300.762
300.771
300.78
300.789
300.798
300.807
300.003
300.008
300.013
300.019
300.025
300.031
300.037
300.044
300.05
300.057
300.065
300.072
300.08
300.088
300.096
300.104
300.112
300.121
300.13
300.139
300.149
300.158
300.168
300.178
300.188
300.198
300.208
300.219
300.229
300.24
300.251
300.262
300.273
300.284
300.295
300.306
300.317
300.329
300.34
300.352
300.363
300.375
300.386
300.398
300.409
300.421
300.432
300.444
300.455
300.467
300.478
300.489
300.5
300.512
300.523
300.534
300.545
300.556
300.566
300.577
300.588
300.598
300.609
300.619
300.629
300.639
300.649
300.659
300.669
300.679
300.688
300.698
300.707
300.716
300.725
300.734
300.743
300.752
300.761
300.769
300.778
300.003
300.008
300.013
300.019
300.024
300.03
300.037
300.043
300.05
300.056
300.063
300.071
300.078
300.086
300.094
300.102
300.11
300.119
300.128
300.137
300.146
300.155
300.164
300.174
300.184
300.194
300.204
300.214
300.224
300.235
300.245
300.256
300.267
300.277
300.288
300.299
300.31
300.321
300.332
300.343
300.354
300.365
300.377
300.388
300.399
300.41
300.421
300.432
300.443
300.454
300.465
300.476
300.487
300.498
300.508
300.519
300.529
300.54
300.55
300.561
300.571
300.581
300.591
300.601
300.611
300.62
300.63
300.639
300.649
300.658
300.667
300.676
300.685
300.694
300.703
300.711
300.72
300.728
300.737
300.745
300.753
300.002
300.008
300.013
300.018
300.024
300.03
300.036
300.042
300.049
300.056
300.063
300.07
300.077
300.085
300.093
300.101
300.109
300.117
300.126
300.134
300.143
300.152
300.162
300.171
300.181
300.19
300.2
300.21
300.22
300.23
300.241
300.251
300.262
300.272
300.283
300.293
300.304
300.315
300.326
300.336
300.347
300.358
300.369
300.38
300.39
300.401
300.412
300.423
300.434
300.444
300.455
300.465
300.476
300.486
300.497
300.507
300.517
300.527
300.537
300.547
300.557
300.567
300.577
300.586
300.596
300.605
300.614
300.624
300.633
300.642
300.651
300.659
300.668
300.677
300.685
300.693
300.701
300.71
300.717
300.725
300.733
300.002
300.007
300.013
300.018
300.024
300.03
300.036
300.042
300.048
300.055
300.062
300.069
300.076
300.084
300.091
300.099
300.107
300.116
300.124
300.133
300.142
300.151
300.16
300.169
300.178
300.188
300.198
300.208
300.217
300.227
300.238
300.248
300.258
300.268
300.279
300.289
300.3
300.31
300.321
300.331
300.342
300.353
300.363
300.374
300.385
300.395
300.406
300.416
300.427
300.437
300.448
300.458
300.468
300.478
300.488
300.499
300.509
300.518
300.528
300.538
300.548
300.557
300.567
300.576
300.585
300.595
300.604
300.613
300.621
300.63
300.639
300.647
300.656
300.664
300.672
300.681
300.689
300.696
300.704
300.712
300.719
300.002
300.007
300.013
300.018
300.024
300.029
300.035
300.042
300.048
300.055
300.061
300.069
300.076
300.083
300.091
300.099
300.107
300.115
300.123
300.132
300.141
300.15
300.159
300.168
300.177
300.187
300.196
300.206
300.216
300.226
300.236
300.246
300.256
300.266
300.277
300.287
300.297
300.308
300.318
300.329
300.339
300.35
300.36
300.371
300.381
300.392
300.402
300.413
300.423
300.433
300.444
300.454
300.464
300.474
300.484
300.494
300.504
300.514
300.524
300.533
300.543
300.552
300.561
300.571
300.58
300.589
300.598
300.607
300.616
300.624
300.633
300.641
300.65
300.658
300.666
300.674
300.682
300.69
300.697
300.705
300.712
302.795
302.917
303.019
303.108
303.188
303.26
303.326
303.387
303.443
303.495
303.543
303.587
303.629
303.668
303.704
303.738
303.77
303.8
303.829
303.857
303.884
303.91
303.937
303.964
303.992
304.021
304.049
304.077
304.105
304.133
304.16
304.187
304.214
304.241
304.268
304.294
304.321
304.347
304.373
304.398
304.424
304.45
304.475
304.501
304.526
304.551
304.576
304.601
304.626
304.651
304.676
304.701
304.726
304.751
304.775
304.8
304.824
304.849
304.873
304.897
304.922
304.946
304.97
304.994
305.018
305.042
305.066
305.09
305.114
305.138
305.162
305.186
305.209
305.233
305.257
305.28
305.304
305.327
305.351
305.374
305.398
305.421
305.444
305.467
305.491
305.514
305.537
305.56
305.582
305.605
305.628
305.65
305.673
305.695
305.718
305.74
305.762
305.784
305.806
305.827
305.849
305.87
305.891
305.912
305.933
305.953
305.974
305.994
306.014
306.033
306.053
306.072
306.09
306.109
306.127
306.144
306.162
306.178
306.195
306.211
306.226
306.241
306.256
306.269
306.283
306.295
306.307
306.318
306.329
306.338
306.347
306.355
306.362
306.367
306.372
306.375
306.378
306.379
306.378
306.376
306.372
306.366
306.359
306.349
306.337
306.322
306.305
306.285
306.262
306.235
306.204
306.169
306.13
306.084
306.033
305.975
305.915
305.845
305.747
305.604
305.386
302.729
302.838
302.935
303.023
303.102
303.175
303.241
303.303
303.36
303.413
303.462
303.509
303.552
303.592
303.63
303.666
303.699
303.732
303.762
303.792
303.82
303.849
303.877
303.905
303.934
303.962
303.991
304.02
304.048
304.076
304.104
304.132
304.159
304.186
304.214
304.24
304.267
304.294
304.32
304.346
304.372
304.398
304.424
304.45
304.475
304.501
304.526
304.552
304.577
304.602
304.627
304.652
304.677
304.702
304.727
304.752
304.776
304.801
304.826
304.85
304.875
304.899
304.924
304.948
304.972
304.997
305.021
305.045
305.069
305.093
305.117
305.141
305.165
305.189
305.213
305.237
305.261
305.284
305.308
305.332
305.355
305.379
305.402
305.426
305.449
305.472
305.496
305.519
305.542
305.565
305.588
305.611
305.633
305.656
305.678
305.701
305.723
305.745
305.767
305.789
305.811
305.832
305.854
305.875
305.896
305.916
305.937
305.957
305.977
305.997
306.017
306.036
306.055
306.073
306.091
306.109
306.127
306.144
306.16
306.176
306.192
306.207
306.222
306.236
306.249
306.262
306.274
306.285
306.296
306.306
306.314
306.322
306.329
306.335
306.34
306.344
306.346
306.347
306.346
306.344
306.34
306.335
306.327
306.317
306.305
306.291
306.273
306.253
306.229
306.202
306.171
306.136
306.096
306.05
305.997
305.938
305.875
305.8
305.698
305.55
305.33
302.671
302.767
302.858
302.941
303.018
303.09
303.156
303.218
303.276
303.33
303.38
303.427
303.472
303.514
303.553
303.59
303.626
303.659
303.692
303.723
303.753
303.783
303.812
303.842
303.871
303.901
303.93
303.959
303.988
304.016
304.045
304.073
304.101
304.128
304.156
304.183
304.21
304.237
304.264
304.29
304.317
304.343
304.369
304.395
304.421
304.447
304.473
304.498
304.524
304.549
304.575
304.6
304.625
304.651
304.676
304.701
304.726
304.751
304.776
304.8
304.825
304.85
304.874
304.899
304.924
304.948
304.973
304.997
305.021
305.046
305.07
305.094
305.118
305.143
305.167
305.191
305.215
305.239
305.263
305.286
305.31
305.334
305.358
305.381
305.405
305.428
305.452
305.475
305.498
305.522
305.545
305.568
305.591
305.614
305.636
305.659
305.681
305.704
305.726
305.748
305.77
305.792
305.813
305.835
305.856
305.877
305.898
305.918
305.939
305.959
305.978
305.998
306.017
306.036
306.054
306.072
306.09
306.107
306.124
306.14
306.156
306.171
306.186
306.2
306.214
306.226
306.239
306.25
306.261
306.271
306.28
306.288
306.295
306.301
306.306
306.31
306.312
306.313
306.313
306.311
306.307
306.301
306.294
306.284
306.272
306.257
306.24
306.219
306.195
306.168
306.136
306.101
306.06
306.013
305.959
305.899
305.833
305.753
305.646
305.495
305.276
302.616
302.702
302.784
302.863
302.937
303.006
303.072
303.133
303.191
303.245
303.296
303.344
303.39
303.433
303.473
303.512
303.549
303.584
303.618
303.651
303.682
303.714
303.744
303.775
303.805
303.835
303.865
303.894
303.923
303.953
303.981
304.01
304.038
304.066
304.094
304.122
304.15
304.177
304.204
304.231
304.258
304.284
304.311
304.337
304.363
304.39
304.416
304.442
304.468
304.493
304.519
304.545
304.57
304.596
304.621
304.646
304.672
304.697
304.722
304.747
304.772
304.797
304.822
304.847
304.872
304.896
304.921
304.946
304.97
304.995
305.019
305.044
305.068
305.093
305.117
305.141
305.166
305.19
305.214
305.238
305.262
305.286
305.31
305.334
305.358
305.381
305.405
305.429
305.452
305.476
305.499
305.522
305.546
305.569
305.592
305.614
305.637
305.66
305.682
305.705
305.727
305.749
305.771
305.792
305.814
305.835
305.856
305.877
305.897
305.917
305.937
305.957
305.976
305.995
306.014
306.032
306.05
306.067
306.084
306.101
306.117
306.132
306.147
306.162
306.176
306.189
306.201
306.213
306.224
306.234
306.243
306.251
306.258
306.264
306.27
306.273
306.276
306.277
306.277
306.275
306.271
306.265
306.258
306.248
306.236
306.221
306.204
306.183
306.159
306.131
306.099
306.063
306.021
305.974
305.919
305.858
305.789
305.705
305.594
305.44
305.223
302.56
302.638
302.714
302.787
302.858
302.925
302.988
303.048
303.106
303.16
303.211
303.259
303.306
303.349
303.391
303.431
303.469
303.506
303.541
303.575
303.608
303.64
303.672
303.703
303.734
303.765
303.796
303.826
303.856
303.885
303.914
303.944
303.972
304.001
304.029
304.057
304.085
304.113
304.14
304.168
304.195
304.222
304.249
304.276
304.302
304.329
304.355
304.381
304.408
304.434
304.46
304.486
304.511
304.537
304.563
304.589
304.614
304.64
304.665
304.69
304.716
304.741
304.766
304.791
304.816
304.841
304.866
304.891
304.916
304.941
304.966
304.99
305.015
305.04
305.064
305.089
305.113
305.138
305.162
305.186
305.211
305.235
305.259
305.283
305.307
305.331
305.355
305.379
305.403
305.427
305.45
305.474
305.497
305.521
305.544
305.567
305.59
305.613
305.636
305.658
305.681
305.703
305.725
305.747
305.768
305.79
305.811
305.832
305.853
305.873
305.894
305.913
305.933
305.952
305.971
305.99
306.008
306.025
306.043
306.059
306.076
306.091
306.107
306.121
306.135
306.148
306.161
306.173
306.184
306.194
306.204
306.212
306.219
306.226
306.231
306.235
306.238
306.239
306.239
306.237
306.233
306.227
306.22
306.21
306.198
306.183
306.165
306.145
306.12
306.092
306.06
306.023
305.981
305.933
305.877
305.814
305.742
305.654
305.54
305.385
305.172
302.505
302.576
302.646
302.714
302.78
302.844
302.906
302.964
303.02
303.074
303.125
303.173
303.22
303.264
303.307
303.348
303.387
303.424
303.461
303.496
303.53
303.563
303.596
303.628
303.66
303.692
303.723
303.753
303.784
303.814
303.844
303.873
303.903
303.932
303.96
303.989
304.017
304.045
304.073
304.101
304.129
304.156
304.183
304.21
304.237
304.264
304.291
304.317
304.344
304.37
304.397
304.423
304.449
304.475
304.501
304.527
304.553
304.579
304.604
304.63
304.655
304.681
304.706
304.732
304.757
304.782
304.808
304.833
304.858
304.883
304.908
304.933
304.958
304.983
305.008
305.033
305.058
305.082
305.107
305.132
305.156
305.181
305.205
305.229
305.254
305.278
305.302
305.326
305.35
305.374
305.398
305.422
305.446
305.469
305.493
305.516
305.54
305.563
305.586
305.609
305.631
305.654
305.676
305.698
305.72
305.742
305.764
305.785
305.806
305.827
305.847
305.867
305.887
305.907
305.926
305.944
305.963
305.981
305.998
306.015
306.032
306.048
306.063
306.078
306.092
306.105
306.118
306.13
306.142
306.152
306.162
306.17
306.178
306.184
306.19
306.194
306.197
306.198
306.198
306.196
306.193
306.187
306.18
306.17
306.158
306.143
306.125
306.104
306.08
306.051
306.019
305.981
305.938
305.889
305.833
305.768
305.693
305.602
305.485
305.33
305.122
302.449
302.514
302.579
302.642
302.705
302.765
302.824
302.881
302.935
302.988
303.038
303.087
303.133
303.178
303.221
303.262
303.302
303.34
303.377
303.414
303.449
303.483
303.517
303.55
303.582
303.614
303.646
303.677
303.708
303.739
303.769
303.799
303.829
303.859
303.888
303.917
303.945
303.974
304.002
304.03
304.058
304.086
304.114
304.141
304.168
304.196
304.223
304.25
304.277
304.303
304.33
304.357
304.383
304.409
304.436
304.462
304.488
304.514
304.54
304.566
304.592
304.618
304.643
304.669
304.695
304.72
304.746
304.771
304.797
304.822
304.847
304.873
304.898
304.923
304.948
304.973
304.998
305.023
305.048
305.073
305.098
305.123
305.147
305.172
305.197
305.221
305.246
305.27
305.295
305.319
305.343
305.367
305.391
305.415
305.439
305.463
305.486
305.509
305.533
305.556
305.579
305.602
305.624
305.647
305.669
305.691
305.713
305.734
305.756
305.777
305.797
305.818
305.838
305.858
305.877
305.896
305.915
305.933
305.951
305.968
305.985
306.001
306.017
306.032
306.046
306.06
306.073
306.085
306.097
306.107
306.117
306.126
306.134
306.14
306.146
306.15
306.153
306.155
306.155
306.153
306.15
306.144
306.137
306.127
306.115
306.1
306.082
306.061
306.036
306.008
305.975
305.937
305.893
305.843
305.786
305.72
305.642
305.548
305.429
305.275
305.073
302.393
302.453
302.512
302.572
302.63
302.688
302.743
302.798
302.851
302.902
302.951
302.999
303.045
303.09
303.133
303.175
303.215
303.254
303.292
303.329
303.364
303.4
303.434
303.468
303.501
303.534
303.566
303.598
303.629
303.66
303.691
303.722
303.752
303.782
303.811
303.841
303.87
303.899
303.927
303.956
303.984
304.012
304.04
304.068
304.096
304.123
304.151
304.178
304.205
304.232
304.259
304.286
304.313
304.34
304.366
304.393
304.419
304.445
304.472
304.498
304.524
304.55
304.576
304.602
304.628
304.654
304.68
304.706
304.731
304.757
304.783
304.808
304.834
304.859
304.885
304.91
304.935
304.961
304.986
305.011
305.036
305.061
305.086
305.111
305.136
305.161
305.186
305.211
305.235
305.26
305.284
305.309
305.333
305.357
305.381
305.405
305.429
305.453
305.476
305.5
305.523
305.546
305.569
305.592
305.614
305.637
305.659
305.681
305.702
305.724
305.745
305.765
305.786
305.806
305.826
305.845
305.864
305.882
305.9
305.918
305.935
305.951
305.967
305.983
305.997
306.011
306.025
306.037
306.049
306.06
306.07
306.079
306.087
306.094
306.099
306.104
306.107
306.109
306.109
306.107
306.104
306.099
306.091
306.082
306.07
306.055
306.037
306.016
305.991
305.962
305.928
305.89
305.846
305.795
305.737
305.669
305.589
305.493
305.373
305.219
305.025
302.335
302.391
302.446
302.502
302.557
302.611
302.664
302.716
302.767
302.816
302.865
302.911
302.957
303.001
303.044
303.086
303.126
303.165
303.204
303.241
303.277
303.313
303.348
303.382
303.416
303.449
303.482
303.514
303.546
303.578
303.609
303.64
303.671
303.701
303.731
303.761
303.79
303.82
303.849
303.878
303.906
303.935
303.963
303.991
304.019
304.047
304.075
304.103
304.13
304.157
304.185
304.212
304.239
304.266
304.293
304.32
304.346
304.373
304.4
304.426
304.453
304.479
304.505
304.532
304.558
304.584
304.61
304.636
304.662
304.688
304.714
304.74
304.766
304.792
304.817
304.843
304.869
304.894
304.92
304.945
304.971
304.996
305.021
305.047
305.072
305.097
305.122
305.147
305.172
305.197
305.222
305.247
305.271
305.296
305.32
305.344
305.369
305.393
305.417
305.44
305.464
305.487
305.511
305.534
305.557
305.579
305.602
305.624
305.646
305.667
305.689
305.71
305.73
305.751
305.771
305.79
305.81
305.828
305.847
305.865
305.882
305.899
305.915
305.93
305.945
305.96
305.973
305.986
305.998
306.009
306.019
306.029
306.037
306.044
306.05
306.055
306.058
306.06
306.06
306.059
306.056
306.051
306.043
306.034
306.022
306.007
305.989
305.967
305.942
305.913
305.88
305.841
305.796
305.744
305.685
305.616
305.535
305.437
305.316
305.165
304.978
302.277
302.329
302.381
302.432
302.484
302.535
302.585
302.635
302.683
302.731
302.778
302.824
302.868
302.912
302.954
302.995
303.036
303.075
303.113
303.151
303.188
303.224
303.259
303.294
303.328
303.362
303.395
303.428
303.46
303.492
303.524
303.555
303.586
303.617
303.647
303.677
303.707
303.737
303.766
303.795
303.824
303.853
303.882
303.91
303.939
303.967
303.995
304.023
304.051
304.079
304.106
304.134
304.161
304.188
304.216
304.243
304.27
304.297
304.324
304.35
304.377
304.404
304.43
304.457
304.484
304.51
304.536
304.563
304.589
304.615
304.642
304.668
304.694
304.72
304.746
304.772
304.798
304.824
304.85
304.876
304.901
304.927
304.953
304.978
305.004
305.029
305.055
305.08
305.105
305.131
305.156
305.181
305.206
305.23
305.255
305.28
305.304
305.329
305.353
305.377
305.401
305.425
305.448
305.472
305.495
305.518
305.541
305.563
305.585
305.607
305.629
305.65
305.672
305.692
305.713
305.732
305.752
305.771
305.79
305.808
305.825
305.843
305.859
305.875
305.89
305.905
305.919
305.932
305.944
305.955
305.966
305.976
305.984
305.991
305.998
306.003
306.006
306.008
306.009
306.008
306.004
305.999
305.992
305.983
305.971
305.956
305.938
305.916
305.891
305.862
305.828
305.789
305.743
305.691
305.631
305.561
305.478
305.379
305.259
305.11
304.931
302.218
302.266
302.315
302.363
302.411
302.459
302.507
302.554
302.601
302.646
302.691
302.736
302.779
302.822
302.863
302.904
302.944
302.983
303.022
303.059
303.096
303.132
303.168
303.203
303.237
303.271
303.305
303.338
303.371
303.403
303.435
303.466
303.498
303.529
303.559
303.59
303.62
303.65
303.68
303.709
303.739
303.768
303.797
303.826
303.854
303.883
303.911
303.939
303.968
303.996
304.024
304.051
304.079
304.107
304.134
304.162
304.189
304.216
304.243
304.271
304.298
304.325
304.352
304.378
304.405
304.432
304.459
304.485
304.512
304.539
304.565
304.592
304.618
304.644
304.671
304.697
304.723
304.75
304.776
304.802
304.828
304.854
304.88
304.906
304.932
304.957
304.983
305.009
305.035
305.06
305.086
305.111
305.136
305.161
305.186
305.211
305.236
305.261
305.286
305.31
305.334
305.358
305.382
305.406
305.43
305.453
305.476
305.499
305.522
305.544
305.566
305.588
305.609
305.63
305.651
305.671
305.691
305.71
305.729
305.748
305.766
305.783
305.8
305.816
305.832
305.847
305.861
305.874
305.887
305.898
305.909
305.919
305.928
305.935
305.942
305.947
305.951
305.953
305.954
305.953
305.95
305.945
305.938
305.929
305.917
305.902
305.884
305.862
305.837
305.808
305.774
305.734
305.688
305.636
305.574
305.503
305.42
305.321
305.201
305.056
304.885
302.159
302.204
302.249
302.294
302.339
302.384
302.429
302.474
302.518
302.562
302.605
302.648
302.69
302.732
302.772
302.812
302.852
302.891
302.929
302.966
303.003
303.039
303.074
303.109
303.144
303.178
303.212
303.245
303.278
303.31
303.343
303.374
303.406
303.437
303.468
303.499
303.529
303.56
303.59
303.62
303.649
303.679
303.708
303.737
303.766
303.795
303.824
303.852
303.88
303.909
303.937
303.965
303.993
304.021
304.049
304.076
304.104
304.132
304.159
304.187
304.214
304.241
304.268
304.296
304.323
304.35
304.377
304.404
304.431
304.458
304.484
304.511
304.538
304.565
304.591
304.618
304.645
304.671
304.698
304.724
304.75
304.777
304.803
304.829
304.856
304.882
304.908
304.934
304.96
304.986
305.011
305.037
305.063
305.088
305.114
305.139
305.164
305.189
305.214
305.239
305.264
305.288
305.312
305.337
305.36
305.384
305.408
305.431
305.454
305.477
305.499
305.521
305.543
305.564
305.585
305.606
305.626
305.646
305.665
305.684
305.702
305.72
305.737
305.754
305.77
305.785
305.799
305.813
305.826
305.838
305.849
305.859
305.868
305.876
305.883
305.888
305.892
305.895
305.896
305.895
305.893
305.888
305.881
305.872
305.86
305.845
305.827
305.806
305.78
305.751
305.716
305.677
305.631
305.577
305.516
305.444
305.36
305.261
305.143
305.002
304.839
302.098
302.14
302.182
302.225
302.267
302.31
302.352
302.394
302.436
302.478
302.52
302.561
302.601
302.642
302.681
302.72
302.759
302.797
302.834
302.871
302.908
302.944
302.979
303.014
303.049
303.083
303.116
303.15
303.183
303.215
303.248
303.28
303.311
303.343
303.374
303.405
303.435
303.466
303.496
303.526
303.556
303.586
303.615
303.645
303.674
303.703
303.732
303.761
303.789
303.818
303.846
303.875
303.903
303.931
303.959
303.987
304.015
304.043
304.071
304.099
304.126
304.154
304.181
304.209
304.236
304.264
304.291
304.318
304.345
304.373
304.4
304.427
304.454
304.481
304.508
304.535
304.562
304.589
304.615
304.642
304.669
304.695
304.722
304.749
304.775
304.802
304.828
304.854
304.881
304.907
304.933
304.959
304.985
305.011
305.037
305.063
305.088
305.114
305.139
305.164
305.189
305.214
305.239
305.263
305.287
305.311
305.335
305.359
305.382
305.405
305.428
305.45
305.473
305.494
305.516
305.537
305.557
305.577
305.597
305.616
305.635
305.653
305.671
305.687
305.704
305.719
305.734
305.748
305.761
305.774
305.785
305.796
305.805
305.813
305.82
305.826
305.83
305.833
305.835
305.834
305.832
305.827
305.82
305.811
305.8
305.785
305.767
305.746
305.72
305.691
305.656
305.616
305.57
305.517
305.455
305.383
305.299
305.2
305.084
304.948
304.793
302.038
302.077
302.116
302.155
302.195
302.235
302.275
302.315
302.355
302.395
302.435
302.474
302.513
302.552
302.59
302.628
302.666
302.703
302.739
302.776
302.812
302.847
302.882
302.917
302.951
302.985
303.019
303.052
303.085
303.117
303.15
303.182
303.214
303.245
303.276
303.307
303.338
303.369
303.399
303.43
303.46
303.49
303.519
303.549
303.578
303.608
303.637
303.666
303.695
303.723
303.752
303.781
303.809
303.838
303.866
303.894
303.922
303.951
303.979
304.007
304.034
304.062
304.09
304.118
304.146
304.173
304.201
304.228
304.256
304.283
304.311
304.338
304.366
304.393
304.42
304.447
304.475
304.502
304.529
304.556
304.583
304.61
304.637
304.664
304.691
304.718
304.744
304.771
304.798
304.824
304.851
304.877
304.903
304.93
304.956
304.982
305.008
305.034
305.059
305.085
305.11
305.135
305.16
305.185
305.21
305.234
305.259
305.283
305.306
305.33
305.353
305.376
305.398
305.42
305.442
305.464
305.485
305.505
305.525
305.545
305.564
305.582
305.6
305.617
305.634
305.65
305.665
305.679
305.693
305.706
305.718
305.728
305.738
305.747
305.754
305.76
305.765
305.768
305.769
305.769
305.767
305.763
305.756
305.748
305.736
305.722
305.704
305.683
305.657
305.628
305.593
305.553
305.507
305.453
305.391
305.32
305.236
305.139
305.025
304.894
304.746
301.976
302.012
302.049
302.086
302.124
302.161
302.199
302.237
302.274
302.312
302.35
302.387
302.425
302.462
302.499
302.536
302.572
302.608
302.644
302.68
302.715
302.75
302.784
302.818
302.852
302.886
302.919
302.952
302.985
303.018
303.05
303.082
303.113
303.145
303.176
303.207
303.238
303.269
303.299
303.33
303.36
303.39
303.42
303.45
303.479
303.509
303.538
303.567
303.596
303.625
303.654
303.683
303.712
303.74
303.769
303.797
303.826
303.854
303.882
303.911
303.939
303.967
303.995
304.023
304.051
304.079
304.107
304.134
304.162
304.19
304.218
304.245
304.273
304.301
304.328
304.356
304.383
304.411
304.438
304.466
304.493
304.52
304.548
304.575
304.602
304.629
304.656
304.683
304.71
304.737
304.764
304.791
304.817
304.844
304.871
304.897
304.923
304.949
304.975
305.001
305.027
305.053
305.078
305.103
305.128
305.153
305.178
305.202
305.226
305.25
305.274
305.297
305.32
305.342
305.365
305.386
305.408
305.429
305.449
305.469
305.488
305.507
305.526
305.543
305.56
305.577
305.592
305.607
305.621
305.634
305.646
305.657
305.667
305.676
305.684
305.69
305.695
305.699
305.701
305.701
305.699
305.695
305.689
305.68
305.669
305.655
305.637
305.616
305.591
305.562
305.527
305.487
305.441
305.388
305.326
305.254
305.172
305.076
304.966
304.84
304.7
301.914
301.948
301.982
302.017
302.052
302.087
302.123
302.158
302.194
302.23
302.266
302.301
302.337
302.373
302.408
302.444
302.479
302.514
302.548
302.583
302.617
302.651
302.685
302.719
302.752
302.785
302.818
302.851
302.883
302.916
302.948
302.979
303.011
303.042
303.074
303.105
303.135
303.166
303.197
303.227
303.257
303.287
303.317
303.347
303.377
303.406
303.436
303.465
303.494
303.523
303.552
303.581
303.61
303.639
303.668
303.697
303.725
303.754
303.782
303.811
303.839
303.867
303.896
303.924
303.952
303.98
304.008
304.036
304.065
304.093
304.121
304.148
304.176
304.204
304.232
304.26
304.288
304.316
304.343
304.371
304.399
304.426
304.454
304.481
304.509
304.536
304.564
304.591
304.619
304.646
304.673
304.7
304.727
304.754
304.781
304.808
304.834
304.861
304.887
304.914
304.94
304.966
304.992
305.017
305.043
305.068
305.093
305.118
305.142
305.166
305.19
305.214
305.237
305.26
305.283
305.305
305.327
305.348
305.369
305.389
305.409
305.428
305.447
305.465
305.482
305.499
305.515
305.53
305.544
305.558
305.57
305.582
305.592
305.602
305.61
305.617
305.622
305.626
305.628
305.628
305.627
305.623
305.618
305.609
305.598
305.584
305.567
305.546
305.521
305.492
305.458
305.418
305.372
305.319
305.258
305.187
305.106
305.013
304.906
304.786
304.652
301.851
301.883
301.916
301.948
301.981
302.014
302.047
302.081
302.114
302.148
302.182
302.216
302.25
302.284
302.318
302.352
302.386
302.419
302.453
302.486
302.52
302.553
302.586
302.619
302.652
302.684
302.716
302.749
302.781
302.812
302.844
302.875
302.907
302.938
302.969
303
303.03
303.061
303.091
303.122
303.152
303.182
303.212
303.242
303.271
303.301
303.33
303.36
303.389
303.418
303.448
303.477
303.506
303.535
303.563
303.592
303.621
303.65
303.678
303.707
303.736
303.764
303.793
303.821
303.85
303.878
303.906
303.935
303.963
303.991
304.019
304.048
304.076
304.104
304.132
304.16
304.188
304.216
304.244
304.272
304.3
304.328
304.356
304.384
304.412
304.44
304.467
304.495
304.523
304.55
304.578
304.605
304.633
304.66
304.687
304.714
304.741
304.768
304.795
304.822
304.848
304.874
304.901
304.927
304.952
304.978
305.003
305.029
305.054
305.078
305.103
305.127
305.15
305.174
305.197
305.219
305.241
305.263
305.284
305.305
305.325
305.345
305.364
305.382
305.4
305.417
305.434
305.449
305.464
305.478
305.491
305.503
305.513
305.523
305.532
305.539
305.544
305.549
305.551
305.552
305.551
305.548
305.542
305.534
305.524
305.51
305.493
305.473
305.448
305.419
305.385
305.346
305.301
305.248
305.188
305.119
305.039
304.948
304.846
304.731
304.604
301.789
301.819
301.849
301.879
301.91
301.941
301.972
302.004
302.035
302.067
302.099
302.132
302.164
302.196
302.228
302.261
302.293
302.326
302.358
302.39
302.422
302.455
302.487
302.519
302.55
302.582
302.614
302.645
302.677
302.708
302.739
302.77
302.801
302.832
302.863
302.893
302.924
302.954
302.984
303.014
303.044
303.074
303.104
303.134
303.163
303.193
303.222
303.252
303.281
303.31
303.34
303.369
303.398
303.427
303.456
303.485
303.514
303.542
303.571
303.6
303.629
303.657
303.686
303.715
303.743
303.772
303.8
303.829
303.857
303.886
303.914
303.943
303.971
304
304.028
304.056
304.085
304.113
304.141
304.169
304.198
304.226
304.254
304.282
304.31
304.338
304.366
304.395
304.422
304.45
304.478
304.506
304.534
304.561
304.589
304.616
304.644
304.671
304.698
304.725
304.752
304.779
304.805
304.832
304.858
304.884
304.91
304.935
304.961
304.986
305.01
305.035
305.059
305.083
305.106
305.129
305.151
305.174
305.195
305.216
305.237
305.257
305.276
305.295
305.313
305.331
305.348
305.364
305.379
305.393
305.406
305.419
305.43
305.44
305.449
305.457
305.463
305.467
305.47
305.472
305.471
305.468
305.463
305.455
305.445
305.432
305.415
305.395
305.371
305.343
305.31
305.271
305.226
305.175
305.115
305.048
304.97
304.883
304.784
304.674
304.555
301.726
301.754
301.782
301.81
301.839
301.868
301.898
301.927
301.957
301.987
302.017
302.048
302.078
302.109
302.14
302.171
302.202
302.233
302.264
302.295
302.326
302.357
302.388
302.419
302.45
302.48
302.511
302.542
302.573
302.603
302.634
302.664
302.695
302.725
302.755
302.785
302.815
302.845
302.875
302.905
302.935
302.965
302.994
303.024
303.053
303.083
303.112
303.141
303.171
303.2
303.229
303.258
303.287
303.316
303.345
303.374
303.403
303.432
303.461
303.49
303.518
303.547
303.576
303.605
303.633
303.662
303.691
303.72
303.748
303.777
303.806
303.834
303.863
303.891
303.92
303.949
303.977
304.006
304.034
304.063
304.091
304.12
304.148
304.177
304.205
304.233
304.262
304.29
304.318
304.346
304.375
304.403
304.431
304.459
304.486
304.514
304.542
304.57
304.597
304.624
304.652
304.679
304.706
304.732
304.759
304.785
304.811
304.837
304.863
304.888
304.914
304.938
304.963
304.987
305.011
305.034
305.057
305.08
305.102
305.123
305.144
305.165
305.184
305.204
305.222
305.24
305.257
305.274
305.289
305.304
305.318
305.33
305.342
305.353
305.362
305.37
305.377
305.382
305.385
305.387
305.386
305.384
305.379
305.372
305.363
305.35
305.334
305.314
305.291
305.263
305.23
305.193
305.149
305.098
305.04
304.975
304.9
304.815
304.721
304.617
304.504
301.663
301.689
301.715
301.742
301.769
301.796
301.824
301.852
301.88
301.908
301.936
301.965
301.994
302.023
302.052
302.082
302.111
302.141
302.17
302.2
302.23
302.259
302.289
302.319
302.349
302.379
302.409
302.439
302.468
302.498
302.528
302.558
302.588
302.617
302.647
302.677
302.706
302.736
302.765
302.795
302.824
302.853
302.883
302.912
302.941
302.97
303
303.029
303.058
303.087
303.116
303.145
303.174
303.203
303.232
303.261
303.29
303.319
303.348
303.376
303.405
303.434
303.463
303.492
303.521
303.549
303.578
303.607
303.636
303.665
303.693
303.722
303.751
303.78
303.808
303.837
303.866
303.895
303.923
303.952
303.981
304.01
304.038
304.067
304.096
304.124
304.153
304.181
304.21
304.238
304.267
304.295
304.323
304.352
304.38
304.408
304.436
304.464
304.492
304.519
304.547
304.574
304.602
304.629
304.656
304.682
304.709
304.735
304.761
304.787
304.812
304.838
304.862
304.887
304.911
304.935
304.958
304.981
305.003
305.025
305.047
305.068
305.088
305.108
305.127
305.145
305.162
305.179
305.195
305.21
305.224
305.238
305.25
305.261
305.27
305.279
305.286
305.291
305.295
305.297
305.298
305.296
305.292
305.285
305.276
305.264
305.248
305.229
305.207
305.179
305.148
305.111
305.068
305.019
304.963
304.899
304.827
304.746
304.657
304.558
304.451
301.6
301.625
301.649
301.674
301.699
301.725
301.751
301.777
301.803
301.83
301.857
301.884
301.911
301.938
301.966
301.994
302.022
302.05
302.078
302.106
302.135
302.163
302.192
302.22
302.249
302.278
302.307
302.336
302.365
302.394
302.423
302.451
302.48
302.509
302.538
302.567
302.596
302.625
302.654
302.683
302.712
302.741
302.77
302.799
302.828
302.857
302.886
302.915
302.944
302.972
303.001
303.03
303.059
303.088
303.117
303.145
303.174
303.203
303.232
303.261
303.289
303.318
303.347
303.376
303.405
303.434
303.462
303.491
303.52
303.549
303.578
303.607
303.636
303.665
303.694
303.722
303.751
303.78
303.809
303.838
303.867
303.896
303.925
303.954
303.982
304.011
304.04
304.069
304.098
304.126
304.155
304.184
304.212
304.241
304.269
304.298
304.326
304.354
304.382
304.41
304.438
304.466
304.493
304.521
304.548
304.575
304.602
304.628
304.655
304.681
304.707
304.732
304.757
304.782
304.807
304.831
304.855
304.878
304.901
304.923
304.945
304.966
304.987
305.007
305.026
305.045
305.063
305.08
305.096
305.112
305.126
305.14
305.152
305.164
305.174
305.183
305.19
305.196
305.201
305.203
305.204
305.203
305.199
305.193
305.185
305.173
305.158
305.14
305.118
305.092
305.061
305.026
304.984
304.937
304.883
304.821
304.753
304.676
304.59
304.497
304.396
301.538
301.561
301.584
301.607
301.631
301.654
301.679
301.703
301.728
301.753
301.778
301.803
301.829
301.855
301.881
301.907
301.934
301.96
301.987
302.014
302.041
302.068
302.096
302.123
302.151
302.178
302.206
302.234
302.262
302.29
302.318
302.346
302.374
302.402
302.43
302.459
302.487
302.515
302.543
302.572
302.6
302.629
302.657
302.686
302.714
302.742
302.771
302.8
302.828
302.857
302.885
302.914
302.942
302.971
303
303.028
303.057
303.085
303.114
303.143
303.172
303.2
303.229
303.258
303.287
303.315
303.344
303.373
303.402
303.431
303.46
303.489
303.518
303.547
303.576
303.605
303.634
303.663
303.692
303.721
303.75
303.779
303.808
303.837
303.866
303.895
303.924
303.953
303.982
304.011
304.04
304.068
304.097
304.126
304.155
304.183
304.212
304.24
304.269
304.297
304.325
304.353
304.381
304.409
304.436
304.463
304.491
304.517
304.544
304.571
304.597
304.623
304.648
304.673
304.698
304.723
304.747
304.77
304.793
304.816
304.838
304.86
304.881
304.901
304.921
304.94
304.958
304.976
304.993
305.009
305.024
305.038
305.05
305.062
305.073
305.082
305.09
305.097
305.102
305.105
305.106
305.105
305.102
305.097
305.089
305.078
305.064
305.047
305.026
305.001
304.971
304.937
304.897
304.851
304.8
304.741
304.675
304.602
304.522
304.434
304.339
301.476
301.497
301.519
301.54
301.562
301.585
301.607
301.63
301.653
301.677
301.7
301.724
301.748
301.773
301.797
301.822
301.847
301.872
301.898
301.923
301.949
301.975
302.001
302.027
302.053
302.08
302.107
302.133
302.16
302.187
302.214
302.241
302.268
302.296
302.323
302.35
302.378
302.405
302.433
302.461
302.488
302.516
302.544
302.572
302.6
302.628
302.656
302.684
302.712
302.74
302.768
302.796
302.825
302.853
302.881
302.91
302.938
302.967
302.995
303.023
303.052
303.081
303.109
303.138
303.166
303.195
303.224
303.253
303.282
303.31
303.339
303.368
303.397
303.426
303.455
303.484
303.513
303.542
303.571
303.6
303.63
303.659
303.688
303.717
303.746
303.775
303.804
303.833
303.863
303.892
303.921
303.95
303.979
304.008
304.036
304.065
304.094
304.123
304.151
304.18
304.208
304.236
304.264
304.292
304.32
304.348
304.375
304.402
304.429
304.456
304.482
304.508
304.534
304.56
304.585
304.61
304.634
304.658
304.681
304.704
304.727
304.749
304.77
304.791
304.811
304.83
304.849
304.867
304.884
304.9
304.916
304.93
304.944
304.956
304.967
304.977
304.985
304.992
304.998
305.001
305.003
305.003
305
304.996
304.989
304.978
304.965
304.949
304.929
304.905
304.877
304.844
304.806
304.762
304.713
304.658
304.595
304.526
304.45
304.368
304.279
301.415
301.435
301.455
301.475
301.496
301.516
301.537
301.559
301.581
301.602
301.625
301.647
301.67
301.693
301.716
301.739
301.763
301.786
301.81
301.835
301.859
301.883
301.908
301.933
301.958
301.983
302.009
302.034
302.06
302.086
302.112
302.138
302.164
302.19
302.217
302.243
302.27
302.297
302.323
302.35
302.377
302.404
302.431
302.459
302.486
302.513
302.541
302.568
302.596
302.624
302.651
302.679
302.707
302.735
302.763
302.791
302.819
302.847
302.875
302.903
302.931
302.96
302.988
303.017
303.045
303.074
303.102
303.131
303.159
303.188
303.217
303.246
303.275
303.303
303.332
303.361
303.39
303.419
303.449
303.478
303.507
303.536
303.565
303.594
303.624
303.653
303.682
303.711
303.74
303.769
303.799
303.828
303.857
303.886
303.915
303.944
303.973
304.002
304.03
304.059
304.088
304.116
304.144
304.172
304.2
304.228
304.256
304.283
304.31
304.337
304.364
304.39
304.416
304.442
304.467
304.492
304.517
304.541
304.565
304.588
304.611
304.633
304.655
304.676
304.696
304.716
304.735
304.753
304.771
304.788
304.803
304.818
304.832
304.844
304.856
304.866
304.875
304.883
304.889
304.893
304.895
304.896
304.894
304.89
304.883
304.874
304.862
304.847
304.828
304.805
304.778
304.747
304.711
304.67
304.623
304.571
304.512
304.447
304.376
304.299
304.215
301.355
301.373
301.392
301.411
301.43
301.449
301.469
301.489
301.509
301.53
301.55
301.571
301.593
301.614
301.636
301.658
301.68
301.702
301.725
301.748
301.771
301.794
301.818
301.841
301.865
301.889
301.913
301.938
301.962
301.987
302.012
302.037
302.062
302.087
302.112
302.138
302.164
302.189
302.215
302.241
302.268
302.294
302.32
302.347
302.373
302.4
302.427
302.453
302.48
302.507
302.535
302.562
302.589
302.616
302.644
302.671
302.699
302.727
302.755
302.782
302.81
302.838
302.866
302.894
302.923
302.951
302.979
303.008
303.036
303.065
303.093
303.122
303.151
303.179
303.208
303.237
303.266
303.295
303.324
303.353
303.382
303.411
303.44
303.469
303.499
303.528
303.557
303.586
303.615
303.645
303.674
303.703
303.732
303.761
303.79
303.82
303.848
303.877
303.906
303.935
303.964
303.992
304.021
304.049
304.077
304.105
304.133
304.16
304.188
304.215
304.241
304.268
304.294
304.32
304.346
304.371
304.396
304.42
304.444
304.468
304.491
304.513
304.535
304.556
304.577
304.597
304.616
304.635
304.653
304.67
304.686
304.701
304.715
304.728
304.74
304.751
304.76
304.768
304.775
304.779
304.782
304.783
304.782
304.779
304.773
304.765
304.754
304.74
304.722
304.701
304.676
304.646
304.612
304.574
304.53
304.481
304.426
304.365
304.298
304.226
304.148
301.295
301.312
301.33
301.347
301.365
301.384
301.402
301.421
301.44
301.459
301.478
301.498
301.518
301.538
301.558
301.579
301.6
301.621
301.642
301.664
301.685
301.707
301.73
301.752
301.775
301.797
301.82
301.843
301.867
301.89
301.914
301.938
301.962
301.986
302.01
302.035
302.06
302.084
302.109
302.134
302.16
302.185
302.211
302.236
302.262
302.288
302.314
302.34
302.366
302.393
302.419
302.446
302.472
302.499
302.526
302.553
302.58
302.607
302.635
302.662
302.689
302.717
302.745
302.772
302.8
302.828
302.856
302.884
302.912
302.941
302.969
302.997
303.026
303.054
303.083
303.112
303.14
303.169
303.198
303.227
303.256
303.285
303.314
303.343
303.372
303.401
303.43
303.459
303.489
303.518
303.547
303.576
303.605
303.634
303.663
303.692
303.721
303.75
303.779
303.808
303.837
303.865
303.894
303.922
303.95
303.978
304.006
304.034
304.061
304.088
304.115
304.142
304.168
304.194
304.22
304.245
304.27
304.295
304.319
304.343
304.366
304.389
304.411
304.432
304.453
304.474
304.493
304.512
304.53
304.547
304.564
304.579
304.594
304.607
304.619
304.63
304.64
304.649
304.656
304.661
304.665
304.666
304.666
304.664
304.659
304.651
304.641
304.628
304.612
304.592
304.569
304.541
304.51
304.473
304.432
304.386
304.335
304.279
304.217
304.15
304.077
301.237
301.253
301.27
301.286
301.303
301.32
301.337
301.354
301.372
301.39
301.408
301.427
301.445
301.464
301.483
301.503
301.522
301.542
301.562
301.582
301.603
301.623
301.644
301.665
301.687
301.708
301.73
301.752
301.774
301.796
301.819
301.842
301.865
301.888
301.911
301.935
301.958
301.982
302.006
302.03
302.054
302.079
302.103
302.128
302.153
302.178
302.203
302.229
302.254
302.28
302.305
302.331
302.357
302.383
302.41
302.436
302.462
302.489
302.516
302.542
302.569
302.596
302.624
302.651
302.678
302.706
302.733
302.761
302.789
302.817
302.845
302.873
302.901
302.929
302.957
302.986
303.014
303.043
303.071
303.1
303.129
303.157
303.186
303.215
303.244
303.273
303.302
303.331
303.36
303.389
303.418
303.447
303.476
303.505
303.534
303.563
303.592
303.621
303.65
303.679
303.707
303.736
303.764
303.793
303.821
303.849
303.877
303.904
303.932
303.959
303.986
304.013
304.039
304.065
304.091
304.116
304.141
304.166
304.19
304.214
304.237
304.26
304.282
304.304
304.325
304.346
304.365
304.384
304.403
304.42
304.437
304.453
304.467
304.481
304.494
304.505
304.516
304.524
304.532
304.538
304.542
304.544
304.545
304.543
304.539
304.533
304.524
304.512
304.497
304.479
304.457
304.432
304.402
304.369
304.331
304.288
304.241
304.188
304.131
304.069
304.002
301.181
301.196
301.211
301.226
301.242
301.258
301.274
301.29
301.307
301.323
301.34
301.358
301.375
301.393
301.411
301.429
301.447
301.466
301.484
301.504
301.523
301.542
301.562
301.582
301.602
301.622
301.643
301.664
301.685
301.706
301.727
301.749
301.771
301.793
301.815
301.837
301.86
301.883
301.905
301.929
301.952
301.975
301.999
302.023
302.047
302.071
302.095
302.12
302.144
302.169
302.194
302.219
302.244
302.27
302.295
302.321
302.347
302.373
302.399
302.425
302.451
302.478
302.504
302.531
302.558
302.585
302.612
302.639
302.666
302.694
302.721
302.749
302.776
302.804
302.832
302.86
302.888
302.916
302.945
302.973
303.001
303.03
303.058
303.087
303.116
303.144
303.173
303.202
303.231
303.26
303.288
303.317
303.346
303.375
303.404
303.433
303.461
303.49
303.519
303.547
303.576
303.604
303.633
303.661
303.689
303.717
303.745
303.772
303.8
303.827
303.854
303.88
303.907
303.933
303.958
303.984
304.009
304.034
304.058
304.082
304.105
304.128
304.15
304.172
304.193
304.214
304.233
304.253
304.271
304.289
304.306
304.322
304.337
304.351
304.364
304.376
304.386
304.396
304.403
304.41
304.415
304.418
304.419
304.418
304.415
304.41
304.402
304.391
304.378
304.361
304.341
304.318
304.291
304.26
304.225
304.186
304.142
304.094
304.041
303.984
303.922
301.126
301.14
301.154
301.169
301.183
301.198
301.213
301.228
301.244
301.259
301.275
301.291
301.307
301.324
301.341
301.358
301.375
301.392
301.41
301.428
301.446
301.464
301.483
301.502
301.521
301.54
301.559
301.579
301.599
301.619
301.639
301.66
301.68
301.701
301.722
301.744
301.765
301.787
301.809
301.831
301.853
301.875
301.898
301.921
301.944
301.967
301.99
302.014
302.038
302.062
302.086
302.11
302.134
302.159
302.184
302.208
302.233
302.259
302.284
302.309
302.335
302.361
302.387
302.413
302.439
302.465
302.492
302.518
302.545
302.572
302.599
302.626
302.653
302.681
302.708
302.736
302.763
302.791
302.819
302.847
302.875
302.903
302.931
302.959
302.987
303.016
303.044
303.073
303.101
303.13
303.158
303.187
303.215
303.244
303.273
303.301
303.33
303.358
303.387
303.415
303.443
303.471
303.5
303.528
303.555
303.583
303.611
303.638
303.665
303.692
303.719
303.745
303.772
303.798
303.823
303.848
303.873
303.898
303.922
303.946
303.969
303.992
304.014
304.036
304.057
304.078
304.098
304.117
304.136
304.153
304.171
304.187
304.202
304.216
304.229
304.242
304.253
304.262
304.271
304.278
304.283
304.287
304.288
304.288
304.286
304.282
304.275
304.266
304.254
304.239
304.221
304.2
304.176
304.147
304.115
304.079
304.039
303.995
303.947
303.895
303.838
301.074
301.086
301.1
301.113
301.127
301.14
301.154
301.169
301.183
301.198
301.213
301.228
301.243
301.258
301.274
301.29
301.306
301.323
301.339
301.356
301.373
301.39
301.408
301.425
301.443
301.461
301.479
301.498
301.517
301.536
301.555
301.574
301.594
301.614
301.634
301.654
301.674
301.695
301.716
301.737
301.758
301.779
301.801
301.823
301.845
301.867
301.89
301.912
301.935
301.958
301.981
302.004
302.028
302.052
302.076
302.1
302.124
302.148
302.173
302.197
302.222
302.247
302.272
302.298
302.323
302.349
302.375
302.401
302.427
302.453
302.479
302.506
302.532
302.559
302.586
302.613
302.64
302.667
302.695
302.722
302.749
302.777
302.805
302.832
302.86
302.888
302.916
302.944
302.972
303
303.029
303.057
303.085
303.113
303.141
303.17
303.198
303.226
303.254
303.282
303.31
303.338
303.366
303.393
303.421
303.448
303.475
303.503
303.529
303.556
303.583
303.609
303.635
303.66
303.686
303.711
303.736
303.76
303.784
303.808
303.831
303.853
303.876
303.897
303.918
303.939
303.959
303.978
303.997
304.015
304.032
304.048
304.064
304.078
304.091
304.104
304.115
304.125
304.134
304.141
304.147
304.152
304.154
304.155
304.154
304.15
304.145
304.137
304.126
304.113
304.097
304.078
304.056
304.03
304.001
303.969
303.932
303.892
303.848
303.801
303.749
301.023
301.035
301.048
301.06
301.073
301.086
301.099
301.112
301.126
301.139
301.153
301.167
301.182
301.196
301.211
301.226
301.241
301.256
301.272
301.287
301.303
301.32
301.336
301.353
301.369
301.386
301.404
301.421
301.439
301.457
301.475
301.493
301.512
301.53
301.549
301.569
301.588
301.608
301.627
301.647
301.668
301.688
301.709
301.729
301.75
301.772
301.793
301.815
301.837
301.859
301.881
301.903
301.926
301.949
301.972
301.995
302.018
302.042
302.065
302.089
302.113
302.137
302.162
302.186
302.211
302.236
302.261
302.286
302.312
302.337
302.363
302.389
302.414
302.441
302.467
302.493
302.52
302.546
302.573
302.6
302.626
302.654
302.681
302.708
302.735
302.762
302.79
302.817
302.845
302.873
302.9
302.928
302.956
302.983
303.011
303.039
303.066
303.094
303.122
303.149
303.177
303.204
303.232
303.259
303.286
303.313
303.34
303.366
303.393
303.419
303.445
303.471
303.497
303.522
303.547
303.572
303.596
303.62
303.644
303.668
303.69
303.713
303.735
303.756
303.777
303.798
303.818
303.837
303.855
303.873
303.89
303.907
303.922
303.937
303.95
303.963
303.975
303.985
303.994
304.002
304.008
304.013
304.016
304.018
304.017
304.015
304.011
304.004
303.995
303.984
303.97
303.953
303.933
303.91
303.884
303.854
303.822
303.785
303.746
303.702
303.656
300.975
300.987
300.998
301.01
301.022
301.034
301.046
301.059
301.071
301.084
301.097
301.11
301.124
301.137
301.151
301.165
301.179
301.194
301.208
301.223
301.238
301.253
301.269
301.284
301.3
301.316
301.332
301.349
301.365
301.382
301.399
301.417
301.434
301.452
301.47
301.488
301.506
301.525
301.544
301.563
301.582
301.601
301.621
301.641
301.661
301.681
301.702
301.722
301.743
301.764
301.786
301.807
301.829
301.851
301.873
301.895
301.917
301.94
301.963
301.986
302.009
302.032
302.056
302.08
302.103
302.127
302.152
302.176
302.201
302.225
302.25
302.275
302.3
302.326
302.351
302.377
302.403
302.428
302.454
302.481
302.507
302.533
302.56
302.586
302.613
302.639
302.666
302.693
302.72
302.747
302.774
302.801
302.828
302.855
302.882
302.91
302.937
302.964
302.991
303.018
303.045
303.072
303.098
303.125
303.152
303.178
303.204
303.231
303.257
303.282
303.308
303.333
303.359
303.384
303.408
303.432
303.457
303.48
303.504
303.527
303.549
303.571
303.593
303.614
303.635
303.655
303.675
303.694
303.712
303.73
303.747
303.763
303.779
303.794
303.807
303.82
303.832
303.842
303.852
303.86
303.867
303.872
303.876
303.878
303.879
303.877
303.874
303.869
303.861
303.851
303.839
303.824
303.807
303.786
303.763
303.737
303.708
303.675
303.639
303.6
303.558
300.93
300.941
300.952
300.963
300.974
300.985
300.997
301.008
301.02
301.032
301.044
301.057
301.069
301.082
301.095
301.108
301.122
301.135
301.149
301.163
301.177
301.191
301.206
301.22
301.235
301.25
301.266
301.281
301.297
301.313
301.329
301.345
301.362
301.379
301.396
301.413
301.43
301.448
301.466
301.484
301.502
301.52
301.539
301.558
301.577
301.596
301.616
301.635
301.655
301.676
301.696
301.716
301.737
301.758
301.779
301.8
301.822
301.844
301.866
301.888
301.91
301.932
301.955
301.978
302.001
302.024
302.048
302.071
302.095
302.119
302.143
302.167
302.191
302.216
302.24
302.265
302.29
302.315
302.341
302.366
302.391
302.417
302.443
302.468
302.494
302.52
302.546
302.572
302.599
302.625
302.651
302.678
302.704
302.73
302.757
302.783
302.81
302.836
302.862
302.889
302.915
302.941
302.967
302.993
303.019
303.045
303.071
303.097
303.122
303.147
303.172
303.197
303.222
303.246
303.27
303.294
303.317
303.341
303.364
303.386
303.408
303.43
303.451
303.472
303.493
303.513
303.532
303.551
303.569
303.587
303.603
303.62
303.635
303.65
303.663
303.676
303.688
303.699
303.708
303.717
303.724
303.73
303.734
303.737
303.739
303.738
303.736
303.732
303.726
303.717
303.707
303.694
303.679
303.661
303.64
303.617
303.591
303.562
303.53
303.496
303.458
300.889
300.899
300.909
300.919
300.929
300.94
300.951
300.962
300.973
300.984
300.996
301.007
301.019
301.031
301.043
301.056
301.068
301.081
301.094
301.107
301.12
301.134
301.147
301.161
301.175
301.19
301.204
301.219
301.234
301.249
301.264
301.279
301.295
301.311
301.327
301.343
301.36
301.376
301.393
301.41
301.428
301.445
301.463
301.481
301.499
301.517
301.536
301.555
301.574
301.593
301.612
301.632
301.652
301.672
301.692
301.712
301.733
301.754
301.775
301.796
301.817
301.839
301.861
301.882
301.905
301.927
301.949
301.972
301.995
302.018
302.041
302.064
302.088
302.112
302.135
302.159
302.183
302.208
302.232
302.257
302.281
302.306
302.331
302.356
302.381
302.406
302.431
302.457
302.482
302.508
302.533
302.559
302.584
302.61
302.635
302.661
302.687
302.712
302.738
302.764
302.789
302.815
302.84
302.865
302.891
302.916
302.941
302.965
302.99
303.015
303.039
303.063
303.087
303.111
303.134
303.158
303.181
303.203
303.226
303.248
303.269
303.291
303.311
303.332
303.352
303.371
303.39
303.409
303.427
303.444
303.461
303.477
303.492
303.507
303.52
303.533
303.545
303.556
303.566
303.574
303.582
303.588
303.593
303.596
303.598
303.599
303.598
303.595
303.59
303.583
303.574
303.563
303.55
303.534
303.517
303.496
303.473
303.448
303.42
303.389
303.355
300.85
300.86
300.869
300.879
300.889
300.899
300.909
300.919
300.93
300.941
300.951
300.962
300.973
300.985
300.996
301.008
301.02
301.032
301.044
301.056
301.069
301.082
301.095
301.108
301.121
301.134
301.148
301.162
301.176
301.19
301.205
301.219
301.234
301.249
301.264
301.28
301.295
301.311
301.327
301.344
301.36
301.377
301.393
301.411
301.428
301.445
301.463
301.481
301.499
301.517
301.536
301.554
301.573
301.592
301.612
301.631
301.651
301.671
301.691
301.711
301.732
301.752
301.773
301.794
301.815
301.837
301.858
301.88
301.902
301.924
301.946
301.969
301.992
302.014
302.037
302.06
302.084
302.107
302.13
302.154
302.178
302.202
302.226
302.25
302.274
302.298
302.323
302.347
302.372
302.396
302.421
302.446
302.47
302.495
302.52
302.545
302.57
302.594
302.619
302.644
302.669
302.693
302.718
302.742
302.767
302.791
302.815
302.839
302.863
302.887
302.911
302.934
302.957
302.98
303.003
303.026
303.048
303.07
303.092
303.113
303.134
303.155
303.175
303.195
303.215
303.234
303.252
303.271
303.288
303.305
303.321
303.337
303.352
303.366
303.38
303.393
303.404
303.415
303.425
303.434
303.442
303.448
303.454
303.458
303.46
303.461
303.461
303.459
303.456
303.45
303.443
303.434
303.422
303.409
303.394
303.376
303.356
303.334
303.309
303.282
303.252
300.816
300.825
300.834
300.843
300.852
300.862
300.872
300.881
300.891
300.901
300.912
300.922
300.933
300.943
300.954
300.965
300.976
300.988
300.999
301.011
301.023
301.035
301.047
301.06
301.072
301.085
301.098
301.111
301.124
301.138
301.152
301.165
301.18
301.194
301.208
301.223
301.238
301.253
301.268
301.284
301.299
301.315
301.331
301.347
301.364
301.38
301.397
301.414
301.432
301.449
301.467
301.484
301.502
301.521
301.539
301.558
301.577
301.596
301.615
301.634
301.654
301.674
301.694
301.714
301.734
301.755
301.775
301.796
301.817
301.839
301.86
301.882
301.903
301.925
301.947
301.969
301.992
302.014
302.037
302.06
302.082
302.105
302.128
302.152
302.175
302.198
302.222
302.245
302.269
302.293
302.317
302.34
302.364
302.388
302.412
302.436
302.46
302.484
302.508
302.532
302.555
302.579
302.603
302.627
302.65
302.674
302.697
302.72
302.743
302.766
302.789
302.812
302.834
302.857
302.879
302.9
302.922
302.943
302.964
302.985
303.006
303.026
303.046
303.065
303.084
303.102
303.121
303.138
303.155
303.172
303.188
303.203
303.218
303.232
303.245
303.258
303.269
303.28
303.29
303.299
303.307
303.314
303.319
303.324
303.327
303.329
303.329
303.328
303.326
303.322
303.316
303.308
303.299
303.287
303.274
303.259
303.242
303.222
303.2
303.177
303.15
300.786
300.794
300.803
300.812
300.821
300.83
300.839
300.848
300.858
300.867
300.877
300.887
300.897
300.907
300.917
300.928
300.939
300.949
300.96
300.971
300.983
300.994
301.006
301.018
301.03
301.042
301.054
301.067
301.079
301.092
301.105
301.119
301.132
301.146
301.159
301.173
301.188
301.202
301.216
301.231
301.246
301.261
301.277
301.292
301.308
301.324
301.34
301.356
301.372
301.389
301.406
301.423
301.44
301.458
301.475
301.493
301.511
301.53
301.548
301.567
301.585
301.604
301.623
301.643
301.662
301.682
301.702
301.722
301.742
301.763
301.783
301.804
301.825
301.846
301.867
301.888
301.91
301.931
301.953
301.975
301.997
302.019
302.041
302.063
302.086
302.108
302.131
302.154
302.176
302.199
302.222
302.245
302.268
302.291
302.314
302.337
302.36
302.383
302.406
302.429
302.452
302.475
302.498
302.521
302.543
302.566
302.589
302.611
302.633
302.655
302.677
302.699
302.721
302.743
302.764
302.785
302.806
302.826
302.847
302.867
302.887
302.906
302.925
302.944
302.962
302.98
302.998
303.015
303.032
303.048
303.063
303.078
303.093
303.106
303.119
303.131
303.143
303.154
303.163
303.172
303.18
303.187
303.193
303.198
303.202
303.204
303.205
303.205
303.203
303.2
303.196
303.19
303.182
303.172
303.161
303.148
303.133
303.116
303.097
303.076
303.054
300.761
300.769
300.777
300.785
300.794
300.803
300.811
300.82
300.829
300.838
300.848
300.857
300.867
300.877
300.887
300.897
300.907
300.917
300.928
300.938
300.949
300.96
300.971
300.983
300.994
301.006
301.018
301.03
301.042
301.054
301.067
301.079
301.092
301.105
301.118
301.132
301.145
301.159
301.173
301.187
301.202
301.216
301.231
301.246
301.261
301.276
301.291
301.307
301.323
301.339
301.355
301.371
301.388
301.405
301.422
301.439
301.456
301.474
301.491
301.509
301.527
301.545
301.564
301.582
301.601
301.62
301.639
301.659
301.678
301.698
301.717
301.737
301.757
301.778
301.798
301.818
301.839
301.86
301.881
301.902
301.923
301.944
301.966
301.987
302.009
302.03
302.052
302.074
302.096
302.118
302.14
302.162
302.184
302.206
302.228
302.251
302.273
302.295
302.317
302.339
302.361
302.384
302.406
302.428
302.45
302.471
302.493
302.515
302.536
302.558
302.579
302.6
302.621
302.642
302.662
302.683
302.703
302.723
302.742
302.762
302.781
302.8
302.818
302.836
302.854
302.872
302.889
302.905
302.921
302.937
302.952
302.966
302.98
302.994
303.006
303.018
303.029
303.04
303.05
303.059
303.066
303.074
303.08
303.085
303.089
303.091
303.093
303.094
303.093
303.091
303.087
303.082
303.076
303.068
303.058
303.047
303.034
303.02
303.003
302.985
302.965
300.741
300.749
300.757
300.765
300.773
300.781
300.79
300.798
300.807
300.816
300.825
300.834
300.843
300.853
300.862
300.872
300.882
300.892
300.902
300.912
300.923
300.933
300.944
300.955
300.966
300.977
300.989
301
301.012
301.024
301.036
301.048
301.061
301.073
301.086
301.099
301.112
301.125
301.139
301.153
301.166
301.18
301.195
301.209
301.223
301.238
301.253
301.268
301.283
301.299
301.314
301.33
301.346
301.362
301.379
301.395
301.412
301.429
301.446
301.463
301.481
301.498
301.516
301.534
301.552
301.571
301.589
301.608
301.626
301.645
301.665
301.684
301.703
301.723
301.742
301.762
301.782
301.802
301.822
301.843
301.863
301.884
301.904
301.925
301.946
301.967
301.988
302.009
302.03
302.052
302.073
302.094
302.116
302.137
302.158
302.18
302.201
302.223
302.244
302.266
302.287
302.308
302.33
302.351
302.372
302.393
302.414
302.435
302.456
302.477
302.497
302.518
302.538
302.558
302.578
302.598
302.617
302.637
302.656
302.675
302.693
302.711
302.729
302.747
302.764
302.781
302.797
302.813
302.829
302.844
302.858
302.873
302.886
302.899
302.911
302.923
302.934
302.944
302.954
302.963
302.97
302.978
302.984
302.989
302.993
302.996
302.998
302.999
302.999
302.998
302.995
302.991
302.986
302.979
302.971
302.961
302.95
302.937
302.923
302.907
302.889
300.727
300.735
300.742
300.75
300.758
300.766
300.775
300.783
300.792
300.8
300.809
300.818
300.827
300.836
300.845
300.855
300.865
300.874
300.884
300.894
300.904
300.915
300.925
300.936
300.947
300.958
300.969
300.98
300.991
301.003
301.015
301.027
301.039
301.051
301.064
301.076
301.089
301.102
301.115
301.128
301.142
301.155
301.169
301.183
301.197
301.212
301.226
301.241
301.256
301.271
301.286
301.301
301.317
301.333
301.349
301.365
301.381
301.398
301.414
301.431
301.448
301.465
301.482
301.5
301.518
301.535
301.553
301.572
301.59
301.608
301.627
301.646
301.664
301.684
301.703
301.722
301.741
301.761
301.781
301.8
301.82
301.84
301.86
301.881
301.901
301.921
301.942
301.962
301.983
302.004
302.024
302.045
302.066
302.087
302.108
302.128
302.149
302.17
302.191
302.212
302.233
302.254
302.274
302.295
302.316
302.336
302.357
302.377
302.397
302.418
302.438
302.457
302.477
302.497
302.516
302.535
302.554
302.573
302.592
302.61
302.628
302.646
302.663
302.68
302.697
302.713
302.729
302.745
302.76
302.775
302.789
302.803
302.816
302.829
302.841
302.852
302.863
302.873
302.882
302.891
302.899
302.906
302.912
302.917
302.922
302.925
302.927
302.929
302.929
302.928
302.926
302.923
302.918
302.913
302.905
302.897
302.887
302.875
302.862
302.848
302.832
300.72
300.727
300.735
300.743
300.751
300.759
300.767
300.775
300.783
300.792
300.801
300.809
300.818
300.827
300.837
300.846
300.855
300.865
300.875
300.885
300.895
300.905
300.915
300.926
300.936
300.947
300.958
300.969
300.981
300.992
301.004
301.015
301.027
301.039
301.052
301.064
301.077
301.089
301.102
301.115
301.129
301.142
301.156
301.169
301.183
301.198
301.212
301.226
301.241
301.256
301.271
301.286
301.301
301.317
301.333
301.349
301.365
301.381
301.397
301.414
301.431
301.447
301.464
301.482
301.499
301.517
301.534
301.552
301.57
301.588
301.607
301.625
301.644
301.662
301.681
301.7
301.719
301.739
301.758
301.778
301.797
301.817
301.837
301.856
301.876
301.896
301.917
301.937
301.957
301.977
301.998
302.018
302.039
302.059
302.08
302.1
302.121
302.141
302.162
302.182
302.203
302.223
302.244
302.264
302.285
302.305
302.325
302.345
302.365
302.385
302.405
302.424
302.444
302.463
302.482
302.501
302.52
302.538
302.556
302.574
302.592
302.61
302.627
302.643
302.66
302.676
302.692
302.707
302.722
302.736
302.75
302.764
302.777
302.789
302.801
302.812
302.823
302.833
302.842
302.851
302.858
302.865
302.872
302.877
302.881
302.885
302.887
302.889
302.89
302.889
302.887
302.884
302.88
302.875
302.868
302.86
302.851
302.84
302.828
302.814
302.799
304.605
304.005
303.556
303.188
302.874
302.599
302.355
302.137
301.94
301.761
301.597
301.448
301.312
301.186
301.071
300.965
300.868
300.779
300.697
300.623
300.554
300.492
300.435
300.384
300.337
300.295
300.257
300.223
300.193
300.166
300.143
300.122
300.103
300.088
300.074
300.062
300.052
300.043
300.035
300.029
300.024
300.019
300.016
300.013
300.01
300.008
300.006
300.005
300.004
300.004
300.003
304.603
304.004
303.556
303.188
302.874
302.599
302.355
302.137
301.94
301.761
301.598
301.448
301.312
301.186
301.071
300.965
300.868
300.779
300.697
300.623
300.554
300.492
300.435
300.384
300.337
300.295
300.257
300.223
300.193
300.166
300.143
300.122
300.104
300.088
300.074
300.062
300.052
300.043
300.035
300.029
300.024
300.019
300.016
300.013
300.01
300.008
300.006
300.005
300.004
300.004
300.003
304.599
304.003
303.556
303.188
302.874
302.599
302.355
302.137
301.94
301.761
301.598
301.448
301.312
301.186
301.071
300.965
300.868
300.779
300.697
300.623
300.554
300.492
300.435
300.384
300.337
300.295
300.257
300.223
300.193
300.166
300.143
300.122
300.104
300.088
300.074
300.062
300.052
300.043
300.035
300.029
300.024
300.019
300.016
300.013
300.01
300.008
300.006
300.005
300.004
300.004
300.003
304.593
304.002
303.555
303.188
302.874
302.599
302.355
302.137
301.94
301.761
301.598
301.449
301.312
301.187
301.071
300.966
300.868
300.779
300.698
300.623
300.554
300.492
300.435
300.384
300.337
300.295
300.257
300.224
300.193
300.166
300.143
300.122
300.104
300.088
300.074
300.062
300.052
300.043
300.035
300.029
300.024
300.019
300.016
300.013
300.01
300.008
300.006
300.005
300.004
300.004
300.003
304.584
304
303.554
303.188
302.874
302.599
302.356
302.137
301.94
301.761
301.598
301.449
301.312
301.187
301.072
300.966
300.869
300.78
300.698
300.623
300.555
300.492
300.436
300.384
300.337
300.295
300.257
300.224
300.193
300.167
300.143
300.122
300.104
300.088
300.074
300.062
300.052
300.043
300.035
300.029
300.024
300.019
300.016
300.013
300.01
300.008
300.006
300.005
300.004
300.004
300.003
304.574
303.997
303.553
303.187
302.874
302.599
302.356
302.138
301.941
301.762
301.599
301.449
301.313
301.187
301.072
300.966
300.869
300.78
300.698
300.623
300.555
300.493
300.436
300.384
300.338
300.296
300.258
300.224
300.194
300.167
300.143
300.122
300.104
300.088
300.074
300.062
300.052
300.043
300.035
300.029
300.024
300.019
300.016
300.013
300.01
300.008
300.006
300.005
300.004
300.004
300.003
304.561
303.993
303.552
303.187
302.874
302.6
302.356
302.138
301.941
301.762
301.599
301.45
301.313
301.188
301.073
300.967
300.87
300.78
300.699
300.624
300.555
300.493
300.436
300.385
300.338
300.296
300.258
300.224
300.194
300.167
300.143
300.122
300.104
300.088
300.074
300.062
300.052
300.043
300.035
300.029
300.024
300.019
300.016
300.013
300.01
300.008
300.006
300.005
300.004
300.004
300.003
304.546
303.989
303.55
303.186
302.874
302.6
302.357
302.139
301.942
301.763
301.6
301.451
301.314
301.189
301.073
300.968
300.87
300.781
300.699
300.624
300.556
300.493
300.437
300.385
300.338
300.296
300.258
300.224
300.194
300.167
300.143
300.122
300.104
300.088
300.074
300.062
300.052
300.043
300.036
300.029
300.024
300.019
300.016
300.013
300.01
300.008
300.006
300.005
300.004
300.004
300.003
304.529
303.983
303.549
303.186
302.874
302.601
302.358
302.14
301.943
301.764
301.601
301.452
301.315
301.19
301.074
300.969
300.871
300.782
300.7
300.625
300.557
300.494
300.437
300.386
300.339
300.297
300.259
300.225
300.194
300.167
300.144
300.123
300.104
300.088
300.074
300.062
300.052
300.043
300.036
300.029
300.024
300.019
300.016
300.013
300.01
300.008
300.006
300.005
300.004
300.004
300.003
304.51
303.977
303.547
303.186
302.875
302.602
302.359
302.142
301.945
301.766
301.603
301.453
301.317
301.191
301.076
300.97
300.872
300.783
300.701
300.626
300.557
300.495
300.438
300.386
300.339
300.297
300.259
300.225
300.195
300.168
300.144
300.123
300.104
300.088
300.074
300.062
300.052
300.043
300.036
300.029
300.024
300.019
300.016
300.013
300.01
300.008
300.006
300.005
300.004
300.004
300.003
304.489
303.97
303.544
303.186
302.876
302.603
302.361
302.143
301.946
301.768
301.604
301.455
301.318
301.193
301.077
300.971
300.874
300.784
300.702
300.627
300.558
300.496
300.439
300.387
300.34
300.298
300.26
300.225
300.195
300.168
300.144
300.123
300.105
300.089
300.075
300.063
300.052
300.043
300.036
300.029
300.024
300.02
300.016
300.013
300.01
300.008
300.007
300.005
300.004
300.004
300.003
304.466
303.962
303.542
303.185
302.877
302.605
302.363
302.145
301.949
301.77
301.607
301.457
301.32
301.195
301.079
300.973
300.875
300.786
300.704
300.628
300.56
300.497
300.44
300.388
300.341
300.298
300.26
300.226
300.196
300.168
300.145
300.123
300.105
300.089
300.075
300.063
300.052
300.043
300.036
300.029
300.024
300.02
300.016
300.013
300.01
300.008
300.007
300.005
300.004
300.004
300.003
304.441
303.953
303.539
303.185
302.878
302.607
302.365
302.148
301.952
301.773
301.609
301.46
301.323
301.197
301.081
300.975
300.877
300.787
300.705
300.63
300.561
300.498
300.441
300.389
300.342
300.299
300.261
300.227
300.196
300.169
300.145
300.124
300.105
300.089
300.075
300.063
300.053
300.044
300.036
300.03
300.024
300.02
300.016
300.013
300.01
300.008
300.007
300.005
300.004
300.004
300.003
304.415
303.943
303.536
303.185
302.88
302.61
302.369
302.151
301.955
301.776
301.613
301.463
301.326
301.2
301.084
300.977
300.879
300.79
300.707
300.632
300.563
300.5
300.442
300.39
300.343
300.3
300.262
300.227
300.197
300.17
300.145
300.124
300.106
300.089
300.075
300.063
300.053
300.044
300.036
300.03
300.024
300.02
300.016
300.013
300.01
300.008
300.007
300.005
300.004
300.004
300.003
304.387
303.931
303.532
303.186
302.882
302.613
302.372
302.155
301.959
301.78
301.616
301.466
301.329
301.203
301.087
300.98
300.882
300.792
300.709
300.634
300.564
300.501
300.444
300.391
300.344
300.301
300.263
300.228
300.198
300.17
300.146
300.125
300.106
300.09
300.076
300.063
300.053
300.044
300.036
300.03
300.024
300.02
300.016
300.013
300.01
300.008
300.007
300.005
300.004
300.004
300.003
304.357
303.919
303.528
303.186
302.884
302.617
302.377
302.16
301.963
301.784
301.621
301.471
301.333
301.207
301.09
300.983
300.885
300.795
300.712
300.636
300.567
300.503
300.445
300.393
300.345
300.302
300.264
300.229
300.198
300.171
300.147
300.125
300.107
300.09
300.076
300.064
300.053
300.044
300.037
300.03
300.025
300.02
300.016
300.013
300.01
300.008
300.007
300.005
300.004
300.004
300.003
304.325
303.905
303.524
303.186
302.887
302.621
302.381
302.165
301.969
301.79
301.626
301.476
301.338
301.211
301.094
300.987
300.889
300.798
300.715
300.639
300.569
300.505
300.447
300.395
300.347
300.304
300.265
300.23
300.199
300.172
300.147
300.126
300.107
300.091
300.076
300.064
300.054
300.044
300.037
300.03
300.025
300.02
300.016
300.013
300.011
300.008
300.007
300.005
300.004
300.004
300.003
304.291
303.889
303.518
303.186
302.891
302.626
302.387
302.171
301.975
301.796
301.632
301.481
301.343
301.216
301.099
300.992
300.893
300.802
300.718
300.642
300.572
300.508
300.45
300.397
300.349
300.305
300.266
300.232
300.2
300.173
300.148
300.127
300.108
300.091
300.077
300.064
300.054
300.045
300.037
300.03
300.025
300.02
300.016
300.013
300.011
300.008
300.007
300.005
300.004
300.004
300.003
304.255
303.871
303.512
303.186
302.894
302.631
302.393
302.178
301.982
301.803
301.638
301.488
301.349
301.222
301.105
300.997
300.897
300.806
300.722
300.645
300.575
300.511
300.452
300.399
300.351
300.307
300.268
300.233
300.202
300.174
300.149
300.127
300.108
300.092
300.077
300.065
300.054
300.045
300.037
300.031
300.025
300.02
300.016
300.013
300.011
300.009
300.007
300.005
300.004
300.004
300.003
304.216
303.852
303.504
303.186
302.897
302.637
302.4
302.186
301.99
301.81
301.646
301.495
301.356
301.228
301.111
301.002
300.903
300.811
300.727
300.649
300.579
300.514
300.455
300.401
300.353
300.309
300.27
300.234
300.203
300.175
300.15
300.128
300.109
300.092
300.078
300.065
300.055
300.045
300.037
300.031
300.025
300.021
300.017
300.013
300.011
300.009
300.007
300.006
300.005
300.004
300.003
304.175
303.829
303.495
303.184
302.9
302.642
302.408
302.194
301.998
301.819
301.654
301.503
301.364
301.236
301.118
301.009
300.908
300.816
300.731
300.654
300.583
300.517
300.458
300.404
300.355
300.311
300.272
300.236
300.204
300.176
300.151
300.129
300.11
300.093
300.078
300.066
300.055
300.046
300.038
300.031
300.025
300.021
300.017
300.014
300.011
300.009
300.007
300.006
300.005
300.004
300.004
304.13
303.804
303.483
303.181
302.903
302.648
302.416
302.203
302.007
301.828
301.664
301.512
301.373
301.244
301.125
301.016
300.915
300.822
300.737
300.659
300.587
300.521
300.462
300.407
300.358
300.314
300.274
300.238
300.206
300.177
300.152
300.13
300.111
300.094
300.079
300.066
300.055
300.046
300.038
300.031
300.026
300.021
300.017
300.014
300.011
300.009
300.007
300.006
300.005
300.004
300.004
304.083
303.775
303.468
303.176
302.904
302.654
302.423
302.212
302.017
301.839
301.674
301.522
301.382
301.253
301.134
301.024
300.922
300.829
300.743
300.664
300.592
300.526
300.466
300.411
300.361
300.316
300.276
300.24
300.208
300.179
300.154
300.131
300.112
300.095
300.08
300.067
300.056
300.046
300.038
300.032
300.026
300.021
300.017
300.014
300.011
300.009
300.007
300.006
300.005
300.004
300.004
304.032
303.743
303.451
303.169
302.904
302.658
302.431
302.221
302.028
301.85
301.685
301.533
301.393
301.263
301.143
301.033
300.93
300.836
300.75
300.67
300.597
300.531
300.47
300.414
300.364
300.319
300.278
300.242
300.209
300.18
300.155
300.132
300.113
300.095
300.08
300.067
300.056
300.047
300.039
300.032
300.026
300.021
300.017
300.014
300.011
300.009
300.007
300.006
300.005
300.004
300.004
303.977
303.706
303.429
303.159
302.902
302.662
302.438
302.231
302.039
301.861
301.697
301.545
301.404
301.274
301.154
301.042
300.939
300.845
300.757
300.677
300.603
300.536
300.474
300.419
300.368
300.322
300.281
300.244
300.211
300.182
300.156
300.134
300.114
300.096
300.081
300.068
300.057
300.047
300.039
300.032
300.026
300.021
300.017
300.014
300.011
300.009
300.007
300.006
300.005
300.004
300.004
303.918
303.666
303.404
303.146
302.898
302.663
302.444
302.239
302.049
301.873
301.709
301.557
301.416
301.286
301.165
301.053
300.949
300.853
300.765
300.684
300.61
300.542
300.48
300.423
300.372
300.326
300.284
300.247
300.214
300.184
300.158
300.135
300.115
300.097
300.082
300.069
300.057
300.048
300.039
300.032
300.027
300.022
300.018
300.014
300.011
300.009
300.007
300.006
300.005
300.004
300.004
303.855
303.62
303.374
303.128
302.89
302.663
302.449
302.248
302.06
301.885
301.722
301.57
301.429
301.298
301.177
301.064
300.96
300.863
300.774
300.692
300.617
300.548
300.485
300.428
300.376
300.329
300.287
300.25
300.216
300.186
300.16
300.136
300.116
300.098
300.083
300.069
300.058
300.048
300.04
300.033
300.027
300.022
300.018
300.014
300.011
300.009
300.007
300.006
300.005
300.004
300.004
303.786
303.569
303.339
303.107
302.879
302.66
302.451
302.254
302.07
301.897
301.735
301.584
301.443
301.312
301.19
301.076
300.971
300.874
300.784
300.701
300.625
300.555
300.491
300.433
300.381
300.333
300.291
300.252
300.218
300.188
300.161
300.138
300.117
300.099
300.084
300.07
300.059
300.049
300.04
300.033
300.027
300.022
300.018
300.014
300.012
300.009
300.007
300.006
300.005
300.004
300.004
303.713
303.513
303.299
303.08
302.864
302.653
302.451
302.26
302.078
301.908
301.747
301.597
301.457
301.326
301.203
301.089
300.983
300.885
300.794
300.71
300.633
300.562
300.498
300.439
300.386
300.338
300.294
300.256
300.221
300.19
300.163
300.139
300.119
300.1
300.085
300.071
300.059
300.049
300.041
300.033
300.027
300.022
300.018
300.015
300.012
300.009
300.008
300.006
300.005
300.004
300.004
303.635
303.451
303.253
303.049
302.844
302.643
302.449
302.263
302.086
301.918
301.76
301.611
301.471
301.34
301.217
301.103
300.996
300.897
300.805
300.72
300.642
300.57
300.505
300.445
300.391
300.342
300.298
300.259
300.224
300.193
300.165
300.141
300.12
300.101
300.085
300.072
300.06
300.05
300.041
300.034
300.028
300.023
300.018
300.015
300.012
300.009
300.008
300.006
300.005
300.004
300.004
303.552
303.384
303.202
303.012
302.819
302.629
302.443
302.263
302.091
301.927
301.771
301.624
301.485
301.354
301.232
301.117
301.009
300.909
300.816
300.731
300.652
300.579
300.512
300.452
300.397
300.347
300.303
300.263
300.227
300.195
300.167
300.143
300.121
300.103
300.086
300.073
300.061
300.05
300.042
300.034
300.028
300.023
300.018
300.015
300.012
300.01
300.008
300.006
300.005
300.004
300.004
303.465
303.312
303.145
302.97
302.79
302.61
302.433
302.261
302.094
301.935
301.782
301.637
301.499
301.369
301.246
301.131
301.023
300.922
300.829
300.742
300.662
300.588
300.52
300.459
300.403
300.352
300.307
300.266
300.23
300.198
300.17
300.145
300.123
300.104
300.088
300.073
300.061
300.051
300.042
300.035
300.028
300.023
300.019
300.015
300.012
300.01
300.008
300.006
300.005
300.004
300.004
303.374
303.236
303.084
302.923
302.756
302.588
302.42
302.255
302.095
301.94
301.791
301.648
301.512
301.383
301.261
301.145
301.037
300.936
300.841
300.753
300.672
300.597
300.529
300.466
300.409
300.358
300.312
300.27
300.233
300.201
300.172
300.147
300.124
300.105
300.089
300.074
300.062
300.051
300.042
300.035
300.029
300.023
300.019
300.015
300.012
300.01
300.008
300.006
300.005
300.004
300.004
303.28
303.157
303.019
302.872
302.718
302.561
302.403
302.247
302.093
301.943
301.798
301.659
301.525
301.397
301.275
301.16
301.051
300.949
300.854
300.765
300.683
300.607
300.537
300.474
300.416
300.363
300.316
300.274
300.237
300.204
300.174
300.149
300.126
300.107
300.09
300.075
300.063
300.052
300.043
300.035
300.029
300.024
300.019
300.015
300.012
300.01
300.008
300.006
300.005
300.004
300.004
303.186
303.075
302.952
302.818
302.676
302.531
302.383
302.235
302.089
301.945
301.804
301.668
301.536
301.41
301.289
301.174
301.065
300.963
300.867
300.777
300.694
300.617
300.546
300.481
300.422
300.369
300.321
300.279
300.24
300.207
300.177
300.151
300.128
300.108
300.091
300.076
300.063
300.053
300.043
300.036
300.029
300.024
300.019
300.016
300.012
300.01
300.008
300.006
300.005
300.004
300.004
303.092
302.994
302.883
302.762
302.633
302.498
302.36
302.221
302.082
301.944
301.808
301.675
301.546
301.422
301.302
301.188
301.079
300.976
300.879
300.789
300.704
300.626
300.555
300.489
300.429
300.375
300.326
300.283
300.244
300.209
300.179
300.153
300.129
300.109
300.092
300.077
300.064
300.053
300.044
300.036
300.029
300.024
300.019
300.016
300.013
300.01
300.008
300.006
300.005
300.004
300.004
303.002
302.915
302.816
302.706
302.588
302.464
302.336
302.205
302.073
301.941
301.81
301.681
301.555
301.432
301.314
301.2
301.092
300.989
300.891
300.8
300.715
300.636
300.563
300.496
300.436
300.381
300.331
300.287
300.247
300.212
300.181
300.154
300.131
300.11
300.093
300.078
300.065
300.054
300.044
300.036
300.03
300.024
300.02
300.016
300.013
300.01
300.008
300.007
300.005
300.005
300.004
302.919
302.842
302.753
302.654
302.546
302.431
302.312
302.189
302.063
301.937
301.81
301.685
301.562
301.442
301.325
301.212
301.103
301
300.903
300.811
300.725
300.645
300.571
300.504
300.442
300.386
300.336
300.291
300.25
300.215
300.184
300.156
300.132
300.112
300.094
300.078
300.065
300.054
300.045
300.037
300.03
300.024
300.02
300.016
300.013
300.01
300.008
300.007
300.005
300.005
300.004
302.849
302.779
302.698
302.608
302.508
302.402
302.29
302.173
302.054
301.932
301.81
301.689
301.568
301.449
301.334
301.222
301.114
301.011
300.913
300.82
300.733
300.653
300.578
300.51
300.447
300.391
300.34
300.294
300.253
300.217
300.186
300.158
300.134
300.113
300.095
300.079
300.066
300.054
300.045
300.037
300.03
300.025
300.02
300.016
300.013
300.01
300.008
300.007
300.005
300.005
300.004
302.795
302.731
302.657
302.572
302.479
302.379
302.273
302.161
302.046
301.929
301.81
301.691
301.572
301.455
301.341
301.229
301.122
301.018
300.92
300.827
300.74
300.659
300.584
300.515
300.452
300.394
300.343
300.297
300.256
300.219
300.187
300.159
300.135
300.113
300.095
300.08
300.066
300.055
300.045
300.037
300.03
300.025
300.02
300.016
300.013
300.01
300.008
300.007
300.005
300.005
300.004
302.764
302.704
302.633
302.552
302.463
302.366
302.263
302.154
302.042
301.927
301.81
301.692
301.575
301.459
301.345
301.234
301.126
301.023
300.925
300.832
300.744
300.663
300.587
300.518
300.454
300.397
300.345
300.298
300.257
300.22
300.188
300.16
300.135
300.114
300.096
300.08
300.066
300.055
300.045
300.037
300.03
300.025
300.02
300.016
300.013
300.01
300.008
300.007
300.005
300.005
300.004
)
;

boundaryField
{
    inlet
    {
        type            fixedValue;
        value           uniform 300;
    }
    outlet
    {
        type            zeroGradient;
    }
    top
    {
        type            zeroGradient;
    }
    slip-bottom
    {
        type            zeroGradient;
    }
    bottom
    {
        type            zeroGradient;
    }
    interface
    {
        type            fixedGradient;
        gradient        nonuniform List<scalar> 
161
(
41.2076
40.5678
39.9216
39.2689
38.6095
37.9435
37.2708
36.5912
35.9048
35.2115
34.5111
33.8036
33.0416
32.2465
31.4434
30.6321
29.8127
28.9849
28.1488
27.3042
26.4511
25.5894
24.766
24.5948
24.4218
24.247
24.0705
23.8923
23.7122
23.5303
23.3465
23.1609
22.9876
22.8267
22.6641
22.4999
22.3341
22.1666
21.9973
21.8264
21.6538
21.5227
21.403
21.2821
21.16
21.0366
20.912
20.7861
20.659
20.5494
20.4449
20.3394
20.2328
20.1251
20.0163
19.9064
19.8011
19.706
19.61
19.513
19.4151
19.3161
19.2162
19.1201
19.0297
18.9384
18.8461
18.7529
18.6588
18.5638
18.4759
18.3874
18.298
18.2077
18.1165
18.0244
17.9371
17.8496
17.7612
17.6719
17.5816
17.4916
17.405
17.3176
17.2293
17.1401
17.05
16.963
16.8761
16.7883
16.6997
16.6102
16.5227
16.4359
16.3481
16.2596
16.1701
16.0837
15.9975
15.9104
15.8225
15.7344
15.6498
15.5645
15.4782
15.3911
15.307
15.2238
15.1397
15.0548
14.9719
14.8917
14.8107
14.7289
14.6487
14.5718
14.494
14.4155
14.3396
14.2669
14.1936
14.1195
14.0498
13.9818
13.9131
13.8442
13.7824
13.72
13.657
13.5985
13.5434
13.4877
13.4335
13.3882
13.3423
13.2961
13.2634
13.2316
13.1996
13.1816
13.1682
13.1547
13.1601
13.1744
13.189
13.2326
13.2891
13.3461
13.4561
13.5795
13.7045
13.9689
14.2359
14.5336
14.9095
15.2893
16.8224
19.0984
21.3926
23.516
25.6608
)
;
    }
    defaultFaces
    {
        type            empty;
    }
}


// ************************************************************************* //
