/*--------------------------------*- C++ -*----------------------------------*\
| =========                 |                                                 |
| \\      /  F ield         | OpenFOAM: The Open Source CFD Toolbox           |
|  \\    /   O peration     | Version:  2112                                  |
|   \\  /    A nd           | Website:  www.openfoam.com                      |
|    \\/     M anipulation  |                                                 |
\*---------------------------------------------------------------------------*/
FoamFile
{
    version     2.0;
    format      ascii;
    arch        "LSB;label=32;scalar=64";
    class       volScalarField;
    location    "9";
    object      T;
}
// * * * * * * * * * * * * * * * * * * * * * * * * * * * * * * * * * * * * * //

dimensions      [0 0 0 1 0 0 0];

internalField   nonuniform List<scalar> 
12013
(
300.004
300.011
300.018
300.026
300.034
300.043
300.051
300.06
300.07
300.08
300.09
300.1
300.111
300.122
300.134
300.146
300.158
300.171
300.185
300.198
300.212
300.227
300.242
300.257
300.273
300.29
300.307
300.324
300.342
300.361
300.38
300.399
300.42
300.44
300.462
300.483
300.506
300.529
300.553
300.577
300.602
300.628
300.655
300.682
300.71
300.739
300.768
300.799
300.83
300.862
300.895
300.929
300.963
300.999
301.036
301.073
301.112
301.152
301.193
301.235
301.278
301.323
301.369
301.416
301.465
301.516
301.568
301.622
301.678
301.736
301.797
301.859
301.925
301.994
302.066
302.142
302.223
302.311
302.406
302.511
302.634
300.004
300.011
300.018
300.026
300.034
300.043
300.051
300.06
300.07
300.08
300.09
300.1
300.111
300.122
300.134
300.146
300.158
300.171
300.185
300.198
300.212
300.227
300.242
300.257
300.273
300.29
300.307
300.324
300.342
300.361
300.38
300.399
300.419
300.44
300.462
300.483
300.506
300.529
300.553
300.577
300.602
300.628
300.655
300.682
300.71
300.739
300.768
300.799
300.83
300.862
300.895
300.928
300.963
300.999
301.035
301.073
301.112
301.152
301.192
301.235
301.278
301.323
301.369
301.416
301.465
301.515
301.567
301.621
301.677
301.735
301.795
301.858
301.923
301.991
302.063
302.139
302.219
302.304
302.396
302.496
302.605
300.004
300.011
300.018
300.026
300.034
300.043
300.051
300.06
300.07
300.08
300.09
300.1
300.111
300.122
300.134
300.146
300.158
300.171
300.185
300.198
300.212
300.227
300.242
300.257
300.273
300.29
300.307
300.324
300.342
300.361
300.38
300.399
300.419
300.44
300.461
300.483
300.506
300.529
300.553
300.577
300.602
300.628
300.655
300.682
300.71
300.739
300.768
300.798
300.83
300.861
300.894
300.928
300.963
300.998
301.035
301.073
301.111
301.151
301.192
301.234
301.277
301.322
301.367
301.415
301.463
301.514
301.566
301.619
301.675
301.732
301.792
301.854
301.919
301.986
302.057
302.131
302.209
302.291
302.378
302.47
302.567
300.004
300.011
300.018
300.026
300.034
300.043
300.051
300.06
300.07
300.08
300.09
300.1
300.111
300.122
300.134
300.146
300.158
300.171
300.185
300.198
300.212
300.227
300.242
300.257
300.273
300.29
300.307
300.324
300.342
300.361
300.38
300.399
300.419
300.44
300.461
300.483
300.506
300.529
300.553
300.577
300.602
300.628
300.654
300.682
300.71
300.738
300.768
300.798
300.829
300.861
300.894
300.928
300.962
300.998
301.034
301.072
301.11
301.15
301.191
301.233
301.276
301.32
301.366
301.413
301.461
301.511
301.563
301.616
301.671
301.728
301.787
301.848
301.912
301.978
302.047
302.119
302.194
302.272
302.353
302.437
302.523
300.004
300.011
300.018
300.026
300.034
300.043
300.051
300.06
300.07
300.08
300.09
300.1
300.111
300.122
300.134
300.146
300.158
300.171
300.185
300.198
300.212
300.227
300.242
300.257
300.273
300.29
300.307
300.324
300.342
300.361
300.38
300.399
300.419
300.44
300.461
300.483
300.506
300.529
300.552
300.577
300.602
300.628
300.654
300.681
300.709
300.738
300.767
300.797
300.829
300.86
300.893
300.927
300.961
300.997
301.033
301.07
301.109
301.148
301.189
301.231
301.274
301.318
301.363
301.41
301.458
301.507
301.559
301.611
301.666
301.722
301.78
301.84
301.902
301.966
302.033
302.102
302.173
302.247
302.323
302.4
302.477
300.004
300.011
300.018
300.026
300.034
300.043
300.051
300.06
300.07
300.08
300.09
300.1
300.111
300.122
300.134
300.146
300.158
300.171
300.184
300.198
300.212
300.227
300.242
300.257
300.273
300.29
300.307
300.324
300.342
300.36
300.379
300.399
300.419
300.44
300.461
300.483
300.505
300.528
300.552
300.577
300.602
300.627
300.654
300.681
300.709
300.737
300.767
300.797
300.828
300.859
300.892
300.926
300.96
300.995
301.032
301.069
301.107
301.146
301.187
301.228
301.271
301.314
301.359
301.406
301.453
301.502
301.553
301.605
301.658
301.713
301.77
301.829
301.889
301.951
302.015
302.081
302.149
302.218
302.288
302.359
302.429
300.004
300.011
300.018
300.026
300.034
300.043
300.051
300.06
300.07
300.08
300.09
300.1
300.111
300.122
300.134
300.146
300.158
300.171
300.184
300.198
300.212
300.227
300.242
300.257
300.273
300.29
300.307
300.324
300.342
300.36
300.379
300.399
300.419
300.44
300.461
300.483
300.505
300.528
300.552
300.576
300.601
300.627
300.653
300.68
300.708
300.736
300.766
300.796
300.827
300.858
300.891
300.924
300.958
300.993
301.03
301.067
301.105
301.144
301.184
301.225
301.267
301.31
301.355
301.401
301.448
301.496
301.545
301.596
301.649
301.703
301.758
301.815
301.873
301.933
301.994
302.057
302.12
302.185
302.25
302.315
302.38
300.004
300.011
300.018
300.026
300.034
300.043
300.051
300.06
300.07
300.08
300.09
300.1
300.111
300.122
300.134
300.146
300.158
300.171
300.184
300.198
300.212
300.227
300.242
300.257
300.273
300.289
300.306
300.324
300.342
300.36
300.379
300.399
300.419
300.439
300.46
300.482
300.505
300.528
300.551
300.576
300.6
300.626
300.652
300.679
300.707
300.735
300.765
300.795
300.825
300.857
300.889
300.922
300.956
300.991
301.027
301.064
301.101
301.14
301.18
301.22
301.262
301.305
301.349
301.394
301.44
301.488
301.536
301.586
301.637
301.689
301.743
301.798
301.854
301.911
301.969
302.028
302.088
302.148
302.209
302.269
302.328
300.004
300.011
300.018
300.026
300.034
300.043
300.051
300.06
300.07
300.08
300.09
300.1
300.111
300.122
300.134
300.146
300.158
300.171
300.184
300.198
300.212
300.227
300.242
300.257
300.273
300.289
300.306
300.324
300.341
300.36
300.379
300.398
300.418
300.439
300.46
300.482
300.504
300.527
300.551
300.575
300.6
300.625
300.651
300.678
300.706
300.734
300.763
300.793
300.823
300.855
300.887
300.92
300.954
300.988
301.024
301.06
301.098
301.136
301.175
301.215
301.256
301.298
301.342
301.386
301.431
301.477
301.525
301.573
301.623
301.674
301.725
301.778
301.832
301.886
301.941
301.997
302.053
302.109
302.165
302.221
302.276
300.004
300.011
300.018
300.026
300.034
300.043
300.051
300.06
300.07
300.08
300.09
300.1
300.111
300.122
300.134
300.146
300.158
300.171
300.184
300.198
300.212
300.226
300.241
300.257
300.273
300.289
300.306
300.323
300.341
300.36
300.378
300.398
300.418
300.438
300.46
300.481
300.503
300.526
300.55
300.574
300.599
300.624
300.65
300.677
300.704
300.733
300.761
300.791
300.821
300.852
300.884
300.917
300.95
300.985
301.02
301.056
301.093
301.13
301.169
301.209
301.249
301.29
301.333
301.376
301.42
301.465
301.512
301.559
301.607
301.655
301.705
301.755
301.806
301.858
301.91
301.962
302.015
302.067
302.12
302.171
302.222
300.004
300.011
300.018
300.026
300.034
300.043
300.051
300.06
300.07
300.08
300.09
300.1
300.111
300.122
300.134
300.146
300.158
300.171
300.184
300.198
300.212
300.226
300.241
300.257
300.273
300.289
300.306
300.323
300.341
300.359
300.378
300.397
300.417
300.438
300.459
300.48
300.503
300.525
300.549
300.573
300.598
300.623
300.649
300.675
300.703
300.731
300.759
300.789
300.819
300.849
300.881
300.913
300.947
300.98
301.015
301.051
301.087
301.124
301.162
301.201
301.241
301.281
301.322
301.365
301.408
301.451
301.496
301.541
301.588
301.634
301.682
301.73
301.778
301.827
301.876
301.925
301.975
302.023
302.072
302.12
302.168
300.004
300.011
300.018
300.026
300.034
300.043
300.051
300.06
300.07
300.079
300.09
300.1
300.111
300.122
300.134
300.146
300.158
300.171
300.184
300.198
300.212
300.226
300.241
300.256
300.272
300.289
300.305
300.323
300.34
300.359
300.378
300.397
300.417
300.437
300.458
300.48
300.502
300.524
300.548
300.572
300.596
300.621
300.647
300.673
300.7
300.728
300.757
300.786
300.815
300.846
300.877
300.909
300.942
300.975
301.009
301.044
301.08
301.117
301.154
301.192
301.23
301.27
301.31
301.351
301.393
301.435
301.478
301.522
301.566
301.611
301.656
301.702
301.748
301.794
301.84
301.886
301.932
301.978
302.023
302.068
302.112
300.004
300.011
300.018
300.026
300.034
300.042
300.051
300.06
300.07
300.079
300.09
300.1
300.111
300.122
300.134
300.146
300.158
300.171
300.184
300.197
300.211
300.226
300.241
300.256
300.272
300.288
300.305
300.322
300.34
300.358
300.377
300.396
300.416
300.436
300.457
300.479
300.501
300.523
300.546
300.57
300.594
300.619
300.645
300.671
300.698
300.725
300.753
300.782
300.812
300.842
300.873
300.904
300.936
300.969
301.003
301.037
301.072
301.108
301.144
301.181
301.219
301.257
301.296
301.336
301.376
301.417
301.458
301.5
301.542
301.585
301.628
301.671
301.715
301.758
301.801
301.845
301.888
301.93
301.973
302.014
302.055
300.004
300.011
300.018
300.026
300.034
300.042
300.051
300.06
300.07
300.079
300.089
300.1
300.111
300.122
300.133
300.145
300.158
300.171
300.184
300.197
300.211
300.226
300.241
300.256
300.272
300.288
300.305
300.322
300.339
300.358
300.376
300.395
300.415
300.435
300.456
300.477
300.499
300.522
300.545
300.568
300.592
300.617
300.642
300.668
300.695
300.722
300.75
300.778
300.807
300.837
300.867
300.898
300.93
300.962
300.995
301.029
301.063
301.098
301.133
301.169
301.206
301.243
301.28
301.319
301.357
301.397
301.436
301.476
301.516
301.557
301.598
301.638
301.679
301.72
301.761
301.801
301.842
301.881
301.921
301.96
301.998
300.004
300.011
300.018
300.026
300.034
300.042
300.051
300.06
300.07
300.079
300.089
300.1
300.111
300.122
300.133
300.145
300.158
300.17
300.183
300.197
300.211
300.225
300.24
300.255
300.271
300.287
300.304
300.321
300.339
300.357
300.375
300.394
300.414
300.434
300.455
300.476
300.498
300.52
300.543
300.566
300.59
300.614
300.639
300.665
300.691
300.718
300.745
300.773
300.802
300.831
300.861
300.891
300.922
300.954
300.986
301.019
301.052
301.086
301.12
301.155
301.191
301.227
301.263
301.3
301.337
301.374
301.412
301.45
301.488
301.527
301.565
301.604
301.642
301.68
301.718
301.756
301.794
301.831
301.868
301.904
301.94
300.004
300.011
300.018
300.026
300.034
300.042
300.051
300.06
300.07
300.079
300.089
300.1
300.11
300.122
300.133
300.145
300.157
300.17
300.183
300.197
300.211
300.225
300.24
300.255
300.271
300.287
300.303
300.32
300.338
300.356
300.374
300.393
300.413
300.433
300.453
300.474
300.496
300.518
300.54
300.563
300.587
300.611
300.636
300.661
300.687
300.714
300.74
300.768
300.796
300.825
300.854
300.884
300.914
300.945
300.976
301.008
301.04
301.073
301.106
301.14
301.174
301.209
301.243
301.279
301.314
301.35
301.386
301.422
301.458
301.494
301.531
301.567
301.603
301.639
301.675
301.71
301.745
301.78
301.814
301.848
301.882
300.004
300.011
300.018
300.026
300.034
300.042
300.051
300.06
300.069
300.079
300.089
300.1
300.11
300.121
300.133
300.145
300.157
300.17
300.183
300.196
300.21
300.225
300.239
300.254
300.27
300.286
300.303
300.319
300.337
300.355
300.373
300.392
300.411
300.431
300.451
300.472
300.493
300.515
300.538
300.56
300.584
300.608
300.632
300.657
300.682
300.708
300.735
300.762
300.789
300.817
300.846
300.875
300.904
300.934
300.965
300.995
301.027
301.058
301.09
301.123
301.156
301.189
301.222
301.256
301.29
301.324
301.358
301.392
301.426
301.46
301.494
301.528
301.562
301.596
301.63
301.663
301.696
301.728
301.76
301.792
301.823
300.004
300.011
300.018
300.026
300.034
300.042
300.051
300.06
300.069
300.079
300.089
300.099
300.11
300.121
300.133
300.145
300.157
300.169
300.182
300.196
300.21
300.224
300.239
300.254
300.269
300.285
300.302
300.318
300.336
300.353
300.372
300.39
300.409
300.429
300.449
300.47
300.491
300.512
300.534
300.557
300.58
300.603
300.627
300.652
300.677
300.702
300.728
300.755
300.781
300.809
300.837
300.865
300.893
300.922
300.952
300.982
301.012
301.042
301.073
301.104
301.136
301.167
301.199
301.231
301.263
301.296
301.328
301.36
301.392
301.425
301.457
301.489
301.521
301.552
301.583
301.614
301.645
301.676
301.706
301.735
301.764
300.003
300.011
300.018
300.026
300.034
300.042
300.051
300.06
300.069
300.079
300.089
300.099
300.11
300.121
300.132
300.144
300.156
300.169
300.182
300.195
300.209
300.223
300.238
300.253
300.268
300.284
300.301
300.317
300.334
300.352
300.37
300.389
300.407
300.427
300.447
300.467
300.488
300.509
300.531
300.553
300.576
300.599
300.622
300.646
300.671
300.696
300.721
300.747
300.773
300.799
300.826
300.854
300.881
300.91
300.938
300.967
300.996
301.025
301.055
301.084
301.114
301.144
301.175
301.205
301.236
301.266
301.297
301.327
301.357
301.388
301.418
301.448
301.478
301.507
301.537
301.566
301.594
301.623
301.651
301.678
301.705
300.003
300.011
300.018
300.026
300.034
300.042
300.051
300.06
300.069
300.079
300.089
300.099
300.11
300.121
300.132
300.144
300.156
300.169
300.182
300.195
300.209
300.223
300.237
300.252
300.267
300.283
300.299
300.316
300.333
300.35
300.368
300.386
300.405
300.424
300.444
300.464
300.484
300.505
300.527
300.549
300.571
300.593
300.616
300.64
300.664
300.688
300.713
300.738
300.763
300.789
300.815
300.842
300.868
300.895
300.923
300.95
300.978
301.006
301.034
301.063
301.091
301.12
301.149
301.178
301.206
301.235
301.264
301.293
301.321
301.35
301.378
301.406
301.434
301.462
301.489
301.516
301.543
301.569
301.596
301.621
301.647
300.003
300.011
300.018
300.026
300.034
300.042
300.051
300.06
300.069
300.079
300.088
300.099
300.109
300.12
300.132
300.144
300.156
300.168
300.181
300.194
300.208
300.222
300.236
300.251
300.266
300.282
300.298
300.314
300.331
300.348
300.366
300.384
300.403
300.421
300.441
300.461
300.481
300.501
300.522
300.544
300.565
300.587
300.61
300.633
300.656
300.68
300.704
300.728
300.753
300.778
300.803
300.828
300.854
300.88
300.906
300.933
300.959
300.986
301.013
301.04
301.067
301.094
301.122
301.149
301.176
301.203
301.23
301.257
301.284
301.311
301.337
301.364
301.39
301.416
301.441
301.467
301.492
301.516
301.541
301.565
301.588
300.003
300.011
300.018
300.026
300.034
300.042
300.051
300.059
300.069
300.078
300.088
300.098
300.109
300.12
300.131
300.143
300.155
300.167
300.18
300.193
300.207
300.221
300.235
300.25
300.265
300.28
300.296
300.312
300.329
300.346
300.364
300.381
300.4
300.418
300.437
300.457
300.476
300.497
300.517
300.538
300.559
300.581
300.603
300.625
300.648
300.671
300.694
300.717
300.741
300.765
300.789
300.814
300.839
300.864
300.889
300.914
300.939
300.965
300.991
301.016
301.042
301.068
301.093
301.119
301.145
301.17
301.196
301.221
301.246
301.271
301.296
301.321
301.345
301.369
301.393
301.417
301.44
301.463
301.486
301.509
301.531
300.003
300.011
300.018
300.026
300.034
300.042
300.05
300.059
300.069
300.078
300.088
300.098
300.109
300.12
300.131
300.143
300.154
300.167
300.179
300.193
300.206
300.22
300.234
300.249
300.263
300.279
300.294
300.31
300.327
300.344
300.361
300.378
300.396
300.415
300.433
300.452
300.472
300.491
300.511
300.532
300.553
300.574
300.595
300.617
300.638
300.661
300.683
300.706
300.729
300.752
300.775
300.799
300.823
300.846
300.87
300.894
300.919
300.943
300.967
300.991
301.016
301.04
301.064
301.089
301.113
301.137
301.161
301.184
301.208
301.232
301.255
301.278
301.301
301.323
301.346
301.368
301.39
301.411
301.432
301.453
301.474
300.003
300.011
300.018
300.025
300.033
300.042
300.05
300.059
300.068
300.078
300.088
300.098
300.108
300.119
300.13
300.142
300.154
300.166
300.179
300.192
300.205
300.219
300.233
300.247
300.262
300.277
300.292
300.308
300.324
300.341
300.358
300.375
300.393
300.411
300.429
300.448
300.466
300.486
300.505
300.525
300.545
300.566
300.586
300.607
300.629
300.65
300.672
300.694
300.716
300.738
300.76
300.783
300.805
300.828
300.851
300.874
300.897
300.92
300.943
300.966
300.989
301.012
301.035
301.058
301.08
301.103
301.125
301.148
301.17
301.192
301.214
301.235
301.257
301.278
301.299
301.319
301.34
301.36
301.38
301.399
301.418
300.003
300.01
300.018
300.025
300.033
300.042
300.05
300.059
300.068
300.077
300.087
300.097
300.108
300.119
300.13
300.141
300.153
300.165
300.178
300.19
300.204
300.217
300.231
300.245
300.26
300.275
300.29
300.306
300.322
300.338
300.355
300.371
300.389
300.406
300.424
300.442
300.461
300.48
300.499
300.518
300.538
300.557
300.577
300.598
300.618
300.639
300.66
300.681
300.702
300.723
300.745
300.766
300.788
300.809
300.831
300.853
300.875
300.897
300.918
300.94
300.962
300.983
301.005
301.026
301.048
301.069
301.09
301.111
301.132
301.152
301.173
301.193
301.213
301.233
301.252
301.272
301.291
301.309
301.328
301.346
301.364
300.003
300.01
300.018
300.025
300.033
300.041
300.05
300.059
300.068
300.077
300.087
300.097
300.107
300.118
300.129
300.14
300.152
300.164
300.177
300.189
300.202
300.216
300.229
300.244
300.258
300.273
300.288
300.303
300.319
300.335
300.351
300.368
300.384
300.402
300.419
300.437
300.455
300.473
300.492
300.51
300.529
300.548
300.568
300.587
300.607
300.627
300.647
300.667
300.687
300.708
300.728
300.749
300.769
300.79
300.811
300.831
300.852
300.873
300.893
300.914
300.934
300.955
300.975
300.995
301.015
301.035
301.055
301.075
301.094
301.114
301.133
301.152
301.17
301.189
301.207
301.225
301.243
301.261
301.278
301.295
301.312
300.003
300.01
300.018
300.025
300.033
300.041
300.05
300.058
300.067
300.077
300.086
300.096
300.107
300.117
300.128
300.14
300.151
300.163
300.175
300.188
300.201
300.214
300.228
300.242
300.256
300.27
300.285
300.3
300.315
300.331
300.347
300.363
300.38
300.397
300.414
300.431
300.448
300.466
300.484
300.502
300.521
300.539
300.558
300.577
300.596
300.615
300.634
300.653
300.673
300.692
300.712
300.731
300.751
300.771
300.79
300.81
300.829
300.849
300.868
300.888
300.907
300.926
300.946
300.965
300.983
301.002
301.021
301.039
301.058
301.076
301.094
301.111
301.129
301.146
301.163
301.18
301.197
301.213
301.23
301.246
301.261
300.003
300.01
300.018
300.025
300.033
300.041
300.049
300.058
300.067
300.076
300.086
300.096
300.106
300.117
300.127
300.139
300.15
300.162
300.174
300.187
300.199
300.212
300.226
300.239
300.253
300.268
300.282
300.297
300.312
300.327
300.343
300.359
300.375
300.391
300.408
300.425
300.442
300.459
300.476
300.494
300.512
300.53
300.548
300.566
300.584
300.602
300.621
300.639
300.658
300.676
300.695
300.714
300.732
300.751
300.77
300.788
300.807
300.825
300.844
300.862
300.88
300.899
300.917
300.935
300.952
300.97
300.988
301.005
301.022
301.039
301.056
301.073
301.089
301.105
301.121
301.137
301.153
301.168
301.183
301.198
301.213
300.003
300.01
300.017
300.025
300.033
300.041
300.049
300.058
300.067
300.076
300.085
300.095
300.105
300.116
300.127
300.138
300.149
300.161
300.173
300.185
300.198
300.21
300.224
300.237
300.251
300.265
300.279
300.294
300.308
300.323
300.339
300.354
300.37
300.386
300.402
300.418
300.435
300.452
300.468
300.485
300.503
300.52
300.537
300.555
300.572
300.59
300.607
300.625
300.643
300.661
300.679
300.696
300.714
300.732
300.75
300.767
300.785
300.802
300.82
300.837
300.855
300.872
300.889
300.906
300.922
300.939
300.956
300.972
300.988
301.004
301.02
301.036
301.051
301.066
301.081
301.096
301.111
301.126
301.14
301.154
301.168
300.003
300.01
300.017
300.025
300.032
300.04
300.049
300.057
300.066
300.075
300.085
300.095
300.105
300.115
300.126
300.137
300.148
300.159
300.171
300.183
300.196
300.209
300.221
300.235
300.248
300.262
300.276
300.29
300.305
300.319
300.334
300.349
300.365
300.38
300.396
300.412
300.428
300.444
300.46
300.477
300.493
300.51
300.527
300.544
300.56
300.577
300.594
300.611
300.628
300.645
300.662
300.679
300.696
300.713
300.73
300.747
300.764
300.78
300.797
300.813
300.83
300.846
300.862
300.878
300.894
300.91
300.925
300.941
300.956
300.971
300.986
301.001
301.015
301.03
301.044
301.058
301.072
301.086
301.099
301.112
301.125
300.003
300.01
300.017
300.025
300.032
300.04
300.048
300.057
300.066
300.075
300.084
300.094
300.104
300.114
300.125
300.136
300.147
300.158
300.17
300.182
300.194
300.206
300.219
300.232
300.246
300.259
300.273
300.287
300.301
300.315
300.33
300.345
300.36
300.375
300.39
300.405
300.421
300.437
300.452
300.468
300.484
300.5
300.517
300.533
300.549
300.565
300.582
300.598
300.614
300.63
300.647
300.663
300.679
300.695
300.711
300.727
300.743
300.759
300.775
300.791
300.806
300.822
300.837
300.852
300.867
300.882
300.897
300.911
300.926
300.94
300.954
300.968
300.982
300.996
301.009
301.023
301.036
301.049
301.061
301.074
301.086
300.003
300.01
300.017
300.024
300.032
300.04
300.048
300.057
300.065
300.074
300.084
300.093
300.103
300.113
300.124
300.134
300.145
300.157
300.168
300.18
300.192
300.204
300.217
300.23
300.243
300.256
300.27
300.283
300.297
300.311
300.326
300.34
300.355
300.369
300.384
300.399
300.414
300.429
300.445
300.46
300.476
300.491
300.507
300.522
300.538
300.554
300.569
300.585
300.601
300.616
300.632
300.648
300.663
300.679
300.694
300.709
300.725
300.74
300.755
300.77
300.785
300.799
300.814
300.828
300.843
300.857
300.871
300.885
300.898
300.912
300.925
300.939
300.952
300.965
300.978
300.99
301.003
301.015
301.027
301.039
301.051
300.003
300.01
300.017
300.024
300.032
300.04
300.048
300.056
300.065
300.074
300.083
300.092
300.102
300.112
300.123
300.133
300.144
300.155
300.167
300.178
300.19
300.202
300.215
300.227
300.24
300.253
300.267
300.28
300.294
300.307
300.321
300.335
300.35
300.364
300.379
300.393
300.408
300.423
300.438
300.453
300.468
300.483
300.498
300.513
300.528
300.543
300.558
300.573
300.588
300.604
300.619
300.634
300.648
300.663
300.678
300.693
300.707
300.722
300.736
300.751
300.765
300.779
300.793
300.807
300.82
300.834
300.847
300.861
300.874
300.887
300.9
300.912
300.925
300.937
300.949
300.961
300.973
300.985
300.997
301.008
301.019
300.003
300.01
300.017
300.024
300.032
300.039
300.047
300.056
300.064
300.073
300.082
300.092
300.101
300.111
300.122
300.132
300.143
300.154
300.165
300.177
300.189
300.2
300.213
300.225
300.238
300.251
300.264
300.277
300.29
300.304
300.317
300.331
300.345
300.359
300.373
300.388
300.402
300.416
300.431
300.445
300.46
300.475
300.489
300.504
300.519
300.533
300.548
300.563
300.577
300.592
300.606
300.621
300.635
300.65
300.664
300.678
300.692
300.706
300.72
300.734
300.747
300.761
300.774
300.788
300.801
300.814
300.827
300.84
300.852
300.865
300.877
300.889
300.901
300.913
300.925
300.936
300.948
300.959
300.97
300.981
300.992
300.003
300.01
300.017
300.024
300.031
300.039
300.047
300.055
300.064
300.073
300.082
300.091
300.101
300.111
300.121
300.131
300.142
300.153
300.164
300.175
300.187
300.199
300.211
300.223
300.235
300.248
300.261
300.274
300.287
300.3
300.314
300.327
300.341
300.355
300.369
300.383
300.397
300.411
300.425
300.439
300.454
300.468
300.482
300.496
300.511
300.525
300.539
300.554
300.568
300.582
300.596
300.61
300.624
300.638
300.652
300.666
300.679
300.693
300.706
300.719
300.733
300.746
300.759
300.772
300.784
300.797
300.809
300.822
300.834
300.846
300.858
300.87
300.881
300.893
300.904
300.915
300.926
300.937
300.948
300.959
300.969
300.003
300.01
300.017
300.024
300.031
300.039
300.047
300.055
300.063
300.072
300.081
300.09
300.1
300.11
300.12
300.13
300.141
300.152
300.163
300.174
300.185
300.197
300.209
300.221
300.233
300.246
300.259
300.271
300.284
300.297
300.311
300.324
300.338
300.351
300.365
300.378
300.392
300.406
300.42
300.434
300.448
300.462
300.476
300.49
300.504
300.518
300.532
300.546
300.56
300.574
300.587
300.601
300.615
300.628
300.642
300.655
300.668
300.682
300.695
300.708
300.721
300.733
300.746
300.759
300.771
300.783
300.795
300.807
300.819
300.831
300.843
300.854
300.865
300.876
300.887
300.898
300.909
300.92
300.93
300.94
300.951
300.003
300.01
300.017
300.024
300.031
300.039
300.046
300.055
300.063
300.072
300.081
300.09
300.099
300.109
300.119
300.129
300.14
300.151
300.162
300.173
300.184
300.196
300.208
300.22
300.232
300.244
300.257
300.269
300.282
300.295
300.308
300.321
300.335
300.348
300.362
300.375
300.389
300.402
300.416
300.43
300.444
300.457
300.471
300.485
300.499
300.513
300.526
300.54
300.554
300.567
300.581
300.594
300.608
300.621
300.634
300.647
300.66
300.673
300.686
300.699
300.711
300.724
300.736
300.749
300.761
300.773
300.785
300.796
300.808
300.82
300.831
300.842
300.853
300.864
300.875
300.886
300.896
300.906
300.917
300.927
300.937
300.003
300.01
300.016
300.024
300.031
300.038
300.046
300.054
300.063
300.071
300.08
300.089
300.099
300.109
300.119
300.129
300.139
300.15
300.161
300.172
300.183
300.195
300.206
300.218
300.23
300.243
300.255
300.268
300.281
300.293
300.306
300.319
300.333
300.346
300.359
300.373
300.386
300.4
300.413
300.427
300.44
300.454
300.468
300.481
300.495
300.509
300.522
300.536
300.549
300.563
300.576
300.589
300.602
300.616
300.629
300.642
300.654
300.667
300.68
300.693
300.705
300.717
300.73
300.742
300.754
300.765
300.777
300.789
300.8
300.812
300.823
300.834
300.845
300.856
300.866
300.877
300.887
300.897
300.907
300.917
300.927
300.003
300.01
300.016
300.023
300.031
300.038
300.046
300.054
300.063
300.071
300.08
300.089
300.099
300.108
300.118
300.128
300.139
300.149
300.16
300.171
300.183
300.194
300.206
300.218
300.23
300.242
300.254
300.267
300.279
300.292
300.305
300.318
300.331
300.344
300.358
300.371
300.384
300.398
300.411
300.425
300.438
300.452
300.466
300.479
300.493
300.506
300.52
300.533
300.546
300.56
300.573
300.586
300.599
300.612
300.625
300.638
300.651
300.664
300.676
300.689
300.701
300.713
300.726
300.738
300.749
300.761
300.773
300.784
300.796
300.807
300.818
300.829
300.84
300.851
300.861
300.872
300.882
300.892
300.902
300.912
300.921
300.003
300.01
300.016
300.023
300.031
300.038
300.046
300.054
300.062
300.071
300.08
300.089
300.098
300.108
300.118
300.128
300.138
300.149
300.16
300.171
300.182
300.194
300.205
300.217
300.229
300.241
300.254
300.266
300.279
300.292
300.304
300.317
300.331
300.344
300.357
300.37
300.384
300.397
300.411
300.424
300.438
300.451
300.465
300.478
300.492
300.505
300.518
300.532
300.545
300.558
300.572
300.585
300.598
300.611
300.624
300.637
300.649
300.662
300.675
300.687
300.699
300.712
300.724
300.736
300.748
300.759
300.771
300.782
300.794
300.805
300.816
300.827
300.838
300.848
300.859
300.869
300.88
300.89
300.9
300.909
300.919
300.003
300.01
300.016
300.023
300.031
300.038
300.046
300.054
300.062
300.071
300.08
300.089
300.098
300.108
300.118
300.128
300.138
300.149
300.16
300.171
300.182
300.193
300.205
300.217
300.229
300.241
300.254
300.266
300.279
300.291
300.304
300.317
300.33
300.344
300.357
300.37
300.383
300.397
300.41
300.424
300.437
300.451
300.464
300.478
300.491
300.505
300.518
300.532
300.545
300.558
300.571
300.585
300.598
300.611
300.624
300.636
300.649
300.662
300.674
300.687
300.699
300.711
300.723
300.735
300.747
300.759
300.771
300.782
300.793
300.805
300.816
300.827
300.837
300.848
300.859
300.869
300.879
300.889
300.899
300.909
300.919
302.789
302.91
303.012
303.101
303.181
303.253
303.318
303.379
303.434
303.486
303.534
303.578
303.62
303.658
303.694
303.728
303.76
303.79
303.819
303.847
303.873
303.9
303.926
303.954
303.981
304.01
304.038
304.065
304.093
304.121
304.148
304.175
304.202
304.229
304.255
304.282
304.308
304.334
304.36
304.385
304.411
304.436
304.462
304.487
304.512
304.537
304.563
304.588
304.612
304.637
304.662
304.687
304.712
304.736
304.761
304.786
304.81
304.835
304.859
304.883
304.908
304.932
304.957
304.981
305.005
305.03
305.054
305.078
305.102
305.127
305.151
305.175
305.199
305.224
305.248
305.272
305.297
305.321
305.345
305.37
305.394
305.418
305.443
305.467
305.491
305.516
305.54
305.565
305.59
305.614
305.639
305.663
305.688
305.713
305.737
305.762
305.787
305.812
305.837
305.862
305.887
305.911
305.936
305.961
305.986
306.012
306.037
306.062
306.087
306.112
306.137
306.162
306.187
306.212
306.237
306.261
306.286
306.311
306.335
306.359
306.384
306.408
306.431
306.455
306.478
306.501
306.524
306.546
306.567
306.589
306.609
306.629
306.648
306.667
306.684
306.701
306.716
306.73
306.743
306.755
306.765
306.773
306.779
306.784
306.786
306.785
306.782
306.776
306.767
306.754
306.737
306.717
306.691
306.66
306.624
306.581
306.536
306.481
306.403
306.286
306.107
302.723
302.832
302.929
303.016
303.095
303.167
303.233
303.295
303.352
303.404
303.454
303.5
303.543
303.583
303.62
303.656
303.69
303.722
303.752
303.781
303.81
303.838
303.866
303.894
303.923
303.951
303.98
304.008
304.036
304.064
304.092
304.119
304.147
304.174
304.201
304.228
304.254
304.28
304.307
304.333
304.358
304.384
304.41
304.436
304.461
304.487
304.512
304.537
304.563
304.588
304.613
304.638
304.663
304.688
304.713
304.737
304.762
304.787
304.812
304.836
304.861
304.885
304.91
304.935
304.959
304.984
305.008
305.033
305.057
305.082
305.106
305.131
305.155
305.179
305.204
305.228
305.253
305.277
305.302
305.327
305.351
305.376
305.4
305.425
305.45
305.474
305.499
305.524
305.548
305.573
305.598
305.623
305.648
305.673
305.698
305.723
305.748
305.773
305.798
305.823
305.848
305.873
305.899
305.924
305.949
305.974
306
306.025
306.05
306.076
306.101
306.126
306.151
306.177
306.202
306.227
306.252
306.277
306.301
306.326
306.35
306.375
306.399
306.423
306.446
306.469
306.492
306.515
306.537
306.558
306.579
306.599
306.618
306.637
306.655
306.672
306.687
306.702
306.715
306.727
306.737
306.745
306.752
306.756
306.758
306.758
306.755
306.749
306.74
306.727
306.71
306.689
306.663
306.632
306.595
306.551
306.503
306.444
306.362
306.242
306.061
302.665
302.761
302.851
302.934
303.011
303.082
303.148
303.21
303.267
303.321
303.371
303.418
303.463
303.504
303.543
303.581
303.616
303.649
303.682
303.713
303.743
303.772
303.802
303.831
303.86
303.889
303.918
303.947
303.976
304.004
304.032
304.06
304.088
304.116
304.143
304.17
304.197
304.224
304.25
304.277
304.303
304.329
304.355
304.381
304.407
304.433
304.458
304.484
304.509
304.535
304.56
304.585
304.611
304.636
304.661
304.686
304.711
304.736
304.761
304.786
304.811
304.835
304.86
304.885
304.91
304.935
304.959
304.984
305.009
305.033
305.058
305.083
305.108
305.132
305.157
305.182
305.206
305.231
305.256
305.281
305.305
305.33
305.355
305.38
305.405
305.43
305.455
305.48
305.505
305.53
305.555
305.58
305.605
305.63
305.655
305.681
305.706
305.731
305.757
305.782
305.807
305.833
305.858
305.884
305.909
305.935
305.96
305.986
306.011
306.037
306.063
306.088
306.114
306.139
306.164
306.19
306.215
306.24
306.265
306.29
306.315
306.34
306.364
306.388
306.412
306.435
306.459
306.481
306.504
306.525
306.546
306.567
306.587
306.606
306.624
306.641
306.657
306.672
306.685
306.697
306.707
306.716
306.723
306.727
306.73
306.729
306.726
306.72
306.711
306.698
306.681
306.66
306.634
306.602
306.564
306.519
306.468
306.406
306.32
306.197
306.016
302.61
302.695
302.778
302.856
302.93
302.999
303.064
303.125
303.183
303.236
303.287
303.335
303.38
303.423
303.464
303.502
303.539
303.574
303.608
303.64
303.672
303.703
303.733
303.763
303.793
303.823
303.853
303.882
303.911
303.94
303.969
303.997
304.026
304.053
304.081
304.109
304.136
304.163
304.19
304.217
304.244
304.27
304.296
304.323
304.349
304.375
304.401
304.427
304.453
304.478
304.504
304.53
304.555
304.581
304.606
304.631
304.656
304.682
304.707
304.732
304.757
304.782
304.807
304.832
304.857
304.882
304.907
304.932
304.957
304.982
305.007
305.032
305.057
305.082
305.107
305.132
305.157
305.182
305.207
305.232
305.257
305.282
305.307
305.332
305.357
305.382
305.407
305.433
305.458
305.483
305.508
305.534
305.559
305.585
305.61
305.636
305.661
305.687
305.712
305.738
305.764
305.789
305.815
305.841
305.867
305.892
305.918
305.944
305.97
305.996
306.022
306.047
306.073
306.099
306.125
306.15
306.176
306.201
306.227
306.252
306.277
306.302
306.327
306.351
306.375
306.399
306.423
306.446
306.468
306.49
306.512
306.533
306.553
306.572
306.59
306.608
306.624
306.639
306.653
306.665
306.676
306.685
306.692
306.697
306.699
306.699
306.696
306.69
306.681
306.667
306.65
306.629
306.602
306.57
306.531
306.485
306.432
306.366
306.277
306.152
305.973
302.555
302.632
302.708
302.781
302.851
302.917
302.98
303.04
303.097
303.151
303.202
303.25
303.296
303.34
303.382
303.421
303.459
303.495
303.53
303.564
303.597
303.629
303.661
303.692
303.723
303.753
303.784
303.814
303.843
303.873
303.902
303.931
303.959
303.988
304.016
304.044
304.072
304.099
304.126
304.154
304.181
304.208
304.234
304.261
304.287
304.314
304.34
304.366
304.392
304.418
304.444
304.47
304.496
304.522
304.547
304.573
304.599
304.624
304.649
304.675
304.7
304.726
304.751
304.776
304.801
304.827
304.852
304.877
304.902
304.928
304.953
304.978
305.003
305.028
305.054
305.079
305.104
305.129
305.154
305.18
305.205
305.23
305.256
305.281
305.306
305.332
305.357
305.383
305.408
305.434
305.459
305.485
305.51
305.536
305.562
305.588
305.613
305.639
305.665
305.691
305.717
305.743
305.769
305.795
305.821
305.847
305.873
305.899
305.926
305.952
305.978
306.004
306.03
306.056
306.082
306.108
306.134
306.16
306.186
306.211
306.237
306.262
306.287
306.312
306.336
306.361
306.384
306.408
306.431
306.453
306.475
306.496
306.517
306.536
306.555
306.573
306.589
306.605
306.619
306.632
306.642
306.652
306.659
306.664
306.666
306.666
306.664
306.658
306.648
306.635
306.618
306.596
306.569
306.536
306.496
306.449
306.394
306.325
306.233
306.107
305.931
302.5
302.57
302.64
302.708
302.773
302.837
302.898
302.956
303.012
303.065
303.116
303.165
303.211
303.255
303.297
303.338
303.377
303.414
303.45
303.485
303.519
303.552
303.585
303.617
303.649
303.68
303.711
303.741
303.771
303.801
303.831
303.86
303.889
303.918
303.947
303.975
304.003
304.031
304.059
304.087
304.114
304.141
304.168
304.195
304.222
304.249
304.276
304.302
304.328
304.355
304.381
304.407
304.433
304.459
304.485
304.511
304.537
304.563
304.588
304.614
304.64
304.665
304.691
304.717
304.742
304.768
304.793
304.819
304.844
304.869
304.895
304.92
304.946
304.971
304.997
305.022
305.048
305.073
305.099
305.124
305.15
305.175
305.201
305.226
305.252
305.278
305.303
305.329
305.355
305.381
305.407
305.433
305.458
305.484
305.51
305.536
305.563
305.589
305.615
305.641
305.667
305.694
305.72
305.746
305.773
305.799
305.826
305.852
305.878
305.905
305.931
305.958
305.984
306.011
306.037
306.063
306.09
306.116
306.142
306.168
306.194
306.219
306.245
306.27
306.295
306.319
306.344
306.367
306.391
306.414
306.436
306.457
306.478
306.498
306.517
306.535
306.552
306.568
306.583
306.596
306.607
306.616
306.624
306.629
306.632
306.632
306.629
306.623
306.614
306.601
306.583
306.561
306.534
306.5
306.46
306.412
306.354
306.282
306.188
306.061
305.89
302.444
302.509
302.573
302.636
302.698
302.758
302.817
302.873
302.927
302.979
303.03
303.078
303.124
303.168
303.211
303.252
303.292
303.33
303.367
303.403
303.438
303.472
303.506
303.538
303.571
303.603
303.634
303.665
303.696
303.726
303.756
303.786
303.816
303.845
303.874
303.903
303.931
303.96
303.988
304.016
304.044
304.071
304.099
304.126
304.153
304.18
304.207
304.234
304.261
304.287
304.314
304.34
304.367
304.393
304.419
304.445
304.472
304.498
304.524
304.55
304.576
304.601
304.627
304.653
304.679
304.705
304.731
304.756
304.782
304.808
304.833
304.859
304.885
304.911
304.936
304.962
304.988
305.014
305.039
305.065
305.091
305.117
305.143
305.169
305.195
305.22
305.246
305.272
305.299
305.325
305.351
305.377
305.403
305.429
305.456
305.482
305.508
305.535
305.561
305.588
305.614
305.641
305.668
305.694
305.721
305.748
305.775
305.801
305.828
305.855
305.882
305.909
305.935
305.962
305.989
306.016
306.042
306.069
306.095
306.122
306.148
306.174
306.2
306.225
306.251
306.276
306.3
306.324
306.348
306.371
306.394
306.416
306.437
306.458
306.477
306.496
306.513
306.529
306.544
306.557
306.569
306.579
306.587
306.592
306.595
306.596
306.593
306.587
306.578
306.565
306.547
306.525
306.497
306.463
306.421
306.372
306.313
306.239
306.143
306.016
305.85
302.388
302.447
302.507
302.566
302.624
302.681
302.736
302.79
302.843
302.894
302.943
302.99
303.036
303.081
303.123
303.165
303.205
303.244
303.281
303.318
303.354
303.389
303.423
303.456
303.489
303.522
303.554
303.585
303.617
303.647
303.678
303.708
303.738
303.768
303.797
303.827
303.856
303.884
303.913
303.941
303.969
303.997
304.025
304.053
304.08
304.108
304.135
304.162
304.189
304.216
304.243
304.27
304.296
304.323
304.35
304.376
304.402
304.429
304.455
304.481
304.508
304.534
304.56
304.586
304.612
304.638
304.664
304.69
304.716
304.742
304.768
304.794
304.82
304.846
304.872
304.898
304.924
304.95
304.976
305.003
305.029
305.055
305.081
305.107
305.133
305.16
305.186
305.212
305.239
305.265
305.291
305.318
305.344
305.371
305.398
305.424
305.451
305.478
305.505
305.531
305.558
305.585
305.612
305.639
305.666
305.693
305.72
305.748
305.775
305.802
305.829
305.856
305.884
305.911
305.938
305.965
305.992
306.019
306.046
306.072
306.099
306.125
306.152
306.178
306.203
306.229
306.254
306.279
306.303
306.326
306.35
306.372
306.394
306.415
306.435
306.454
306.471
306.488
306.503
306.517
306.529
306.539
306.547
306.553
306.556
306.557
306.554
306.549
306.54
306.526
306.509
306.486
306.458
306.423
306.381
306.331
306.27
306.194
306.097
305.971
305.81
302.331
302.386
302.441
302.496
302.551
302.604
302.657
302.709
302.759
302.808
302.856
302.903
302.948
302.992
303.035
303.076
303.116
303.155
303.193
303.23
303.267
303.302
303.337
303.371
303.404
303.437
303.47
303.502
303.534
303.565
303.596
303.627
303.657
303.687
303.717
303.747
303.776
303.805
303.834
303.863
303.891
303.919
303.948
303.976
304.004
304.031
304.059
304.086
304.114
304.141
304.168
304.195
304.222
304.249
304.276
304.303
304.329
304.356
304.383
304.409
304.436
304.462
304.489
304.515
304.541
304.568
304.594
304.62
304.647
304.673
304.699
304.726
304.752
304.778
304.805
304.831
304.857
304.884
304.91
304.936
304.963
304.989
305.016
305.042
305.069
305.095
305.122
305.148
305.175
305.202
305.228
305.255
305.282
305.309
305.336
305.363
305.39
305.417
305.444
305.471
305.499
305.526
305.553
305.581
305.608
305.635
305.663
305.69
305.718
305.746
305.773
305.801
305.828
305.856
305.883
305.911
305.938
305.966
305.993
306.02
306.047
306.074
306.101
306.127
306.153
306.179
306.205
306.23
306.255
306.279
306.302
306.325
306.347
306.369
306.389
306.409
306.427
306.444
306.46
306.474
306.486
306.497
306.505
306.511
306.515
306.516
306.514
306.508
306.499
306.486
306.468
306.445
306.417
306.382
306.339
306.287
306.225
306.148
306.05
305.926
305.772
302.273
302.324
302.376
302.427
302.478
302.529
302.579
302.628
302.676
302.724
302.77
302.815
302.86
302.903
302.945
302.986
303.026
303.065
303.103
303.141
303.177
303.213
303.248
303.283
303.317
303.35
303.383
303.415
303.448
303.479
303.511
303.542
303.572
303.603
303.633
303.663
303.693
303.722
303.751
303.78
303.809
303.838
303.866
303.895
303.923
303.951
303.979
304.007
304.034
304.062
304.089
304.117
304.144
304.171
304.198
304.226
304.253
304.279
304.306
304.333
304.36
304.387
304.414
304.44
304.467
304.494
304.52
304.547
304.573
304.6
304.627
304.653
304.68
304.706
304.733
304.76
304.786
304.813
304.839
304.866
304.893
304.92
304.946
304.973
305
305.027
305.054
305.081
305.108
305.135
305.162
305.189
305.216
305.243
305.271
305.298
305.325
305.353
305.38
305.408
305.435
305.463
305.491
305.519
305.546
305.574
305.602
305.63
305.658
305.686
305.714
305.742
305.77
305.798
305.826
305.854
305.881
305.909
305.937
305.965
305.992
306.019
306.047
306.073
306.1
306.126
306.152
306.178
306.203
306.228
306.252
306.275
306.298
306.32
306.341
306.361
306.38
306.397
306.413
306.428
306.441
306.452
306.461
306.467
306.471
306.473
306.471
306.465
306.456
306.443
306.425
306.402
306.374
306.338
306.295
306.243
306.179
306.101
306.003
305.882
305.734
302.215
302.262
302.31
302.358
302.406
302.454
302.501
302.548
302.594
302.639
302.684
302.728
302.771
302.813
302.855
302.895
302.935
302.974
303.012
303.049
303.086
303.122
303.157
303.192
303.226
303.26
303.293
303.326
303.358
303.39
303.422
303.453
303.484
303.515
303.546
303.576
303.606
303.636
303.665
303.694
303.724
303.753
303.781
303.81
303.838
303.867
303.895
303.923
303.951
303.979
304.007
304.034
304.062
304.09
304.117
304.144
304.172
304.199
304.226
304.253
304.28
304.307
304.334
304.361
304.388
304.415
304.442
304.469
304.496
304.523
304.55
304.577
304.604
304.63
304.657
304.684
304.711
304.738
304.765
304.792
304.819
304.846
304.873
304.9
304.928
304.955
304.982
305.009
305.037
305.064
305.091
305.119
305.146
305.174
305.202
305.229
305.257
305.285
305.313
305.341
305.369
305.397
305.425
305.453
305.481
305.509
305.538
305.566
305.594
305.623
305.651
305.679
305.708
305.736
305.765
305.793
305.821
305.849
305.878
305.906
305.934
305.962
305.989
306.017
306.044
306.071
306.097
306.123
306.149
306.174
306.199
306.223
306.246
306.268
306.29
306.31
306.33
306.348
306.364
306.38
306.393
306.404
306.414
306.421
306.425
306.427
306.425
306.42
306.411
306.398
306.381
306.358
306.328
306.293
306.249
306.196
306.132
306.053
305.956
305.838
305.696
302.156
302.2
302.245
302.29
302.335
302.379
302.424
302.468
302.512
302.556
302.599
302.641
302.683
302.724
302.764
302.804
302.843
302.882
302.919
302.956
302.993
303.029
303.064
303.099
303.133
303.167
303.2
303.233
303.266
303.298
303.33
303.362
303.393
303.424
303.455
303.485
303.515
303.545
303.575
303.605
303.634
303.664
303.693
303.722
303.75
303.779
303.807
303.836
303.864
303.892
303.92
303.948
303.976
304.004
304.032
304.059
304.087
304.114
304.142
304.169
304.197
304.224
304.251
304.279
304.306
304.333
304.36
304.387
304.415
304.442
304.469
304.496
304.523
304.551
304.578
304.605
304.632
304.66
304.687
304.714
304.742
304.769
304.796
304.824
304.851
304.879
304.906
304.934
304.962
304.989
305.017
305.045
305.073
305.101
305.129
305.157
305.185
305.213
305.241
305.27
305.298
305.326
305.355
305.383
305.412
305.441
305.469
305.498
305.527
305.556
305.584
305.613
305.642
305.671
305.7
305.729
305.757
305.786
305.815
305.843
305.872
305.9
305.928
305.956
305.984
306.011
306.038
306.065
306.091
306.117
306.142
306.167
306.191
306.214
306.236
306.257
306.277
306.295
306.313
306.328
306.342
306.354
306.364
306.371
306.376
306.378
306.377
306.373
306.364
306.351
306.333
306.31
306.281
306.245
306.201
306.148
306.083
306.005
305.909
305.794
305.658
302.096
302.138
302.179
302.221
302.263
302.305
302.347
302.389
302.431
302.473
302.514
302.554
302.595
302.634
302.674
302.713
302.751
302.788
302.826
302.862
302.898
302.934
302.969
303.004
303.038
303.072
303.105
303.138
303.171
303.203
303.235
303.267
303.299
303.33
303.361
303.391
303.422
303.452
303.482
303.512
303.542
303.571
303.6
303.629
303.658
303.687
303.716
303.745
303.773
303.802
303.83
303.858
303.886
303.914
303.942
303.97
303.998
304.026
304.054
304.081
304.109
304.137
304.164
304.192
304.219
304.247
304.274
304.302
304.329
304.357
304.384
304.412
304.439
304.467
304.494
304.522
304.549
304.577
304.605
304.632
304.66
304.688
304.715
304.743
304.771
304.799
304.827
304.855
304.883
304.911
304.939
304.967
304.995
305.024
305.052
305.081
305.109
305.138
305.166
305.195
305.224
305.253
305.281
305.31
305.339
305.368
305.397
305.427
305.456
305.485
305.514
305.544
305.573
305.602
305.632
305.661
305.69
305.719
305.749
305.778
305.807
305.835
305.864
305.893
305.921
305.949
305.976
306.004
306.03
306.057
306.082
306.108
306.132
306.156
306.178
306.2
306.221
306.24
306.258
306.274
306.288
306.301
306.311
306.319
306.325
306.327
306.327
306.322
306.314
306.301
306.284
306.261
306.232
306.196
306.152
306.098
306.034
305.956
305.862
305.751
305.621
302.036
302.075
302.114
302.153
302.192
302.232
302.272
302.311
302.351
302.39
302.429
302.468
302.507
302.545
302.583
302.621
302.658
302.695
302.731
302.767
302.803
302.838
302.873
302.907
302.941
302.975
303.008
303.041
303.074
303.106
303.138
303.17
303.202
303.233
303.264
303.295
303.325
303.356
303.386
303.416
303.446
303.475
303.505
303.534
303.563
303.592
303.621
303.65
303.679
303.708
303.736
303.765
303.793
303.821
303.849
303.878
303.906
303.934
303.962
303.99
304.018
304.046
304.073
304.101
304.129
304.157
304.185
304.212
304.24
304.268
304.296
304.324
304.351
304.379
304.407
304.435
304.463
304.491
304.519
304.546
304.574
304.603
304.631
304.659
304.687
304.715
304.743
304.772
304.8
304.829
304.857
304.886
304.914
304.943
304.972
305
305.029
305.058
305.087
305.116
305.146
305.175
305.204
305.233
305.263
305.292
305.322
305.351
305.381
305.411
305.441
305.47
305.5
305.53
305.56
305.589
305.619
305.649
305.679
305.708
305.738
305.767
305.796
305.825
305.854
305.883
305.911
305.939
305.966
305.993
306.019
306.045
306.07
306.094
306.118
306.14
306.161
306.181
306.2
306.216
306.232
306.245
306.256
306.264
306.27
306.273
306.273
306.269
306.262
306.249
306.232
306.21
306.181
306.145
306.101
306.048
305.983
305.907
305.815
305.708
305.584
301.976
302.012
302.048
302.085
302.122
302.159
302.196
302.234
302.271
302.308
302.346
302.383
302.42
302.457
302.493
302.53
302.566
302.602
302.637
302.672
302.707
302.742
302.776
302.81
302.843
302.877
302.91
302.942
302.975
303.007
303.039
303.071
303.102
303.133
303.164
303.195
303.226
303.256
303.287
303.317
303.347
303.376
303.406
303.435
303.465
303.494
303.523
303.552
303.581
303.61
303.639
303.667
303.696
303.725
303.753
303.781
303.81
303.838
303.866
303.894
303.923
303.951
303.979
304.007
304.035
304.063
304.091
304.119
304.147
304.175
304.203
304.231
304.26
304.288
304.316
304.344
304.372
304.4
304.429
304.457
304.485
304.513
304.542
304.57
304.599
304.627
304.656
304.685
304.713
304.742
304.771
304.8
304.829
304.858
304.887
304.916
304.946
304.975
305.005
305.034
305.064
305.093
305.123
305.153
305.183
305.212
305.242
305.273
305.303
305.333
305.363
305.393
305.423
305.454
305.484
305.514
305.545
305.575
305.605
305.635
305.665
305.695
305.725
305.754
305.784
305.813
305.842
305.87
305.898
305.926
305.953
305.979
306.005
306.03
306.054
306.077
306.098
306.119
306.138
306.156
306.172
306.186
306.197
306.206
306.213
306.217
306.217
306.214
306.207
306.195
306.178
306.156
306.127
306.092
306.048
305.995
305.932
305.857
305.768
305.664
305.547
301.915
301.949
301.983
302.017
302.052
302.087
302.122
302.157
302.192
302.227
302.263
302.298
302.333
302.369
302.404
302.439
302.474
302.508
302.543
302.577
302.611
302.645
302.678
302.712
302.745
302.777
302.81
302.842
302.874
302.906
302.938
302.97
303.001
303.032
303.063
303.094
303.124
303.155
303.185
303.215
303.245
303.275
303.304
303.334
303.363
303.393
303.422
303.451
303.48
303.509
303.538
303.567
303.596
303.624
303.653
303.682
303.71
303.739
303.767
303.796
303.824
303.852
303.881
303.909
303.937
303.966
303.994
304.022
304.051
304.079
304.107
304.136
304.164
304.192
304.221
304.249
304.278
304.306
304.335
304.363
304.392
304.421
304.449
304.478
304.507
304.536
304.565
304.594
304.623
304.652
304.681
304.711
304.74
304.77
304.799
304.829
304.858
304.888
304.918
304.948
304.978
305.008
305.038
305.068
305.099
305.129
305.159
305.19
305.22
305.251
305.282
305.312
305.343
305.374
305.405
305.435
305.466
305.497
305.528
305.558
305.589
305.619
305.65
305.68
305.71
305.74
305.769
305.798
305.827
305.855
305.882
305.91
305.936
305.961
305.986
306.01
306.032
306.054
306.074
306.092
306.108
306.123
306.135
306.145
306.153
306.157
306.158
306.156
306.149
306.138
306.122
306.1
306.072
306.037
305.994
305.942
305.88
305.806
305.72
305.622
305.51
301.854
301.886
301.917
301.949
301.982
302.015
302.048
302.081
302.114
302.147
302.181
302.214
302.248
302.282
302.315
302.349
302.382
302.416
302.449
302.482
302.515
302.548
302.58
302.613
302.645
302.678
302.71
302.741
302.773
302.805
302.836
302.867
302.898
302.929
302.96
302.99
303.021
303.051
303.081
303.111
303.141
303.171
303.2
303.23
303.26
303.289
303.318
303.347
303.377
303.406
303.435
303.464
303.492
303.521
303.55
303.579
303.607
303.636
303.665
303.693
303.722
303.751
303.779
303.808
303.836
303.865
303.893
303.922
303.95
303.979
304.008
304.036
304.065
304.093
304.122
304.151
304.18
304.208
304.237
304.266
304.295
304.324
304.353
304.382
304.412
304.441
304.47
304.499
304.529
304.558
304.588
304.618
304.648
304.677
304.707
304.737
304.767
304.797
304.828
304.858
304.888
304.919
304.95
304.98
305.011
305.042
305.073
305.104
305.135
305.166
305.197
305.228
305.259
305.29
305.322
305.353
305.384
305.416
305.447
305.478
305.509
305.54
305.571
305.602
305.632
305.663
305.693
305.722
305.752
305.78
305.809
305.836
305.863
305.89
305.915
305.939
305.963
305.985
306.005
306.025
306.042
306.057
306.07
306.081
306.089
306.094
306.096
306.094
306.088
306.078
306.062
306.041
306.014
305.98
305.938
305.887
305.827
305.756
305.673
305.579
305.473
301.793
301.823
301.852
301.882
301.913
301.943
301.974
302.005
302.037
302.068
302.1
302.132
302.164
302.196
302.228
302.26
302.292
302.324
302.356
302.388
302.419
302.451
302.483
302.515
302.546
302.578
302.609
302.64
302.671
302.702
302.733
302.764
302.794
302.825
302.855
302.885
302.916
302.946
302.976
303.005
303.035
303.065
303.094
303.124
303.153
303.183
303.212
303.241
303.27
303.299
303.329
303.358
303.386
303.415
303.444
303.473
303.502
303.531
303.559
303.588
303.617
303.646
303.674
303.703
303.732
303.761
303.789
303.818
303.847
303.876
303.905
303.933
303.962
303.991
304.02
304.049
304.078
304.107
304.136
304.166
304.195
304.224
304.254
304.283
304.313
304.342
304.372
304.401
304.431
304.461
304.491
304.521
304.551
304.582
304.612
304.642
304.673
304.703
304.734
304.765
304.795
304.826
304.857
304.888
304.92
304.951
304.982
305.014
305.045
305.077
305.108
305.14
305.172
305.203
305.235
305.267
305.299
305.331
305.362
305.394
305.426
305.457
305.489
305.52
305.551
305.582
305.613
305.643
305.673
305.702
305.731
305.76
305.787
305.814
305.84
305.866
305.89
305.912
305.934
305.954
305.972
305.988
306.002
306.014
306.023
306.028
306.031
306.03
306.025
306.015
306.001
305.981
305.954
305.921
305.881
305.831
305.773
305.704
305.625
305.535
305.436
301.732
301.76
301.788
301.816
301.844
301.873
301.902
301.931
301.961
301.99
302.02
302.05
302.08
302.111
302.141
302.172
302.202
302.233
302.263
302.294
302.325
302.355
302.386
302.417
302.447
302.478
302.508
302.539
302.569
302.599
302.63
302.66
302.69
302.72
302.75
302.78
302.81
302.839
302.869
302.899
302.928
302.958
302.987
303.016
303.046
303.075
303.104
303.133
303.162
303.191
303.22
303.249
303.278
303.307
303.336
303.365
303.394
303.423
303.452
303.48
303.509
303.538
303.567
303.596
303.625
303.654
303.683
303.712
303.74
303.769
303.799
303.828
303.857
303.886
303.915
303.944
303.974
304.003
304.032
304.062
304.091
304.121
304.151
304.18
304.21
304.24
304.27
304.3
304.33
304.36
304.391
304.421
304.452
304.482
304.513
304.544
304.575
304.606
304.637
304.668
304.699
304.73
304.762
304.793
304.825
304.857
304.888
304.92
304.952
304.984
305.016
305.048
305.081
305.113
305.145
305.177
305.21
305.242
305.274
305.307
305.339
305.371
305.403
305.435
305.466
305.498
305.529
305.56
305.591
305.621
305.65
305.679
305.708
305.735
305.762
305.788
305.813
305.836
305.859
305.879
305.898
305.915
305.93
305.943
305.952
305.959
305.963
305.963
305.959
305.95
305.937
305.918
305.893
305.861
305.822
305.774
305.718
305.653
305.577
305.492
305.397
301.672
301.698
301.724
301.75
301.776
301.803
301.831
301.858
301.886
301.914
301.942
301.97
301.999
302.027
302.056
302.085
302.114
302.143
302.173
302.202
302.231
302.261
302.29
302.32
302.349
302.379
302.409
302.438
302.468
302.497
302.527
302.556
302.586
302.615
302.644
302.674
302.703
302.732
302.762
302.791
302.82
302.849
302.878
302.907
302.936
302.966
302.995
303.023
303.052
303.081
303.11
303.139
303.168
303.197
303.226
303.255
303.284
303.313
303.341
303.37
303.399
303.428
303.457
303.486
303.515
303.544
303.573
303.602
303.631
303.661
303.69
303.719
303.748
303.778
303.807
303.837
303.866
303.896
303.925
303.955
303.985
304.015
304.045
304.075
304.105
304.135
304.165
304.196
304.226
304.257
304.287
304.318
304.349
304.38
304.411
304.442
304.473
304.505
304.536
304.568
304.599
304.631
304.663
304.695
304.727
304.759
304.791
304.824
304.856
304.888
304.921
304.954
304.986
305.019
305.052
305.084
305.117
305.15
305.183
305.216
305.248
305.281
305.314
305.346
305.378
305.41
305.442
305.474
305.505
305.535
305.566
305.595
305.625
305.653
305.68
305.707
305.733
305.757
305.78
305.801
305.821
305.839
305.855
305.868
305.879
305.887
305.891
305.892
305.889
305.882
305.87
305.852
305.828
305.798
305.761
305.716
305.662
305.6
305.528
305.448
305.359
301.612
301.636
301.66
301.685
301.71
301.735
301.76
301.786
301.812
301.838
301.865
301.892
301.918
301.946
301.973
302
302.028
302.056
302.084
302.112
302.14
302.168
302.196
302.225
302.253
302.281
302.31
302.339
302.367
302.396
302.425
302.453
302.482
302.511
302.539
302.568
302.597
302.626
302.654
302.683
302.712
302.741
302.769
302.798
302.827
302.856
302.884
302.913
302.942
302.97
302.999
303.028
303.057
303.086
303.114
303.143
303.172
303.201
303.23
303.259
303.288
303.316
303.345
303.374
303.404
303.433
303.462
303.491
303.52
303.55
303.579
303.608
303.638
303.667
303.697
303.727
303.756
303.786
303.816
303.846
303.876
303.906
303.936
303.967
303.997
304.027
304.058
304.089
304.119
304.15
304.181
304.212
304.243
304.275
304.306
304.338
304.369
304.401
304.433
304.465
304.497
304.529
304.561
304.594
304.626
304.659
304.691
304.724
304.757
304.79
304.823
304.856
304.889
304.922
304.955
304.988
305.022
305.055
305.088
305.122
305.155
305.188
305.221
305.254
305.287
305.319
305.352
305.384
305.415
305.447
305.478
305.508
305.538
305.567
305.595
305.622
305.649
305.674
305.698
305.72
305.741
305.759
305.776
305.79
305.802
305.811
305.817
305.819
305.817
305.811
305.8
305.784
305.762
305.733
305.698
305.656
305.605
305.546
305.479
305.403
305.319
301.553
301.575
301.598
301.621
301.644
301.668
301.692
301.716
301.74
301.765
301.79
301.815
301.84
301.866
301.891
301.917
301.944
301.97
301.996
302.023
302.05
302.077
302.104
302.131
302.158
302.186
302.213
302.241
302.268
302.296
302.324
302.352
302.379
302.407
302.435
302.463
302.491
302.52
302.548
302.576
302.604
302.632
302.661
302.689
302.717
302.746
302.774
302.802
302.831
302.859
302.888
302.916
302.945
302.973
303.002
303.031
303.059
303.088
303.117
303.146
303.175
303.204
303.232
303.262
303.291
303.32
303.349
303.378
303.407
303.437
303.466
303.496
303.525
303.555
303.585
303.615
303.644
303.674
303.705
303.735
303.765
303.795
303.826
303.856
303.887
303.918
303.948
303.979
304.01
304.042
304.073
304.104
304.136
304.167
304.199
304.231
304.263
304.295
304.327
304.359
304.392
304.424
304.457
304.49
304.522
304.555
304.588
304.622
304.655
304.688
304.721
304.755
304.789
304.822
304.856
304.89
304.923
304.957
304.991
305.024
305.058
305.092
305.125
305.159
305.192
305.225
305.258
305.291
305.323
305.355
305.386
305.417
305.448
305.477
305.506
305.534
305.561
305.587
305.612
305.635
305.656
305.676
305.694
305.709
305.722
305.732
305.738
305.742
305.741
305.737
305.727
305.713
305.693
305.666
305.633
305.594
305.546
305.491
305.428
305.357
305.279
301.495
301.516
301.537
301.558
301.58
301.602
301.624
301.647
301.67
301.693
301.716
301.74
301.764
301.788
301.812
301.837
301.861
301.886
301.912
301.937
301.962
301.988
302.014
302.04
302.066
302.092
302.118
302.145
302.171
302.198
302.225
302.252
302.279
302.306
302.333
302.36
302.387
302.415
302.442
302.47
302.497
302.525
302.553
302.58
302.608
302.636
302.664
302.692
302.72
302.748
302.776
302.805
302.833
302.861
302.89
302.918
302.947
302.975
303.004
303.032
303.061
303.09
303.119
303.148
303.177
303.206
303.235
303.264
303.294
303.323
303.353
303.382
303.412
303.442
303.471
303.501
303.531
303.561
303.592
303.622
303.652
303.683
303.714
303.744
303.775
303.806
303.837
303.868
303.9
303.931
303.962
303.994
304.026
304.058
304.09
304.122
304.154
304.187
304.219
304.252
304.284
304.317
304.35
304.383
304.417
304.45
304.483
304.517
304.55
304.584
304.618
304.652
304.686
304.72
304.754
304.788
304.822
304.856
304.891
304.925
304.959
304.993
305.027
305.061
305.095
305.128
305.162
305.195
305.227
305.26
305.292
305.323
305.354
305.385
305.414
305.443
305.47
305.497
305.522
305.546
305.569
305.589
305.608
305.624
305.638
305.649
305.657
305.661
305.662
305.659
305.651
305.639
305.621
305.597
305.566
305.53
305.486
305.434
305.375
305.309
305.236
301.438
301.457
301.477
301.497
301.518
301.538
301.559
301.58
301.602
301.623
301.645
301.667
301.69
301.713
301.735
301.759
301.782
301.806
301.829
301.853
301.877
301.902
301.926
301.951
301.976
302.001
302.026
302.051
302.077
302.103
302.128
302.154
302.18
302.206
302.233
302.259
302.285
302.312
302.339
302.366
302.392
302.419
302.446
302.474
302.501
302.528
302.556
302.583
302.611
302.638
302.666
302.694
302.722
302.75
302.778
302.806
302.834
302.863
302.891
302.919
302.948
302.977
303.005
303.034
303.063
303.092
303.121
303.15
303.18
303.209
303.239
303.268
303.298
303.328
303.357
303.387
303.418
303.448
303.478
303.508
303.539
303.57
303.6
303.631
303.662
303.693
303.725
303.756
303.788
303.819
303.851
303.883
303.915
303.947
303.979
304.012
304.044
304.077
304.11
304.143
304.176
304.209
304.242
304.276
304.309
304.343
304.376
304.41
304.444
304.478
304.513
304.547
304.581
304.615
304.65
304.684
304.719
304.754
304.788
304.823
304.857
304.892
304.926
304.96
304.995
305.029
305.062
305.096
305.129
305.162
305.195
305.227
305.258
305.289
305.319
305.348
305.376
305.404
305.43
305.454
305.477
305.499
305.518
305.535
305.55
305.563
305.572
305.578
305.58
305.578
305.572
305.562
305.546
305.524
305.497
305.463
305.423
305.375
305.321
305.26
305.192
301.382
301.401
301.419
301.438
301.457
301.476
301.496
301.516
301.536
301.556
301.577
301.598
301.619
301.64
301.661
301.683
301.705
301.728
301.75
301.773
301.796
301.819
301.842
301.865
301.889
301.913
301.937
301.961
301.986
302.01
302.035
302.06
302.085
302.11
302.135
302.161
302.186
302.212
302.238
302.264
302.29
302.316
302.343
302.369
302.396
302.422
302.449
302.476
302.503
302.53
302.558
302.585
302.612
302.64
302.668
302.695
302.723
302.751
302.779
302.808
302.836
302.864
302.893
302.922
302.95
302.979
303.008
303.037
303.066
303.096
303.125
303.155
303.184
303.214
303.244
303.274
303.304
303.334
303.364
303.395
303.426
303.456
303.487
303.518
303.549
303.581
303.612
303.644
303.675
303.707
303.739
303.771
303.803
303.836
303.868
303.901
303.933
303.966
303.999
304.033
304.066
304.099
304.133
304.167
304.2
304.234
304.268
304.303
304.337
304.371
304.406
304.44
304.475
304.51
304.544
304.579
304.614
304.649
304.684
304.719
304.754
304.788
304.823
304.858
304.892
304.927
304.961
304.995
305.029
305.062
305.095
305.127
305.159
305.19
305.221
305.251
305.279
305.307
305.334
305.359
305.383
305.405
305.425
305.444
305.459
305.473
305.483
305.49
305.494
305.494
305.49
305.482
305.468
305.449
305.425
305.394
305.357
305.314
305.264
305.208
305.146
301.329
301.346
301.363
301.381
301.399
301.417
301.435
301.454
301.472
301.491
301.511
301.53
301.55
301.57
301.591
301.611
301.632
301.653
301.674
301.695
301.717
301.739
301.761
301.783
301.806
301.829
301.851
301.875
301.898
301.921
301.945
301.969
301.993
302.017
302.041
302.066
302.091
302.115
302.14
302.166
302.191
302.216
302.242
302.268
302.294
302.32
302.346
302.372
302.398
302.425
302.452
302.479
302.506
302.533
302.56
302.587
302.615
302.642
302.67
302.698
302.726
302.754
302.782
302.811
302.839
302.868
302.896
302.925
302.954
302.983
303.013
303.042
303.072
303.101
303.131
303.161
303.191
303.221
303.252
303.282
303.313
303.344
303.375
303.406
303.437
303.468
303.5
303.531
303.563
303.595
303.627
303.659
303.692
303.724
303.757
303.79
303.823
303.856
303.889
303.922
303.956
303.99
304.023
304.057
304.091
304.126
304.16
304.194
304.229
304.263
304.298
304.333
304.368
304.403
304.438
304.473
304.508
304.543
304.578
304.614
304.649
304.684
304.719
304.754
304.789
304.823
304.858
304.892
304.926
304.959
304.993
305.025
305.058
305.089
305.12
305.15
305.18
305.208
305.235
305.261
305.286
305.308
305.329
305.348
305.365
305.38
305.391
305.4
305.405
305.407
305.405
305.398
305.387
305.371
305.349
305.322
305.289
305.25
305.205
305.153
305.096
301.277
301.293
301.309
301.326
301.343
301.36
301.377
301.394
301.412
301.43
301.448
301.466
301.485
301.504
301.523
301.542
301.562
301.582
301.602
301.622
301.642
301.663
301.684
301.705
301.727
301.748
301.77
301.792
301.814
301.837
301.859
301.882
301.905
301.928
301.952
301.975
301.999
302.023
302.047
302.071
302.096
302.12
302.145
302.17
302.195
302.22
302.246
302.272
302.297
302.323
302.349
302.376
302.402
302.429
302.455
302.482
302.509
302.536
302.564
302.591
302.619
302.646
302.674
302.702
302.731
302.759
302.787
302.816
302.845
302.874
302.903
302.932
302.961
302.991
303.021
303.051
303.081
303.111
303.141
303.171
303.202
303.233
303.264
303.295
303.326
303.357
303.389
303.421
303.452
303.484
303.517
303.549
303.581
303.614
303.647
303.68
303.713
303.746
303.779
303.813
303.847
303.88
303.914
303.948
303.983
304.017
304.052
304.086
304.121
304.156
304.191
304.226
304.261
304.296
304.331
304.366
304.402
304.437
304.472
304.508
304.543
304.578
304.614
304.649
304.684
304.718
304.753
304.788
304.822
304.856
304.889
304.922
304.954
304.986
305.018
305.048
305.078
305.106
305.134
305.16
305.185
305.209
305.231
305.25
305.268
305.283
305.296
305.306
305.313
305.316
305.316
305.311
305.302
305.289
305.27
305.247
305.217
305.182
305.142
305.095
305.043
301.228
301.243
301.258
301.274
301.289
301.305
301.322
301.338
301.355
301.371
301.388
301.406
301.423
301.441
301.459
301.477
301.496
301.515
301.533
301.553
301.572
301.592
301.611
301.631
301.652
301.672
301.693
301.714
301.735
301.756
301.778
301.8
301.822
301.844
301.866
301.889
301.912
301.935
301.958
301.982
302.005
302.029
302.053
302.077
302.101
302.126
302.151
302.176
302.201
302.226
302.251
302.277
302.303
302.329
302.355
302.381
302.408
302.434
302.461
302.488
302.515
302.543
302.57
302.598
302.626
302.654
302.682
302.71
302.739
302.767
302.796
302.825
302.854
302.884
302.913
302.943
302.973
303.003
303.033
303.063
303.094
303.125
303.155
303.186
303.218
303.249
303.281
303.312
303.344
303.376
303.408
303.441
303.473
303.506
303.539
303.572
303.605
303.638
303.671
303.705
303.739
303.773
303.807
303.841
303.875
303.91
303.944
303.979
304.014
304.049
304.084
304.119
304.154
304.189
304.225
304.26
304.296
304.331
304.366
304.402
304.437
304.473
304.508
304.543
304.578
304.613
304.648
304.682
304.717
304.751
304.784
304.817
304.85
304.882
304.913
304.944
304.974
305.003
305.031
305.057
305.083
305.107
305.129
305.15
305.168
305.184
305.198
305.209
305.217
305.222
305.223
305.221
305.214
305.204
305.188
305.168
305.142
305.111
305.075
305.034
304.987
301.182
301.196
301.21
301.225
301.24
301.254
301.27
301.285
301.301
301.317
301.333
301.349
301.366
301.382
301.399
301.417
301.434
301.452
301.47
301.488
301.506
301.525
301.543
301.562
301.582
301.601
301.621
301.641
301.661
301.681
301.702
301.723
301.744
301.765
301.787
301.808
301.83
301.852
301.875
301.897
301.92
301.943
301.966
301.989
302.013
302.037
302.061
302.085
302.109
302.134
302.159
302.184
302.209
302.234
302.26
302.285
302.311
302.337
302.364
302.39
302.417
302.444
302.471
302.498
302.525
302.553
302.581
302.609
302.637
302.665
302.694
302.723
302.752
302.781
302.81
302.84
302.869
302.899
302.929
302.959
302.99
303.02
303.051
303.082
303.113
303.144
303.176
303.207
303.239
303.271
303.303
303.335
303.368
303.401
303.433
303.466
303.5
303.533
303.566
303.6
303.634
303.668
303.702
303.736
303.77
303.805
303.839
303.874
303.909
303.944
303.979
304.014
304.049
304.085
304.12
304.155
304.191
304.226
304.262
304.297
304.332
304.368
304.403
304.438
304.473
304.508
304.543
304.577
304.612
304.645
304.679
304.712
304.745
304.777
304.808
304.839
304.869
304.898
304.926
304.953
304.978
305.003
305.025
305.046
305.065
305.082
305.097
305.109
305.119
305.125
305.128
305.127
305.123
305.115
305.102
305.085
305.063
305.037
305.005
304.968
304.926
301.139
301.152
301.165
301.179
301.193
301.207
301.221
301.236
301.251
301.266
301.281
301.296
301.312
301.328
301.344
301.36
301.377
301.393
301.41
301.428
301.445
301.463
301.481
301.499
301.517
301.535
301.554
301.573
301.592
301.612
301.632
301.652
301.672
301.692
301.713
301.733
301.754
301.776
301.797
301.819
301.841
301.863
301.885
301.908
301.931
301.954
301.977
302
302.024
302.048
302.072
302.096
302.121
302.145
302.17
302.195
302.221
302.246
302.272
302.298
302.324
302.351
302.377
302.404
302.431
302.458
302.486
302.513
302.541
302.569
302.597
302.626
302.654
302.683
302.712
302.741
302.771
302.8
302.83
302.86
302.89
302.921
302.951
302.982
303.013
303.044
303.075
303.107
303.138
303.17
303.202
303.235
303.267
303.3
303.332
303.365
303.398
303.431
303.465
303.498
303.532
303.566
303.6
303.634
303.668
303.703
303.737
303.772
303.807
303.842
303.877
303.912
303.947
303.982
304.017
304.053
304.088
304.123
304.159
304.194
304.229
304.264
304.3
304.335
304.369
304.404
304.439
304.473
304.507
304.541
304.574
304.607
304.639
304.671
304.703
304.733
304.763
304.792
304.82
304.847
304.873
304.897
304.92
304.941
304.961
304.979
304.994
305.007
305.017
305.025
305.03
305.031
305.029
305.023
305.013
304.999
304.981
304.958
304.93
304.898
304.861
301.099
301.111
301.124
301.137
301.15
301.164
301.177
301.191
301.205
301.219
301.233
301.248
301.263
301.278
301.293
301.309
301.324
301.34
301.356
301.373
301.389
301.406
301.423
301.44
301.458
301.475
301.493
301.511
301.53
301.548
301.567
301.586
301.606
301.625
301.645
301.665
301.685
301.705
301.726
301.747
301.768
301.79
301.811
301.833
301.855
301.877
301.9
301.922
301.945
301.969
301.992
302.016
302.04
302.064
302.088
302.112
302.137
302.162
302.187
302.213
302.238
302.264
302.29
302.317
302.343
302.37
302.397
302.424
302.452
302.479
302.507
302.535
302.563
302.592
302.62
302.649
302.678
302.708
302.737
302.767
302.797
302.827
302.857
302.888
302.919
302.95
302.981
303.012
303.043
303.075
303.107
303.139
303.171
303.204
303.236
303.269
303.302
303.335
303.368
303.402
303.435
303.469
303.503
303.537
303.571
303.605
303.64
303.674
303.709
303.744
303.778
303.813
303.848
303.883
303.918
303.953
303.988
304.023
304.059
304.094
304.129
304.164
304.198
304.233
304.268
304.302
304.336
304.37
304.404
304.437
304.47
304.503
304.535
304.567
304.598
304.628
304.657
304.686
304.714
304.741
304.766
304.791
304.814
304.835
304.855
304.873
304.889
304.903
304.914
304.923
304.929
304.932
304.932
304.928
304.921
304.909
304.894
304.875
304.852
304.824
304.792
301.063
301.075
301.087
301.099
301.112
301.124
301.137
301.15
301.164
301.177
301.191
301.205
301.219
301.233
301.248
301.262
301.277
301.292
301.308
301.323
301.339
301.355
301.371
301.388
301.404
301.421
301.439
301.456
301.474
301.491
301.509
301.528
301.546
301.565
301.584
301.603
301.623
301.642
301.662
301.682
301.703
301.723
301.744
301.765
301.787
301.808
301.83
301.852
301.874
301.897
301.92
301.943
301.966
301.989
302.013
302.037
302.061
302.086
302.11
302.135
302.16
302.186
302.211
302.237
302.263
302.289
302.316
302.343
302.37
302.397
302.424
302.452
302.48
302.508
302.536
302.565
302.594
302.623
302.652
302.681
302.711
302.741
302.771
302.801
302.831
302.862
302.893
302.924
302.955
302.987
303.018
303.05
303.082
303.114
303.147
303.179
303.212
303.245
303.278
303.311
303.344
303.378
303.412
303.445
303.479
303.513
303.547
303.582
303.616
303.65
303.685
303.719
303.754
303.789
303.823
303.858
303.893
303.928
303.962
303.997
304.032
304.066
304.1
304.135
304.169
304.203
304.237
304.27
304.303
304.336
304.369
304.401
304.432
304.463
304.494
304.524
304.553
304.581
304.609
304.635
304.66
304.685
304.708
304.729
304.749
304.767
304.783
304.798
304.81
304.819
304.826
304.831
304.832
304.83
304.825
304.817
304.805
304.789
304.769
304.746
304.718
301.031
301.042
301.054
301.065
301.077
301.089
301.102
301.114
301.127
301.14
301.153
301.166
301.18
301.193
301.207
301.221
301.236
301.25
301.265
301.28
301.295
301.31
301.326
301.342
301.358
301.374
301.39
301.407
301.424
301.441
301.458
301.476
301.494
301.512
301.53
301.549
301.567
301.586
301.606
301.625
301.645
301.665
301.685
301.706
301.726
301.747
301.768
301.79
301.812
301.833
301.856
301.878
301.901
301.924
301.947
301.97
301.994
302.018
302.042
302.066
302.091
302.116
302.141
302.166
302.192
302.217
302.244
302.27
302.296
302.323
302.35
302.377
302.405
302.433
302.461
302.489
302.517
302.546
302.575
302.604
302.633
302.662
302.692
302.722
302.752
302.783
302.813
302.844
302.875
302.906
302.937
302.969
303.001
303.033
303.065
303.097
303.129
303.162
303.195
303.228
303.261
303.294
303.327
303.36
303.394
303.428
303.461
303.495
303.529
303.563
303.597
303.631
303.666
303.7
303.734
303.768
303.803
303.837
303.871
303.905
303.939
303.973
304.007
304.041
304.074
304.107
304.141
304.173
304.206
304.238
304.27
304.301
304.332
304.363
304.392
304.422
304.45
304.478
304.505
304.531
304.556
304.579
304.602
304.623
304.643
304.661
304.678
304.692
304.705
304.715
304.723
304.728
304.731
304.731
304.728
304.722
304.713
304.7
304.684
304.664
304.64
301.003
301.014
301.025
301.036
301.048
301.059
301.071
301.083
301.095
301.108
301.12
301.133
301.146
301.159
301.172
301.186
301.2
301.214
301.228
301.242
301.257
301.272
301.287
301.302
301.317
301.333
301.349
301.365
301.381
301.398
301.414
301.432
301.449
301.466
301.484
301.502
301.52
301.539
301.557
301.576
301.595
301.615
301.634
301.654
301.674
301.695
301.715
301.736
301.757
301.779
301.8
301.822
301.844
301.867
301.889
301.912
301.935
301.959
301.982
302.006
302.03
302.055
302.079
302.104
302.129
302.155
302.18
302.206
302.232
302.259
302.285
302.312
302.339
302.366
302.394
302.422
302.45
302.478
302.507
302.535
302.564
302.593
302.623
302.652
302.682
302.712
302.742
302.773
302.803
302.834
302.865
302.896
302.928
302.959
302.991
303.023
303.055
303.087
303.119
303.152
303.185
303.217
303.25
303.283
303.316
303.35
303.383
303.416
303.45
303.483
303.517
303.55
303.584
303.618
303.651
303.685
303.719
303.752
303.786
303.819
303.852
303.886
303.919
303.952
303.984
304.017
304.049
304.081
304.113
304.144
304.175
304.206
304.236
304.265
304.294
304.323
304.351
304.378
304.404
304.429
304.453
304.476
304.498
304.519
304.539
304.556
304.573
304.587
304.6
304.611
304.619
304.626
304.63
304.631
304.63
304.626
304.619
304.609
304.596
304.579
304.559
300.979
300.99
301.001
301.012
301.023
301.034
301.045
301.057
301.069
301.081
301.093
301.105
301.118
301.131
301.143
301.157
301.17
301.183
301.197
301.211
301.225
301.239
301.254
301.269
301.284
301.299
301.314
301.33
301.346
301.362
301.378
301.394
301.411
301.428
301.445
301.463
301.481
301.499
301.517
301.535
301.554
301.573
301.592
301.611
301.631
301.651
301.671
301.691
301.712
301.733
301.754
301.775
301.797
301.819
301.841
301.863
301.886
301.909
301.932
301.956
301.979
302.003
302.028
302.052
302.077
302.102
302.127
302.152
302.178
302.204
302.23
302.257
302.283
302.31
302.337
302.365
302.393
302.42
302.449
302.477
302.505
302.534
302.563
302.592
302.622
302.651
302.681
302.711
302.742
302.772
302.803
302.833
302.864
302.895
302.927
302.958
302.99
303.021
303.053
303.085
303.117
303.15
303.182
303.215
303.247
303.28
303.313
303.345
303.378
303.411
303.444
303.477
303.51
303.543
303.576
303.609
303.642
303.675
303.707
303.74
303.772
303.805
303.837
303.869
303.901
303.932
303.964
303.995
304.026
304.056
304.086
304.116
304.145
304.173
304.201
304.229
304.255
304.281
304.307
304.331
304.354
304.377
304.398
304.418
304.437
304.455
304.471
304.485
304.498
304.509
304.518
304.525
304.53
304.532
304.532
304.53
304.525
304.517
304.507
304.493
304.477
300.961
300.971
300.981
300.992
301.003
301.014
301.025
301.036
301.048
301.059
301.071
301.083
301.095
301.108
301.12
301.133
301.146
301.159
301.172
301.186
301.2
301.214
301.228
301.242
301.257
301.272
301.287
301.302
301.317
301.333
301.349
301.365
301.381
301.398
301.415
301.432
301.449
301.467
301.484
301.502
301.521
301.539
301.558
301.577
301.596
301.616
301.635
301.655
301.676
301.696
301.717
301.738
301.759
301.781
301.802
301.824
301.847
301.869
301.892
301.915
301.938
301.962
301.986
302.01
302.034
302.059
302.084
302.109
302.134
302.16
302.186
302.212
302.238
302.265
302.291
302.318
302.346
302.373
302.401
302.429
302.457
302.485
302.514
302.543
302.572
302.601
302.63
302.66
302.69
302.72
302.75
302.78
302.811
302.841
302.872
302.903
302.934
302.966
302.997
303.028
303.06
303.092
303.124
303.155
303.187
303.219
303.251
303.284
303.316
303.348
303.38
303.412
303.445
303.477
303.509
303.541
303.573
303.605
303.637
303.669
303.7
303.732
303.763
303.794
303.825
303.855
303.885
303.915
303.945
303.974
304.003
304.032
304.06
304.087
304.114
304.14
304.166
304.191
304.215
304.238
304.261
304.282
304.303
304.322
304.34
304.357
304.373
304.387
304.399
304.41
304.419
304.427
304.432
304.436
304.437
304.436
304.433
304.427
304.419
304.408
304.395
300.947
300.957
300.967
300.977
300.988
300.999
301.009
301.02
301.032
301.043
301.055
301.066
301.078
301.091
301.103
301.115
301.128
301.141
301.154
301.167
301.181
301.194
301.208
301.222
301.237
301.251
301.266
301.281
301.296
301.311
301.327
301.343
301.359
301.375
301.392
301.409
301.426
301.443
301.46
301.478
301.496
301.514
301.533
301.551
301.57
301.589
301.609
301.628
301.648
301.669
301.689
301.71
301.731
301.752
301.773
301.795
301.817
301.839
301.862
301.885
301.908
301.931
301.954
301.978
302.002
302.026
302.051
302.076
302.101
302.126
302.151
302.177
302.203
302.229
302.256
302.282
302.309
302.337
302.364
302.391
302.419
302.447
302.475
302.504
302.532
302.561
302.59
302.619
302.649
302.678
302.708
302.738
302.768
302.798
302.828
302.859
302.889
302.92
302.951
302.982
303.013
303.044
303.075
303.106
303.137
303.169
303.2
303.232
303.263
303.294
303.326
303.357
303.389
303.42
303.451
303.482
303.513
303.544
303.575
303.606
303.637
303.667
303.697
303.727
303.757
303.786
303.815
303.844
303.873
303.901
303.929
303.956
303.983
304.009
304.034
304.06
304.084
304.108
304.131
304.153
304.174
304.195
304.214
304.233
304.25
304.266
304.281
304.295
304.307
304.318
304.327
304.335
304.34
304.344
304.346
304.347
304.345
304.34
304.334
304.326
304.315
300.937
300.947
300.957
300.967
300.978
300.988
300.999
301.01
301.021
301.032
301.044
301.055
301.067
301.079
301.091
301.103
301.116
301.129
301.141
301.155
301.168
301.181
301.195
301.209
301.223
301.237
301.252
301.267
301.282
301.297
301.312
301.328
301.344
301.36
301.376
301.393
301.41
301.427
301.444
301.461
301.479
301.497
301.515
301.534
301.552
301.571
301.591
301.61
301.63
301.65
301.67
301.69
301.711
301.732
301.753
301.775
301.797
301.819
301.841
301.863
301.886
301.909
301.932
301.956
301.98
302.004
302.028
302.052
302.077
302.102
302.127
302.153
302.178
302.204
302.231
302.257
302.283
302.31
302.337
302.365
302.392
302.42
302.447
302.475
302.504
302.532
302.561
302.589
302.618
302.647
302.677
302.706
302.736
302.765
302.795
302.825
302.855
302.885
302.915
302.945
302.976
303.006
303.037
303.067
303.098
303.128
303.159
303.19
303.22
303.251
303.282
303.312
303.343
303.373
303.403
303.434
303.464
303.494
303.524
303.553
303.583
303.612
303.641
303.67
303.699
303.727
303.755
303.783
303.81
303.837
303.864
303.89
303.915
303.94
303.965
303.989
304.012
304.035
304.057
304.078
304.098
304.117
304.136
304.153
304.17
304.185
304.2
304.213
304.224
304.235
304.244
304.251
304.257
304.262
304.264
304.265
304.264
304.261
304.256
304.25
304.241
300.931
300.941
300.951
300.961
300.972
300.982
300.993
301.004
301.015
301.026
301.037
301.049
301.06
301.072
301.084
301.096
301.109
301.121
301.134
301.147
301.16
301.174
301.187
301.201
301.215
301.229
301.244
301.259
301.273
301.288
301.304
301.319
301.335
301.351
301.367
301.384
301.4
301.417
301.434
301.452
301.469
301.487
301.505
301.524
301.542
301.561
301.58
301.599
301.619
301.639
301.659
301.679
301.7
301.721
301.742
301.763
301.785
301.806
301.829
301.851
301.873
301.896
301.919
301.943
301.966
301.99
302.014
302.038
302.063
302.088
302.113
302.138
302.163
302.189
302.215
302.241
302.267
302.294
302.32
302.347
302.374
302.402
302.429
302.457
302.485
302.513
302.541
302.569
302.598
302.627
302.655
302.684
302.713
302.742
302.772
302.801
302.831
302.86
302.89
302.919
302.949
302.979
303.009
303.039
303.069
303.099
303.129
303.158
303.188
303.218
303.248
303.278
303.307
303.337
303.367
303.396
303.425
303.454
303.483
303.512
303.541
303.569
303.597
303.625
303.653
303.68
303.707
303.733
303.76
303.786
303.811
303.836
303.86
303.884
303.908
303.93
303.953
303.974
303.995
304.015
304.034
304.053
304.07
304.087
304.103
304.117
304.131
304.143
304.155
304.165
304.173
304.181
304.187
304.191
304.194
304.195
304.195
304.193
304.189
304.184
304.177
300.929
300.939
300.949
300.959
300.969
300.979
300.99
301.001
301.012
301.023
301.034
301.046
301.057
301.069
301.081
301.093
301.106
301.118
301.131
301.144
301.157
301.171
301.184
301.198
301.212
301.226
301.241
301.255
301.27
301.285
301.3
301.316
301.331
301.347
301.364
301.38
301.397
301.413
301.43
301.448
301.465
301.483
301.501
301.519
301.538
301.557
301.576
301.595
301.615
301.634
301.654
301.675
301.695
301.716
301.737
301.758
301.78
301.801
301.823
301.845
301.868
301.891
301.914
301.937
301.96
301.984
302.008
302.032
302.056
302.081
302.106
302.131
302.156
302.181
302.207
302.233
302.259
302.285
302.312
302.339
302.365
302.392
302.42
302.447
302.475
302.502
302.53
302.558
302.586
302.615
302.643
302.672
302.7
302.729
302.758
302.787
302.816
302.845
302.874
302.903
302.932
302.962
302.991
303.02
303.05
303.079
303.109
303.138
303.167
303.196
303.226
303.255
303.284
303.313
303.341
303.37
303.399
303.427
303.455
303.483
303.511
303.539
303.566
303.593
303.62
303.646
303.672
303.698
303.723
303.748
303.773
303.797
303.82
303.843
303.866
303.888
303.909
303.93
303.95
303.969
303.987
304.005
304.022
304.038
304.053
304.067
304.08
304.091
304.102
304.112
304.12
304.127
304.133
304.138
304.141
304.143
304.143
304.141
304.139
304.134
304.128
300.928
300.938
300.948
300.958
300.969
300.979
300.99
301
301.011
301.023
301.034
301.045
301.057
301.069
301.081
301.093
301.105
301.118
301.131
301.144
301.157
301.17
301.184
301.198
301.212
301.226
301.24
301.255
301.27
301.285
301.3
301.315
301.331
301.347
301.363
301.379
301.396
301.413
301.43
301.447
301.465
301.483
301.501
301.519
301.538
301.556
301.575
301.595
301.614
301.634
301.654
301.674
301.694
301.715
301.736
301.757
301.779
301.8
301.822
301.845
301.867
301.89
301.912
301.936
301.959
301.983
302.006
302.03
302.055
302.079
302.104
302.129
302.154
302.179
302.205
302.231
302.257
302.283
302.309
302.336
302.362
302.389
302.416
302.443
302.471
302.498
302.526
302.554
302.582
302.61
302.638
302.666
302.695
302.723
302.752
302.78
302.809
302.838
302.867
302.896
302.925
302.954
302.983
303.012
303.041
303.07
303.099
303.128
303.157
303.185
303.214
303.243
303.272
303.3
303.328
303.357
303.385
303.413
303.441
303.468
303.495
303.522
303.549
303.576
303.602
303.628
303.654
303.679
303.704
303.728
303.752
303.775
303.798
303.821
303.843
303.864
303.885
303.905
303.924
303.943
303.961
303.978
303.995
304.01
304.025
304.038
304.051
304.062
304.073
304.082
304.091
304.098
304.103
304.108
304.111
304.113
304.113
304.112
304.11
304.106
304.1
305.457
304.939
304.537
304.195
303.896
303.63
303.391
303.174
302.976
302.793
302.622
302.463
302.313
302.172
302.038
301.91
301.789
301.674
301.565
301.46
301.361
301.266
301.176
301.09
301.009
300.931
300.858
300.789
300.724
300.663
300.605
300.551
300.501
300.454
300.41
300.369
300.332
300.297
300.266
300.237
300.211
300.187
300.165
300.146
300.13
300.115
300.103
300.092
300.084
300.079
300.076
305.456
304.939
304.536
304.195
303.896
303.63
303.391
303.174
302.976
302.793
302.622
302.463
302.313
302.172
302.038
301.91
301.79
301.674
301.565
301.46
301.361
301.266
301.176
301.09
301.009
300.932
300.858
300.789
300.724
300.663
300.605
300.551
300.501
300.454
300.41
300.369
300.332
300.297
300.266
300.237
300.211
300.187
300.165
300.146
300.13
300.115
300.103
300.092
300.084
300.079
300.076
305.453
304.938
304.536
304.195
303.896
303.63
303.391
303.174
302.976
302.793
302.622
302.463
302.313
302.172
302.038
301.911
301.79
301.675
301.565
301.46
301.361
301.266
301.176
301.09
301.009
300.932
300.859
300.789
300.724
300.663
300.605
300.551
300.501
300.454
300.41
300.369
300.332
300.298
300.266
300.237
300.211
300.187
300.165
300.146
300.13
300.115
300.103
300.092
300.084
300.079
300.076
305.447
304.937
304.536
304.195
303.896
303.63
303.391
303.174
302.976
302.793
302.623
302.463
302.314
302.172
302.038
301.911
301.79
301.675
301.565
301.461
301.361
301.266
301.176
301.091
301.009
300.932
300.859
300.79
300.724
300.663
300.605
300.551
300.501
300.454
300.41
300.37
300.332
300.298
300.266
300.237
300.211
300.187
300.166
300.146
300.13
300.115
300.103
300.092
300.085
300.079
300.076
305.441
304.935
304.535
304.194
303.896
303.63
303.391
303.175
302.976
302.793
302.623
302.464
302.314
302.173
302.039
301.911
301.79
301.675
301.566
301.461
301.362
301.267
301.177
301.091
301.009
300.932
300.859
300.79
300.725
300.663
300.606
300.552
300.501
300.454
300.41
300.37
300.332
300.298
300.266
300.237
300.211
300.187
300.166
300.147
300.13
300.115
300.103
300.092
300.085
300.079
300.076
305.432
304.933
304.534
304.194
303.896
303.63
303.392
303.175
302.977
302.794
302.624
302.465
302.315
302.173
302.039
301.912
301.791
301.676
301.566
301.462
301.362
301.267
301.177
301.091
301.01
300.933
300.86
300.79
300.725
300.664
300.606
300.552
300.501
300.454
300.411
300.37
300.333
300.298
300.266
300.237
300.211
300.187
300.166
300.147
300.13
300.115
300.103
300.092
300.085
300.079
300.076
305.422
304.93
304.533
304.194
303.896
303.631
303.392
303.176
302.978
302.795
302.625
302.466
302.316
302.174
302.04
301.913
301.792
301.677
301.567
301.463
301.363
301.268
301.178
301.092
301.011
300.933
300.86
300.791
300.726
300.664
300.607
300.552
300.502
300.455
300.411
300.37
300.333
300.298
300.267
300.238
300.211
300.187
300.166
300.147
300.13
300.115
300.103
300.093
300.085
300.079
300.076
305.41
304.927
304.532
304.194
303.896
303.631
303.393
303.177
302.979
302.796
302.626
302.467
302.317
302.176
302.041
301.914
301.793
301.678
301.568
301.464
301.364
301.269
301.179
301.093
301.011
300.934
300.861
300.792
300.726
300.665
300.607
300.553
300.502
300.455
300.411
300.371
300.333
300.299
300.267
300.238
300.211
300.188
300.166
300.147
300.13
300.115
300.103
300.093
300.085
300.079
300.076
305.396
304.922
304.531
304.193
303.897
303.632
303.394
303.178
302.98
302.798
302.628
302.468
302.319
302.177
302.043
301.916
301.795
301.679
301.57
301.465
301.365
301.271
301.18
301.094
301.013
300.935
300.862
300.793
300.727
300.666
300.608
300.554
300.503
300.456
300.412
300.371
300.334
300.299
300.267
300.238
300.212
300.188
300.166
300.147
300.13
300.116
300.103
300.093
300.085
300.079
300.076
305.38
304.917
304.529
304.193
303.897
303.633
303.396
303.18
302.982
302.8
302.63
302.471
302.321
302.179
302.045
301.918
301.797
301.681
301.572
301.467
301.367
301.272
301.182
301.096
301.014
300.937
300.863
300.794
300.728
300.667
300.609
300.555
300.504
300.457
300.413
300.372
300.334
300.3
300.268
300.239
300.212
300.188
300.167
300.147
300.13
300.116
300.103
300.093
300.085
300.079
300.077
305.363
304.912
304.527
304.194
303.899
303.635
303.398
303.182
302.985
302.802
302.633
302.473
302.324
302.182
302.048
301.92
301.799
301.684
301.574
301.469
301.369
301.274
301.184
301.098
301.016
300.938
300.865
300.795
300.73
300.668
300.61
300.556
300.505
300.458
300.413
300.373
300.335
300.3
300.268
300.239
300.213
300.189
300.167
300.148
300.131
300.116
300.103
300.093
300.085
300.08
300.077
305.345
304.905
304.526
304.194
303.9
303.638
303.401
303.186
302.988
302.806
302.636
302.477
302.327
302.186
302.051
301.924
301.802
301.687
301.577
301.472
301.372
301.277
301.186
301.1
301.018
300.94
300.867
300.797
300.731
300.669
300.611
300.557
300.506
300.459
300.415
300.374
300.336
300.301
300.269
300.24
300.213
300.189
300.167
300.148
300.131
300.116
300.104
300.093
300.085
300.08
300.077
305.325
304.898
304.524
304.195
303.902
303.641
303.404
303.19
302.993
302.81
302.641
302.481
302.332
302.19
302.055
301.928
301.806
301.691
301.58
301.475
301.375
301.28
301.189
301.103
301.02
300.943
300.869
300.799
300.733
300.671
300.613
300.559
300.508
300.46
300.416
300.375
300.337
300.302
300.27
300.24
300.214
300.19
300.168
300.149
300.131
300.117
300.104
300.094
300.086
300.08
300.077
305.305
304.891
304.522
304.196
303.905
303.645
303.409
303.195
302.998
302.816
302.646
302.487
302.337
302.195
302.06
301.933
301.811
301.695
301.585
301.48
301.379
301.284
301.193
301.106
301.024
300.946
300.872
300.802
300.736
300.673
300.615
300.56
300.509
300.462
300.417
300.376
300.338
300.303
300.271
300.241
300.215
300.19
300.169
300.149
300.132
300.117
300.104
300.094
300.086
300.08
300.077
305.283
304.883
304.521
304.198
303.909
303.65
303.415
303.201
303.004
302.822
302.653
302.493
302.343
302.201
302.067
301.939
301.817
301.701
301.59
301.484
301.384
301.288
301.197
301.11
301.027
300.949
300.875
300.805
300.738
300.676
300.618
300.563
300.511
300.463
300.419
300.377
300.339
300.304
300.272
300.242
300.215
300.191
300.169
300.15
300.132
300.117
300.105
300.094
300.086
300.08
300.077
305.26
304.874
304.52
304.2
303.914
303.656
303.422
303.209
303.012
302.83
302.661
302.501
302.351
302.209
302.074
301.946
301.823
301.707
301.596
301.49
301.389
301.293
301.202
301.115
301.032
300.953
300.879
300.808
300.742
300.679
300.62
300.565
300.514
300.465
300.421
300.379
300.341
300.306
300.273
300.243
300.216
300.192
300.17
300.15
300.133
300.118
300.105
300.095
300.086
300.081
300.078
305.237
304.866
304.519
304.204
303.92
303.663
303.43
303.218
303.022
302.84
302.67
302.511
302.36
302.218
302.083
301.954
301.832
301.715
301.603
301.497
301.396
301.3
301.208
301.12
301.037
300.958
300.883
300.812
300.746
300.683
300.624
300.568
300.516
300.468
300.423
300.381
300.343
300.307
300.275
300.245
300.218
300.193
300.171
300.151
300.134
300.119
300.106
300.095
300.087
300.081
300.078
305.212
304.856
304.518
304.208
303.927
303.672
303.441
303.229
303.033
302.851
302.682
302.522
302.371
302.228
302.093
301.964
301.841
301.724
301.612
301.506
301.404
301.307
301.214
301.126
301.043
300.963
300.888
300.817
300.75
300.687
300.627
300.572
300.519
300.471
300.426
300.384
300.345
300.309
300.276
300.246
300.219
300.194
300.172
300.152
300.135
300.119
300.106
300.096
300.087
300.081
300.078
305.187
304.847
304.518
304.213
303.936
303.683
303.453
303.241
303.046
302.865
302.695
302.535
302.384
302.241
302.105
301.975
301.852
301.734
301.622
301.515
301.413
301.315
301.222
301.134
301.05
300.97
300.894
300.823
300.755
300.692
300.632
300.576
300.523
300.474
300.429
300.386
300.347
300.311
300.278
300.248
300.22
300.195
300.173
300.153
300.135
300.12
300.107
300.096
300.088
300.082
300.079
305.16
304.837
304.518
304.22
303.946
303.696
303.467
303.256
303.062
302.88
302.71
302.55
302.399
302.255
302.119
301.989
301.865
301.747
301.634
301.526
301.423
301.325
301.232
301.143
301.058
300.978
300.901
300.829
300.761
300.697
300.637
300.58
300.527
300.478
300.432
300.389
300.35
300.314
300.28
300.25
300.222
300.197
300.174
300.154
300.136
300.121
300.108
300.097
300.088
300.082
300.079
305.132
304.826
304.518
304.227
303.957
303.71
303.483
303.274
303.079
302.898
302.728
302.568
302.416
302.272
302.135
302.004
301.88
301.761
301.647
301.539
301.435
301.337
301.242
301.153
301.067
300.986
300.91
300.837
300.768
300.703
300.642
300.585
300.532
300.482
300.436
300.393
300.353
300.316
300.283
300.252
300.224
300.199
300.176
300.155
300.137
300.122
300.108
300.097
300.089
300.083
300.079
305.103
304.813
304.519
304.235
303.971
303.727
303.501
303.293
303.1
302.919
302.748
302.588
302.435
302.291
302.153
302.022
301.897
301.777
301.663
301.554
301.449
301.35
301.255
301.164
301.078
300.996
300.919
300.845
300.776
300.711
300.649
300.591
300.537
300.487
300.44
300.397
300.356
300.319
300.285
300.254
300.226
300.2
300.177
300.157
300.139
300.123
300.109
300.098
300.089
300.083
300.08
305.072
304.8
304.518
304.244
303.985
303.745
303.522
303.315
303.122
302.942
302.771
302.61
302.458
302.313
302.174
302.042
301.916
301.796
301.68
301.57
301.465
301.365
301.269
301.177
301.09
301.008
300.929
300.855
300.785
300.719
300.656
300.598
300.543
300.492
300.445
300.401
300.36
300.323
300.288
300.257
300.228
300.202
300.179
300.158
300.14
300.124
300.11
300.099
300.09
300.084
300.08
305.039
304.784
304.517
304.253
304.001
303.765
303.545
303.34
303.148
302.968
302.797
302.636
302.483
302.337
302.198
302.065
301.938
301.817
301.701
301.59
301.483
301.382
301.285
301.193
301.105
301.021
300.941
300.866
300.795
300.728
300.665
300.606
300.55
300.499
300.45
300.406
300.365
300.327
300.292
300.26
300.231
300.205
300.181
300.16
300.141
300.125
300.111
300.1
300.091
300.084
300.081
305.004
304.767
304.514
304.261
304.017
303.786
303.57
303.367
303.176
302.996
302.826
302.665
302.511
302.365
302.225
302.091
301.963
301.841
301.723
301.611
301.504
301.401
301.303
301.21
301.12
301.036
300.955
300.879
300.807
300.738
300.674
300.614
300.558
300.505
300.457
300.411
300.369
300.331
300.295
300.263
300.234
300.207
300.183
300.162
300.143
300.127
300.112
300.101
300.092
300.085
300.082
304.966
304.746
304.509
304.268
304.033
303.808
303.596
303.396
303.207
303.028
302.858
302.696
302.542
302.395
302.254
302.12
301.991
301.867
301.749
301.636
301.527
301.423
301.324
301.229
301.138
301.052
300.97
300.893
300.82
300.75
300.685
300.624
300.567
300.513
300.463
300.417
300.375
300.336
300.3
300.267
300.237
300.21
300.186
300.164
300.145
300.128
300.114
300.102
300.093
300.086
300.082
304.924
304.722
304.501
304.272
304.047
303.83
303.623
303.426
303.239
303.061
302.892
302.731
302.576
302.429
302.287
302.152
302.022
301.897
301.778
301.663
301.553
301.448
301.347
301.251
301.159
301.071
300.988
300.909
300.834
300.764
300.697
300.635
300.576
300.522
300.471
300.424
300.381
300.341
300.304
300.271
300.24
300.213
300.188
300.166
300.147
300.13
300.115
300.103
300.094
300.087
300.083
304.879
304.695
304.489
304.275
304.06
303.851
303.65
303.457
303.273
303.097
302.929
302.768
302.614
302.466
302.324
302.187
302.056
301.93
301.809
301.693
301.582
301.475
301.373
301.275
301.181
301.092
301.007
300.927
300.85
300.778
300.71
300.647
300.587
300.531
300.48
300.432
300.387
300.347
300.309
300.275
300.244
300.216
300.191
300.169
300.149
300.131
300.117
300.104
300.095
300.088
300.084
304.83
304.662
304.473
304.273
304.07
303.87
303.676
303.488
303.307
303.134
302.967
302.807
302.653
302.505
302.363
302.225
302.094
301.966
301.844
301.727
301.614
301.505
301.401
301.301
301.206
301.115
301.029
300.946
300.868
300.795
300.725
300.66
300.599
300.542
300.489
300.44
300.395
300.353
300.315
300.28
300.248
300.22
300.194
300.171
300.151
300.133
300.118
300.106
300.096
300.089
300.085
304.775
304.625
304.452
304.267
304.076
303.886
303.7
303.518
303.342
303.172
303.007
302.848
302.695
302.547
302.404
302.267
302.134
302.006
301.882
301.763
301.649
301.538
301.432
301.331
301.234
301.141
301.052
300.968
300.888
300.813
300.742
300.675
300.612
300.554
300.5
300.449
300.403
300.36
300.321
300.285
300.253
300.224
300.197
300.174
300.153
300.135
300.12
300.107
300.097
300.09
300.086
304.716
304.582
304.426
304.255
304.078
303.899
303.721
303.546
303.375
303.209
303.048
302.891
302.739
302.591
302.449
302.311
302.177
302.048
301.923
301.803
301.686
301.574
301.467
301.363
301.264
301.169
301.078
300.992
300.91
300.833
300.76
300.691
300.627
300.567
300.511
300.459
300.411
300.368
300.327
300.291
300.258
300.228
300.201
300.177
300.156
300.137
300.122
300.109
300.098
300.091
300.087
304.652
304.534
304.393
304.238
304.074
303.907
303.739
303.571
303.407
303.245
303.088
302.933
302.783
302.637
302.495
302.357
302.223
302.093
301.967
301.845
301.727
301.613
301.504
301.398
301.297
301.199
301.107
301.018
300.934
300.855
300.779
300.709
300.643
300.581
300.523
300.47
300.421
300.376
300.335
300.297
300.263
300.232
300.205
300.18
300.159
300.14
300.124
300.11
300.1
300.092
300.088
304.584
304.48
304.355
304.215
304.065
303.909
303.751
303.593
303.435
303.28
303.126
302.975
302.828
302.683
302.542
302.404
302.27
302.14
302.013
301.89
301.77
301.655
301.543
301.435
301.332
301.232
301.137
301.046
300.96
300.878
300.801
300.728
300.66
300.596
300.537
300.482
300.431
300.385
300.342
300.304
300.269
300.237
300.209
300.184
300.161
300.142
300.126
300.112
300.101
300.094
300.09
304.512
304.421
304.311
304.185
304.049
303.906
303.759
303.61
303.46
303.311
303.162
303.016
302.871
302.729
302.589
302.453
302.319
302.188
302.06
301.936
301.815
301.698
301.584
301.475
301.369
301.267
301.169
301.076
300.987
300.903
300.823
300.748
300.678
300.612
300.551
300.494
300.442
300.394
300.35
300.311
300.275
300.242
300.213
300.187
300.164
300.145
300.128
300.114
300.103
300.095
300.091
304.437
304.359
304.262
304.151
304.028
303.897
303.761
303.622
303.48
303.338
303.196
303.054
302.913
302.774
302.636
302.501
302.367
302.237
302.109
301.984
301.861
301.743
301.627
301.515
301.407
301.303
301.203
301.107
301.016
300.929
300.847
300.77
300.697
300.629
300.566
300.508
300.454
300.404
300.359
300.318
300.281
300.247
300.217
300.191
300.168
300.147
300.13
300.116
300.104
300.096
300.092
304.362
304.295
304.211
304.112
304.002
303.883
303.758
303.629
303.496
303.361
303.225
303.089
302.952
302.816
302.681
302.547
302.415
302.285
302.157
302.031
301.908
301.788
301.671
301.557
301.447
301.34
301.238
301.139
301.046
300.956
300.872
300.792
300.717
300.647
300.581
300.521
300.465
300.414
300.368
300.325
300.287
300.253
300.222
300.195
300.171
300.15
300.132
300.117
300.106
300.098
300.093
304.288
304.231
304.158
304.071
303.973
303.865
303.751
303.631
303.507
303.38
303.251
303.12
302.988
302.855
302.723
302.591
302.461
302.331
302.203
302.077
301.953
301.832
301.713
301.598
301.485
301.377
301.272
301.171
301.075
300.983
300.896
300.814
300.737
300.664
300.597
300.535
300.477
300.424
300.376
300.333
300.293
300.258
300.226
300.198
300.174
300.152
300.134
300.119
300.107
300.099
300.095
304.218
304.17
304.106
304.03
303.942
303.845
303.741
303.63
303.514
303.395
303.271
303.146
303.018
302.89
302.761
302.631
302.502
302.373
302.246
302.12
301.995
301.873
301.753
301.636
301.522
301.412
301.305
301.202
301.103
301.009
300.92
300.835
300.756
300.681
300.612
300.548
300.488
300.434
300.385
300.34
300.299
300.263
300.231
300.202
300.177
300.155
300.136
300.121
300.109
300.1
300.096
304.158
304.116
304.061
303.993
303.914
303.826
303.73
303.627
303.518
303.405
303.287
303.167
303.044
302.919
302.792
302.665
302.537
302.41
302.283
302.157
302.032
301.91
301.789
301.671
301.555
301.443
301.334
301.23
301.129
301.033
300.941
300.855
300.773
300.697
300.625
300.559
300.499
300.443
300.392
300.346
300.305
300.268
300.234
300.205
300.179
300.157
300.138
300.122
300.11
300.101
300.097
304.112
304.075
304.025
303.963
303.891
303.809
303.72
303.623
303.52
303.412
303.299
303.182
303.062
302.94
302.816
302.69
302.564
302.438
302.312
302.186
302.061
301.938
301.817
301.698
301.581
301.468
301.358
301.251
301.149
301.051
300.958
300.87
300.787
300.709
300.636
300.569
300.507
300.45
300.398
300.351
300.309
300.271
300.237
300.207
300.181
300.159
300.139
300.123
300.111
300.102
300.097
304.085
304.051
304.004
303.946
303.877
303.8
303.714
303.62
303.52
303.415
303.305
303.19
303.073
302.952
302.829
302.705
302.58
302.454
302.328
302.202
302.078
301.954
301.833
301.713
301.596
301.482
301.371
301.264
301.161
301.062
300.968
300.879
300.795
300.716
300.643
300.574
300.512
300.454
300.402
300.354
300.311
300.273
300.239
300.209
300.182
300.16
300.14
300.124
300.112
300.103
300.098
)
;

boundaryField
{
    inlet
    {
        type            fixedValue;
        value           uniform 300;
    }
    outlet
    {
        type            zeroGradient;
    }
    top
    {
        type            zeroGradient;
    }
    slip-bottom
    {
        type            zeroGradient;
    }
    bottom
    {
        type            zeroGradient;
    }
    interface
    {
        type            fixedGradient;
        gradient        nonuniform List<scalar> 
161
(
41.1848
40.5477
39.9042
39.2541
38.5975
37.9343
37.2643
36.5876
35.904
35.2135
34.516
33.8115
33.0531
32.2619
31.4627
30.6554
29.84
29.0163
28.1843
27.3439
26.495
25.6375
24.8182
24.6492
24.4784
24.3059
24.1316
23.9556
23.7778
23.5982
23.4168
23.2336
23.0627
22.9042
22.7442
22.5825
22.4192
22.2542
22.0876
21.9193
21.7493
21.6208
21.5036
21.3852
21.2657
21.1449
21.0229
20.8997
20.7752
20.6682
20.5663
20.4634
20.3594
20.2544
20.1483
20.0411
19.9384
19.8458
19.7523
19.6578
19.5624
19.4661
19.3687
19.2751
19.1869
19.0978
19.0077
18.9168
18.825
18.7322
18.646
18.5591
18.4714
18.3828
18.2933
18.2028
18.1164
18.0296
17.9419
17.8534
17.7639
17.6743
17.5871
17.4991
17.4101
17.3202
17.2294
17.1401
17.0505
16.96
16.8686
16.7763
16.6843
16.5921
16.499
16.4049
16.3098
16.2151
16.1198
16.0236
15.9263
15.8282
15.7301
15.6309
15.5307
15.4295
15.3277
15.2251
15.1214
15.0167
14.9112
14.805
14.6977
14.5893
14.48
14.3698
14.2584
14.1459
14.0328
13.9191
13.8043
13.6883
13.5722
13.4554
13.3375
13.2185
13.1014
12.9831
12.8636
12.7457
12.6288
12.5108
12.3932
12.2817
12.1691
12.0553
11.9536
11.8521
11.7495
11.6609
11.5765
11.4913
11.4256
11.3689
11.3117
11.2845
11.2702
11.2558
11.2941
11.3453
11.3973
11.5782
11.7609
11.9722
12.2578
12.5462
13.7975
15.669
17.5557
19.311
21.0841
)
;
    }
    defaultFaces
    {
        type            empty;
    }
}


// ************************************************************************* //
