/*--------------------------------*- C++ -*----------------------------------*\
| =========                 |                                                 |
| \\      /  F ield         | OpenFOAM: The Open Source CFD Toolbox           |
|  \\    /   O peration     | Version:  2112                                  |
|   \\  /    A nd           | Website:  www.openfoam.com                      |
|    \\/     M anipulation  |                                                 |
\*---------------------------------------------------------------------------*/
FoamFile
{
    version     2.0;
    format      ascii;
    arch        "LSB;label=32;scalar=64";
    class       volScalarField;
    location    "3";
    object      T;
}
// * * * * * * * * * * * * * * * * * * * * * * * * * * * * * * * * * * * * * //

dimensions      [0 0 0 1 0 0 0];

internalField   nonuniform List<scalar> 
12013
(
300.002
300.006
300.011
300.016
300.021
300.026
300.031
300.037
300.043
300.05
300.056
300.064
300.071
300.079
300.088
300.096
300.106
300.116
300.126
300.137
300.148
300.16
300.173
300.186
300.199
300.214
300.228
300.244
300.26
300.277
300.295
300.313
300.332
300.351
300.372
300.393
300.414
300.437
300.46
300.485
300.509
300.535
300.562
300.589
300.618
300.647
300.677
300.708
300.74
300.772
300.806
300.841
300.877
300.913
300.951
300.99
301.03
301.071
301.113
301.157
301.202
301.248
301.295
301.344
301.395
301.447
301.5
301.556
301.613
301.672
301.734
301.798
301.864
301.934
302.007
302.084
302.166
302.254
302.349
302.455
302.577
300.002
300.006
300.011
300.016
300.021
300.026
300.031
300.037
300.043
300.05
300.056
300.064
300.071
300.079
300.088
300.096
300.106
300.116
300.126
300.137
300.148
300.16
300.173
300.186
300.199
300.214
300.228
300.244
300.26
300.277
300.294
300.313
300.332
300.351
300.372
300.393
300.414
300.437
300.46
300.484
300.509
300.535
300.562
300.589
300.617
300.647
300.677
300.708
300.739
300.772
300.806
300.841
300.876
300.913
300.951
300.99
301.03
301.071
301.113
301.157
301.201
301.247
301.295
301.344
301.394
301.446
301.499
301.555
301.612
301.671
301.732
301.796
301.862
301.931
302.004
302.08
302.161
302.247
302.339
302.44
302.549
300.002
300.006
300.011
300.016
300.021
300.026
300.031
300.037
300.043
300.05
300.056
300.064
300.071
300.079
300.088
300.096
300.106
300.116
300.126
300.137
300.148
300.16
300.173
300.186
300.199
300.214
300.228
300.244
300.26
300.277
300.294
300.313
300.331
300.351
300.371
300.392
300.414
300.437
300.46
300.484
300.509
300.535
300.562
300.589
300.617
300.646
300.676
300.707
300.739
300.772
300.806
300.84
300.876
300.913
300.95
300.989
301.029
301.07
301.112
301.156
301.2
301.246
301.294
301.342
301.392
301.444
301.497
301.552
301.609
301.668
301.729
301.792
301.858
301.926
301.998
302.072
302.151
302.234
302.321
302.414
302.51
300.002
300.006
300.011
300.016
300.021
300.026
300.031
300.037
300.043
300.05
300.056
300.064
300.071
300.079
300.088
300.096
300.106
300.116
300.126
300.137
300.148
300.16
300.172
300.186
300.199
300.213
300.228
300.244
300.26
300.277
300.294
300.312
300.331
300.351
300.371
300.392
300.414
300.437
300.46
300.484
300.509
300.535
300.561
300.589
300.617
300.646
300.676
300.707
300.739
300.771
300.805
300.84
300.875
300.912
300.949
300.988
301.028
301.069
301.111
301.154
301.199
301.244
301.292
301.34
301.39
301.441
301.494
301.549
301.605
301.663
301.724
301.786
301.851
301.918
301.987
302.06
302.135
302.214
302.296
302.381
302.467
300.002
300.006
300.011
300.016
300.021
300.026
300.031
300.037
300.043
300.05
300.056
300.063
300.071
300.079
300.087
300.096
300.106
300.116
300.126
300.137
300.148
300.16
300.172
300.185
300.199
300.213
300.228
300.244
300.26
300.277
300.294
300.312
300.331
300.351
300.371
300.392
300.414
300.436
300.46
300.484
300.509
300.534
300.561
300.588
300.616
300.645
300.675
300.706
300.738
300.77
300.804
300.839
300.874
300.911
300.948
300.987
301.026
301.067
301.109
301.152
301.196
301.242
301.289
301.337
301.386
301.437
301.49
301.544
301.599
301.657
301.716
301.777
301.84
301.906
301.973
302.043
302.115
302.189
302.265
302.343
302.42
300.002
300.006
300.011
300.016
300.02
300.026
300.031
300.037
300.043
300.049
300.056
300.063
300.071
300.079
300.087
300.096
300.106
300.115
300.126
300.137
300.148
300.16
300.172
300.185
300.199
300.213
300.228
300.244
300.26
300.276
300.294
300.312
300.331
300.35
300.371
300.392
300.413
300.436
300.459
300.483
300.508
300.534
300.56
300.587
300.616
300.644
300.674
300.705
300.737
300.769
300.803
300.837
300.873
300.909
300.946
300.985
301.024
301.065
301.106
301.149
301.193
301.238
301.285
301.332
301.381
301.432
301.483
301.537
301.591
301.648
301.706
301.765
301.827
301.89
301.955
302.022
302.09
302.159
302.23
302.301
302.372
300.002
300.006
300.011
300.016
300.02
300.026
300.031
300.037
300.043
300.049
300.056
300.063
300.071
300.079
300.087
300.096
300.106
300.115
300.126
300.136
300.148
300.16
300.172
300.185
300.199
300.213
300.228
300.243
300.259
300.276
300.294
300.312
300.331
300.35
300.37
300.391
300.413
300.435
300.459
300.483
300.507
300.533
300.559
300.586
300.615
300.643
300.673
300.704
300.735
300.768
300.801
300.835
300.871
300.907
300.944
300.982
301.021
301.062
301.103
301.145
301.189
301.234
301.279
301.327
301.375
301.424
301.475
301.528
301.581
301.636
301.693
301.751
301.81
301.871
301.933
301.996
302.06
302.126
302.191
302.257
302.321
300.002
300.006
300.011
300.016
300.02
300.026
300.031
300.037
300.043
300.049
300.056
300.063
300.071
300.079
300.087
300.096
300.105
300.115
300.126
300.136
300.148
300.16
300.172
300.185
300.199
300.213
300.228
300.243
300.259
300.276
300.293
300.311
300.33
300.349
300.37
300.391
300.412
300.435
300.458
300.482
300.506
300.532
300.558
300.585
300.613
300.642
300.672
300.702
300.733
300.766
300.799
300.833
300.868
300.904
300.941
300.979
301.018
301.057
301.098
301.14
301.183
301.228
301.273
301.319
301.367
301.415
301.465
301.516
301.569
301.622
301.677
301.733
301.79
301.848
301.907
301.967
302.027
302.088
302.149
302.21
302.269
300.002
300.006
300.011
300.016
300.02
300.026
300.031
300.037
300.043
300.049
300.056
300.063
300.071
300.079
300.087
300.096
300.105
300.115
300.125
300.136
300.147
300.159
300.172
300.185
300.198
300.212
300.227
300.243
300.259
300.275
300.293
300.311
300.329
300.349
300.369
300.39
300.411
300.434
300.457
300.481
300.505
300.531
300.557
300.584
300.612
300.64
300.67
300.7
300.731
300.763
300.796
300.83
300.865
300.9
300.937
300.974
301.013
301.052
301.093
301.134
301.177
301.22
301.265
301.31
301.357
301.404
301.453
301.503
301.554
301.605
301.658
301.712
301.766
301.822
301.878
301.934
301.991
302.048
302.104
302.16
302.216
300.002
300.006
300.011
300.015
300.02
300.026
300.031
300.037
300.043
300.049
300.056
300.063
300.071
300.079
300.087
300.096
300.105
300.115
300.125
300.136
300.147
300.159
300.171
300.184
300.198
300.212
300.227
300.242
300.258
300.275
300.292
300.31
300.329
300.348
300.368
300.389
300.41
300.433
300.455
300.479
300.504
300.529
300.555
300.582
300.609
300.638
300.667
300.697
300.728
300.76
300.793
300.826
300.861
300.896
300.932
300.969
301.007
301.046
301.086
301.127
301.168
301.211
301.255
301.299
301.345
301.391
301.438
301.487
301.536
301.586
301.636
301.688
301.74
301.792
301.845
301.898
301.951
302.004
302.057
302.109
302.161
300.002
300.006
300.011
300.015
300.02
300.026
300.031
300.037
300.043
300.049
300.056
300.063
300.071
300.078
300.087
300.096
300.105
300.115
300.125
300.136
300.147
300.159
300.171
300.184
300.197
300.211
300.226
300.241
300.257
300.274
300.291
300.309
300.328
300.347
300.367
300.388
300.409
300.431
300.454
300.478
300.502
300.527
300.553
300.58
300.607
300.635
300.664
300.694
300.725
300.756
300.788
300.822
300.856
300.89
300.926
300.963
301
301.038
301.078
301.118
301.158
301.2
301.243
301.286
301.33
301.375
301.421
301.468
301.515
301.563
301.611
301.66
301.71
301.759
301.809
301.859
301.909
301.959
302.008
302.056
302.104
300.002
300.006
300.011
300.015
300.02
300.025
300.031
300.037
300.043
300.049
300.056
300.063
300.07
300.078
300.087
300.095
300.105
300.114
300.125
300.135
300.146
300.158
300.171
300.183
300.197
300.211
300.225
300.241
300.257
300.273
300.29
300.308
300.327
300.346
300.366
300.386
300.407
300.429
300.452
300.476
300.5
300.525
300.55
300.577
300.604
300.632
300.661
300.69
300.72
300.752
300.783
300.816
300.85
300.884
300.919
300.955
300.992
301.029
301.068
301.107
301.147
301.187
301.229
301.271
301.314
301.357
301.402
301.446
301.492
301.537
301.584
301.63
301.677
301.724
301.771
301.818
301.864
301.911
301.956
302.002
302.046
300.002
300.006
300.011
300.015
300.02
300.025
300.031
300.037
300.043
300.049
300.056
300.063
300.07
300.078
300.086
300.095
300.104
300.114
300.124
300.135
300.146
300.158
300.17
300.183
300.196
300.21
300.225
300.24
300.256
300.272
300.289
300.307
300.325
300.344
300.364
300.384
300.406
300.427
300.45
300.473
300.497
300.522
300.547
300.573
300.6
300.628
300.656
300.685
300.715
300.746
300.778
300.81
300.843
300.876
300.911
300.946
300.982
301.019
301.056
301.094
301.133
301.173
301.213
301.254
301.295
301.337
301.379
301.422
301.465
301.509
301.553
301.597
301.641
301.685
301.73
301.774
301.817
301.86
301.903
301.945
301.987
300.002
300.006
300.011
300.015
300.02
300.025
300.031
300.036
300.042
300.049
300.055
300.063
300.07
300.078
300.086
300.095
300.104
300.114
300.124
300.134
300.145
300.157
300.169
300.182
300.195
300.209
300.224
300.239
300.254
300.271
300.288
300.305
300.324
300.342
300.362
300.382
300.403
300.425
300.447
300.47
300.494
300.518
300.543
300.569
300.596
300.623
300.651
300.68
300.709
300.74
300.77
300.802
300.834
300.867
300.901
300.936
300.971
301.006
301.043
301.08
301.118
301.156
301.195
301.234
301.274
301.314
301.354
301.395
301.437
301.478
301.52
301.561
301.603
301.644
301.686
301.727
301.768
301.808
301.848
301.888
301.926
300.002
300.006
300.011
300.015
300.02
300.025
300.031
300.036
300.042
300.049
300.055
300.062
300.07
300.077
300.086
300.094
300.103
300.113
300.123
300.134
300.145
300.156
300.168
300.181
300.194
300.208
300.223
300.237
300.253
300.269
300.286
300.304
300.322
300.34
300.36
300.38
300.401
300.422
300.444
300.467
300.49
300.514
300.539
300.565
300.591
300.618
300.645
300.673
300.702
300.732
300.762
300.793
300.825
300.857
300.89
300.924
300.958
300.992
301.028
301.064
301.1
301.137
301.174
301.212
301.25
301.288
301.327
301.366
301.405
301.444
301.484
301.523
301.562
301.601
301.64
301.678
301.717
301.754
301.792
301.828
301.864
300.002
300.006
300.011
300.015
300.02
300.025
300.03
300.036
300.042
300.048
300.055
300.062
300.069
300.077
300.085
300.094
300.103
300.112
300.122
300.133
300.144
300.155
300.167
300.18
300.193
300.207
300.221
300.236
300.251
300.267
300.284
300.301
300.319
300.338
300.357
300.377
300.397
300.418
300.44
300.463
300.486
300.509
300.534
300.559
300.585
300.611
300.638
300.666
300.694
300.723
300.753
300.783
300.814
300.845
300.877
300.91
300.943
300.976
301.01
301.045
301.08
301.115
301.151
301.187
301.224
301.26
301.297
301.334
301.371
301.408
301.445
301.482
301.519
301.555
301.592
301.628
301.663
301.699
301.734
301.768
301.802
300.002
300.006
300.011
300.015
300.02
300.025
300.03
300.036
300.042
300.048
300.055
300.062
300.069
300.077
300.085
300.093
300.102
300.112
300.122
300.132
300.143
300.154
300.166
300.179
300.192
300.205
300.219
300.234
300.249
300.265
300.282
300.299
300.317
300.335
300.354
300.373
300.394
300.414
300.436
300.458
300.481
300.504
300.528
300.553
300.578
300.604
300.63
300.657
300.685
300.713
300.742
300.771
300.801
300.832
300.863
300.894
300.926
300.958
300.991
301.024
301.058
301.092
301.126
301.16
301.195
301.23
301.264
301.299
301.334
301.369
301.404
301.439
301.473
301.508
301.542
301.575
301.609
301.641
301.674
301.706
301.737
300.002
300.006
300.01
300.015
300.02
300.025
300.03
300.036
300.042
300.048
300.054
300.061
300.068
300.076
300.084
300.093
300.102
300.111
300.121
300.131
300.142
300.153
300.165
300.177
300.19
300.204
300.218
300.232
300.247
300.263
300.279
300.296
300.313
300.331
300.35
300.369
300.389
300.41
300.431
300.452
300.475
300.498
300.521
300.545
300.57
300.595
300.621
300.647
300.674
300.702
300.73
300.758
300.787
300.816
300.846
300.877
300.907
300.938
300.97
301.002
301.034
301.066
301.098
301.131
301.164
301.197
301.229
301.262
301.295
301.328
301.361
301.393
301.426
301.458
301.49
301.521
301.552
301.583
301.613
301.643
301.672
300.002
300.006
300.01
300.015
300.02
300.025
300.03
300.035
300.041
300.047
300.054
300.061
300.068
300.075
300.083
300.092
300.101
300.11
300.12
300.13
300.141
300.152
300.163
300.176
300.188
300.202
300.215
300.23
300.245
300.26
300.276
300.293
300.31
300.328
300.346
300.365
300.384
300.404
300.425
300.446
300.468
300.49
300.513
300.537
300.561
300.585
300.61
300.636
300.662
300.689
300.716
300.743
300.771
300.799
300.828
300.857
300.887
300.916
300.946
300.977
301.007
301.038
301.068
301.099
301.13
301.161
301.192
301.223
301.254
301.285
301.316
301.346
301.376
301.406
301.436
301.465
301.494
301.523
301.551
301.579
301.606
300.002
300.006
300.01
300.015
300.019
300.024
300.03
300.035
300.041
300.047
300.053
300.06
300.067
300.075
300.083
300.091
300.1
300.109
300.118
300.129
300.139
300.15
300.162
300.174
300.186
300.199
300.213
300.227
300.242
300.257
300.272
300.289
300.306
300.323
300.341
300.359
300.378
300.398
300.418
300.439
300.46
300.482
300.504
300.527
300.55
300.574
300.598
300.623
300.648
300.674
300.7
300.726
300.753
300.78
300.808
300.836
300.864
300.892
300.921
300.949
300.978
301.007
301.036
301.065
301.095
301.124
301.153
301.182
301.211
301.24
301.268
301.297
301.325
301.353
301.381
301.408
301.435
301.462
301.488
301.514
301.539
300.002
300.006
300.01
300.015
300.019
300.024
300.029
300.035
300.04
300.046
300.053
300.059
300.066
300.074
300.082
300.09
300.098
300.108
300.117
300.127
300.137
300.148
300.16
300.171
300.184
300.196
300.21
300.224
300.238
300.253
300.268
300.284
300.301
300.318
300.335
300.353
300.372
300.391
300.411
300.431
300.451
300.473
300.494
300.516
300.539
300.562
300.585
300.609
300.633
300.658
300.683
300.708
300.734
300.76
300.786
300.812
300.839
300.866
300.893
300.92
300.947
300.975
301.002
301.03
301.057
301.084
301.112
301.139
301.166
301.193
301.219
301.246
301.272
301.298
301.324
301.349
301.374
301.399
301.424
301.448
301.471
300.002
300.006
300.01
300.014
300.019
300.024
300.029
300.034
300.04
300.046
300.052
300.059
300.066
300.073
300.081
300.089
300.097
300.106
300.115
300.125
300.135
300.146
300.157
300.169
300.181
300.193
300.206
300.22
300.234
300.249
300.264
300.279
300.295
300.312
300.329
300.346
300.365
300.383
300.402
300.422
300.442
300.462
300.483
300.504
300.526
300.548
300.57
300.593
300.616
300.64
300.664
300.688
300.712
300.737
300.762
300.787
300.812
300.838
300.863
300.889
300.914
300.94
300.966
300.992
301.017
301.043
301.068
301.094
301.119
301.144
301.169
301.193
301.218
301.242
301.266
301.29
301.313
301.336
301.358
301.381
301.403
300.002
300.006
300.01
300.014
300.019
300.024
300.029
300.034
300.039
300.045
300.051
300.058
300.065
300.072
300.079
300.087
300.096
300.104
300.113
300.123
300.133
300.143
300.154
300.166
300.178
300.19
300.203
300.216
300.23
300.244
300.258
300.273
300.289
300.305
300.322
300.339
300.356
300.374
300.393
300.411
300.431
300.45
300.47
300.491
300.512
300.533
300.554
300.576
300.598
300.621
300.643
300.666
300.689
300.713
300.736
300.76
300.784
300.808
300.832
300.856
300.88
300.904
300.928
300.952
300.976
301
301.023
301.047
301.07
301.094
301.117
301.14
301.162
301.185
301.207
301.229
301.25
301.272
301.293
301.313
301.334
300.002
300.006
300.01
300.014
300.018
300.023
300.028
300.033
300.039
300.044
300.05
300.057
300.063
300.071
300.078
300.086
300.094
300.102
300.111
300.121
300.13
300.141
300.151
300.162
300.174
300.186
300.198
300.211
300.224
300.238
300.252
300.267
300.282
300.298
300.314
300.33
300.347
300.364
300.382
300.4
300.418
300.437
300.456
300.476
300.496
300.516
300.536
300.557
300.578
300.599
300.621
300.643
300.664
300.686
300.709
300.731
300.753
300.776
300.798
300.821
300.843
300.866
300.888
300.91
300.933
300.955
300.977
300.999
301.02
301.042
301.063
301.085
301.106
301.126
301.147
301.167
301.187
301.207
301.226
301.245
301.264
300.002
300.006
300.01
300.014
300.018
300.023
300.027
300.033
300.038
300.044
300.049
300.056
300.062
300.069
300.076
300.084
300.092
300.1
300.109
300.118
300.128
300.137
300.148
300.159
300.17
300.181
300.193
300.206
300.219
300.232
300.246
300.26
300.274
300.289
300.305
300.321
300.337
300.353
300.37
300.387
300.405
300.423
300.441
300.46
300.479
300.498
300.517
300.537
300.557
300.577
300.597
300.617
300.638
300.659
300.679
300.7
300.721
300.742
300.763
300.784
300.805
300.826
300.847
300.867
300.888
300.909
300.929
300.949
300.969
300.989
301.009
301.029
301.048
301.067
301.086
301.105
301.123
301.141
301.159
301.177
301.194
300.002
300.006
300.009
300.013
300.018
300.022
300.027
300.032
300.037
300.043
300.048
300.054
300.061
300.067
300.075
300.082
300.09
300.098
300.106
300.115
300.124
300.134
300.144
300.154
300.165
300.176
300.188
300.2
300.212
300.225
300.238
300.252
300.266
300.28
300.295
300.31
300.325
300.341
300.357
300.374
300.391
300.408
300.425
300.442
300.46
300.478
300.497
300.515
300.534
300.553
300.572
300.591
300.61
300.629
300.649
300.668
300.687
300.707
300.726
300.746
300.765
300.785
300.804
300.823
300.842
300.861
300.88
300.899
300.917
300.936
300.954
300.972
300.99
301.007
301.025
301.042
301.059
301.076
301.092
301.108
301.124
300.002
300.005
300.009
300.013
300.017
300.022
300.026
300.031
300.036
300.041
300.047
300.053
300.059
300.066
300.073
300.08
300.087
300.095
300.103
300.112
300.121
300.13
300.14
300.15
300.16
300.171
300.182
300.193
300.205
300.218
300.23
300.243
300.257
300.27
300.284
300.299
300.313
300.328
300.343
300.359
300.375
300.391
300.407
300.424
300.441
300.458
300.475
300.492
300.509
300.527
300.545
300.563
300.58
300.598
300.616
300.634
300.652
300.67
300.688
300.706
300.724
300.742
300.76
300.778
300.795
300.813
300.83
300.847
300.864
300.881
300.898
300.915
300.931
300.947
300.963
300.979
300.994
301.01
301.025
301.04
301.054
300.002
300.005
300.009
300.013
300.017
300.021
300.025
300.03
300.035
300.04
300.046
300.051
300.057
300.064
300.07
300.077
300.084
300.092
300.1
300.108
300.117
300.126
300.135
300.144
300.154
300.165
300.175
300.186
300.198
300.209
300.221
300.234
300.246
300.259
300.273
300.286
300.3
300.314
300.329
300.343
300.358
300.373
300.388
300.404
300.42
300.435
300.451
300.468
300.484
300.5
300.517
300.533
300.55
300.566
300.583
300.6
300.616
300.633
300.649
300.666
300.683
300.699
300.715
300.732
300.748
300.764
300.78
300.795
300.811
300.826
300.842
300.857
300.872
300.887
300.901
300.916
300.93
300.944
300.958
300.971
300.985
300.002
300.005
300.009
300.012
300.016
300.02
300.025
300.029
300.034
300.039
300.044
300.05
300.055
300.061
300.068
300.074
300.081
300.089
300.096
300.104
300.112
300.121
300.13
300.139
300.148
300.158
300.168
300.179
300.189
300.2
300.212
300.224
300.235
300.248
300.26
300.273
300.286
300.299
300.313
300.326
300.34
300.354
300.369
300.383
300.398
300.412
300.427
300.442
300.457
300.472
300.487
300.503
300.518
300.533
300.549
300.564
300.579
300.594
300.61
300.625
300.64
300.655
300.67
300.685
300.699
300.714
300.729
300.743
300.757
300.771
300.785
300.799
300.813
300.826
300.84
300.853
300.866
300.878
300.891
300.904
300.916
300.002
300.005
300.008
300.012
300.016
300.02
300.024
300.028
300.033
300.037
300.042
300.048
300.053
300.059
300.065
300.072
300.078
300.085
300.092
300.1
300.108
300.116
300.124
300.133
300.142
300.151
300.161
300.17
300.181
300.191
300.202
300.213
300.224
300.235
300.247
300.259
300.271
300.283
300.296
300.309
300.322
300.335
300.348
300.361
300.375
300.388
300.402
300.416
300.43
300.444
300.458
300.471
300.485
300.5
300.514
300.528
300.541
300.555
300.569
300.583
300.597
300.611
300.624
300.638
300.651
300.664
300.678
300.691
300.704
300.716
300.729
300.742
300.754
300.766
300.778
300.79
300.802
300.814
300.825
300.836
300.848
300.002
300.005
300.008
300.011
300.015
300.019
300.023
300.027
300.031
300.036
300.041
300.046
300.051
300.057
300.062
300.068
300.075
300.081
300.088
300.095
300.102
300.11
300.118
300.126
300.135
300.143
300.152
300.162
300.171
300.181
300.191
300.201
300.212
300.222
300.233
300.244
300.255
300.267
300.279
300.29
300.302
300.314
300.326
300.339
300.351
300.364
300.376
300.389
300.401
300.414
300.427
300.44
300.453
300.465
300.478
300.491
300.503
300.516
300.529
300.541
300.554
300.566
300.579
300.591
300.603
300.615
300.627
300.639
300.65
300.662
300.674
300.685
300.696
300.707
300.718
300.729
300.739
300.75
300.76
300.77
300.781
300.001
300.004
300.008
300.011
300.014
300.018
300.022
300.026
300.03
300.034
300.039
300.044
300.049
300.054
300.059
300.065
300.071
300.077
300.083
300.09
300.097
300.104
300.112
300.119
300.127
300.135
300.144
300.152
300.161
300.17
300.18
300.189
300.199
300.209
300.219
300.229
300.239
300.25
300.261
300.271
300.282
300.293
300.305
300.316
300.327
300.339
300.35
300.361
300.373
300.385
300.396
300.408
300.419
300.431
300.443
300.454
300.466
300.477
300.488
300.5
300.511
300.522
300.533
300.544
300.555
300.566
300.577
300.588
300.598
300.609
300.619
300.629
300.639
300.649
300.659
300.669
300.678
300.688
300.697
300.706
300.715
300.001
300.004
300.007
300.01
300.014
300.017
300.021
300.024
300.028
300.032
300.037
300.041
300.046
300.051
300.056
300.061
300.067
300.073
300.079
300.085
300.092
300.098
300.105
300.112
300.12
300.127
300.135
300.143
300.151
300.16
300.168
300.177
300.186
300.195
300.204
300.213
300.223
300.233
300.242
300.252
300.262
300.272
300.282
300.293
300.303
300.313
300.324
300.334
300.345
300.355
300.366
300.376
300.386
300.397
300.407
300.418
300.428
300.438
300.449
300.459
300.469
300.479
300.489
300.499
300.509
300.518
300.528
300.538
300.547
300.556
300.566
300.575
300.584
300.593
300.601
300.61
300.619
300.627
300.636
300.644
300.652
300.001
300.004
300.007
300.01
300.013
300.016
300.019
300.023
300.027
300.031
300.035
300.039
300.043
300.048
300.053
300.058
300.063
300.068
300.074
300.08
300.086
300.092
300.098
300.105
300.112
300.119
300.126
300.133
300.141
300.149
300.156
300.164
300.173
300.181
300.189
300.198
300.207
300.215
300.224
300.233
300.242
300.251
300.261
300.27
300.279
300.288
300.298
300.307
300.317
300.326
300.335
300.345
300.354
300.364
300.373
300.382
300.391
300.401
300.41
300.419
300.428
300.437
300.446
300.455
300.464
300.472
300.481
300.489
300.498
300.506
300.514
300.523
300.531
300.539
300.546
300.554
300.562
300.569
300.577
300.584
300.591
300.001
300.004
300.006
300.009
300.012
300.015
300.018
300.022
300.025
300.029
300.032
300.036
300.041
300.045
300.049
300.054
300.059
300.064
300.069
300.074
300.08
300.086
300.092
300.098
300.104
300.11
300.117
300.124
300.131
300.138
300.145
300.152
300.16
300.167
300.175
300.183
300.19
300.198
300.206
300.214
300.223
300.231
300.239
300.247
300.256
300.264
300.273
300.281
300.289
300.298
300.306
300.315
300.323
300.332
300.34
300.348
300.356
300.365
300.373
300.381
300.389
300.397
300.405
300.413
300.421
300.428
300.436
300.444
300.451
300.458
300.466
300.473
300.48
300.487
300.494
300.501
300.508
300.515
300.521
300.528
300.534
300.001
300.004
300.006
300.009
300.011
300.014
300.017
300.02
300.023
300.027
300.03
300.034
300.038
300.042
300.046
300.05
300.055
300.059
300.064
300.069
300.074
300.08
300.085
300.091
300.096
300.102
300.108
300.114
300.121
300.127
300.134
300.14
300.147
300.154
300.161
300.168
300.175
300.182
300.189
300.197
300.204
300.211
300.219
300.226
300.234
300.241
300.249
300.256
300.264
300.271
300.279
300.286
300.294
300.301
300.309
300.316
300.324
300.331
300.338
300.345
300.352
300.36
300.367
300.374
300.381
300.387
300.394
300.401
300.408
300.414
300.421
300.427
300.433
300.44
300.446
300.452
300.458
300.464
300.47
300.475
300.481
300.001
300.003
300.006
300.008
300.011
300.013
300.016
300.019
300.022
300.025
300.028
300.032
300.035
300.039
300.043
300.047
300.051
300.055
300.06
300.064
300.069
300.074
300.079
300.084
300.089
300.095
300.1
300.106
300.111
300.117
300.123
300.129
300.135
300.141
300.148
300.154
300.16
300.167
300.173
300.18
300.187
300.193
300.2
300.207
300.213
300.22
300.227
300.233
300.24
300.247
300.254
300.26
300.267
300.274
300.28
300.287
300.293
300.3
300.306
300.313
300.319
300.325
300.332
300.338
300.344
300.35
300.356
300.362
300.368
300.374
300.38
300.385
300.391
300.396
300.402
300.407
300.413
300.418
300.423
300.428
300.433
300.001
300.003
300.005
300.008
300.01
300.012
300.015
300.018
300.021
300.023
300.027
300.03
300.033
300.036
300.04
300.044
300.048
300.051
300.056
300.06
300.064
300.069
300.073
300.078
300.083
300.088
300.093
300.098
300.103
300.108
300.114
300.119
300.125
300.13
300.136
300.142
300.148
300.153
300.159
300.165
300.171
300.177
300.183
300.189
300.195
300.201
300.207
300.213
300.219
300.225
300.231
300.237
300.243
300.249
300.255
300.261
300.267
300.273
300.279
300.284
300.29
300.296
300.301
300.307
300.312
300.318
300.323
300.328
300.334
300.339
300.344
300.349
300.354
300.359
300.364
300.369
300.373
300.378
300.383
300.387
300.392
300.001
300.003
300.005
300.007
300.009
300.012
300.014
300.017
300.019
300.022
300.025
300.028
300.031
300.034
300.038
300.041
300.045
300.048
300.052
300.056
300.06
300.064
300.068
300.073
300.077
300.082
300.086
300.091
300.096
300.101
300.106
300.111
300.116
300.121
300.126
300.131
300.137
300.142
300.147
300.153
300.158
300.164
300.169
300.175
300.18
300.186
300.191
300.197
300.202
300.208
300.213
300.219
300.224
300.229
300.235
300.24
300.245
300.251
300.256
300.261
300.266
300.271
300.276
300.281
300.286
300.291
300.296
300.301
300.305
300.31
300.315
300.319
300.324
300.328
300.333
300.337
300.341
300.345
300.35
300.354
300.358
300.001
300.003
300.005
300.007
300.009
300.011
300.013
300.016
300.018
300.021
300.024
300.027
300.03
300.033
300.036
300.039
300.042
300.046
300.049
300.053
300.057
300.061
300.065
300.069
300.073
300.077
300.082
300.086
300.091
300.095
300.1
300.105
300.109
300.114
300.119
300.124
300.129
300.134
300.139
300.144
300.149
300.154
300.159
300.164
300.169
300.174
300.179
300.184
300.189
300.195
300.2
300.205
300.21
300.215
300.22
300.224
300.229
300.234
300.239
300.244
300.249
300.253
300.258
300.262
300.267
300.272
300.276
300.28
300.285
300.289
300.293
300.298
300.302
300.306
300.31
300.314
300.318
300.322
300.325
300.329
300.333
300.001
300.003
300.005
300.007
300.009
300.011
300.013
300.015
300.018
300.02
300.023
300.026
300.029
300.032
300.035
300.038
300.041
300.045
300.048
300.052
300.055
300.059
300.063
300.067
300.071
300.075
300.079
300.083
300.088
300.092
300.097
300.101
300.106
300.11
300.115
300.12
300.124
300.129
300.134
300.139
300.144
300.148
300.153
300.158
300.163
300.168
300.173
300.178
300.183
300.187
300.192
300.197
300.202
300.207
300.211
300.216
300.221
300.225
300.23
300.234
300.239
300.243
300.248
300.252
300.257
300.261
300.265
300.269
300.273
300.278
300.282
300.286
300.29
300.294
300.297
300.301
300.305
300.309
300.312
300.316
300.319
302.732
302.853
302.954
303.042
303.121
303.193
303.258
303.317
303.373
303.423
303.471
303.514
303.555
303.593
303.628
303.661
303.692
303.721
303.749
303.776
303.801
303.827
303.852
303.878
303.905
303.932
303.959
303.985
304.012
304.038
304.063
304.089
304.114
304.139
304.164
304.188
304.212
304.236
304.26
304.283
304.306
304.33
304.353
304.375
304.398
304.42
304.442
304.464
304.486
304.508
304.529
304.551
304.572
304.593
304.613
304.634
304.654
304.674
304.694
304.714
304.734
304.753
304.772
304.791
304.81
304.829
304.848
304.866
304.884
304.902
304.92
304.937
304.954
304.972
304.988
305.005
305.022
305.038
305.054
305.07
305.086
305.101
305.117
305.132
305.147
305.161
305.176
305.19
305.204
305.218
305.231
305.244
305.258
305.27
305.283
305.295
305.307
305.319
305.331
305.342
305.353
305.364
305.374
305.384
305.394
305.404
305.413
305.422
305.431
305.439
305.447
305.455
305.462
305.469
305.475
305.481
305.487
305.493
305.498
305.502
305.506
305.51
305.513
305.516
305.518
305.519
305.52
305.521
305.521
305.52
305.519
305.516
305.513
305.51
305.505
305.499
305.493
305.485
305.476
305.466
305.455
305.442
305.428
305.412
305.393
305.373
305.351
305.326
305.298
305.267
305.232
305.194
305.151
305.102
305.047
304.986
304.923
304.849
304.744
304.587
304.345
302.666
302.774
302.871
302.957
303.036
303.108
303.173
303.234
303.29
303.342
303.391
303.436
303.478
303.518
303.555
303.589
303.622
303.653
303.683
303.711
303.738
303.765
303.792
303.819
303.847
303.874
303.901
303.928
303.955
303.981
304.007
304.033
304.059
304.084
304.109
304.134
304.159
304.183
304.207
304.231
304.254
304.278
304.301
304.324
304.347
304.369
304.392
304.414
304.436
304.458
304.48
304.501
304.523
304.544
304.565
304.585
304.606
304.626
304.646
304.666
304.686
304.706
304.725
304.744
304.763
304.782
304.801
304.819
304.838
304.856
304.874
304.891
304.909
304.926
304.943
304.96
304.976
304.993
305.009
305.025
305.041
305.057
305.072
305.087
305.102
305.117
305.132
305.146
305.16
305.174
305.188
305.201
305.214
305.227
305.24
305.252
305.264
305.276
305.288
305.299
305.31
305.321
305.332
305.342
305.352
305.362
305.371
305.38
305.389
305.397
305.405
305.413
305.42
305.427
305.434
305.44
305.446
305.451
305.456
305.461
305.465
305.469
305.472
305.474
305.477
305.478
305.479
305.48
305.48
305.479
305.478
305.475
305.472
305.469
305.464
305.458
305.452
305.444
305.435
305.425
305.414
305.401
305.387
305.37
305.352
305.332
305.309
305.284
305.256
305.225
305.19
305.151
305.107
305.058
305.002
304.94
304.873
304.794
304.684
304.523
304.279
302.609
302.704
302.793
302.876
302.953
303.023
303.089
303.15
303.207
303.26
303.309
303.356
303.399
303.44
303.478
303.514
303.549
303.581
303.613
303.643
303.672
303.7
303.728
303.756
303.784
303.812
303.84
303.867
303.895
303.921
303.948
303.974
304
304.026
304.052
304.077
304.102
304.126
304.151
304.175
304.199
304.222
304.246
304.269
304.292
304.315
304.338
304.361
304.383
304.405
304.427
304.449
304.47
304.492
304.513
304.534
304.554
304.575
304.595
304.615
304.635
304.655
304.675
304.694
304.713
304.732
304.751
304.77
304.788
304.806
304.825
304.842
304.86
304.877
304.895
304.912
304.928
304.945
304.961
304.977
304.993
305.009
305.025
305.04
305.055
305.07
305.085
305.099
305.113
305.127
305.141
305.155
305.168
305.181
305.194
305.206
305.219
305.231
305.242
305.254
305.265
305.276
305.287
305.297
305.307
305.317
305.326
305.335
305.344
305.352
305.36
305.368
305.376
305.383
305.389
305.396
305.401
305.407
305.412
305.417
305.421
305.425
305.428
305.431
305.433
305.434
305.436
305.436
305.436
305.435
305.434
305.432
305.429
305.425
305.42
305.415
305.408
305.401
305.392
305.382
305.37
305.357
305.343
305.327
305.308
305.288
305.265
305.24
305.211
305.18
305.144
305.105
305.061
305.011
304.954
304.89
304.821
304.736
304.622
304.457
304.214
302.553
302.638
302.72
302.798
302.872
302.94
303.005
303.065
303.122
303.176
303.226
303.273
303.317
303.359
303.399
303.437
303.472
303.506
303.539
303.571
303.601
303.631
303.66
303.689
303.718
303.747
303.775
303.803
303.831
303.858
303.885
303.912
303.938
303.964
303.99
304.016
304.041
304.066
304.091
304.115
304.14
304.164
304.188
304.211
304.235
304.258
304.281
304.304
304.326
304.349
304.371
304.393
304.414
304.436
304.457
304.479
304.5
304.52
304.541
304.561
304.581
304.601
304.621
304.641
304.66
304.679
304.698
304.717
304.736
304.754
304.772
304.79
304.808
304.826
304.843
304.86
304.877
304.894
304.91
304.927
304.943
304.959
304.974
304.99
305.005
305.02
305.035
305.049
305.064
305.078
305.092
305.105
305.119
305.132
305.145
305.157
305.17
305.182
305.194
305.205
305.217
305.228
305.238
305.249
305.259
305.269
305.278
305.287
305.296
305.305
305.313
305.321
305.328
305.335
305.342
305.348
305.354
305.36
305.365
305.37
305.374
305.378
305.381
305.384
305.386
305.388
305.389
305.39
305.389
305.389
305.387
305.385
305.382
305.379
305.374
305.369
305.362
305.354
305.346
305.335
305.324
305.311
305.296
305.28
305.262
305.241
305.218
305.193
305.164
305.132
305.096
305.057
305.012
304.961
304.903
304.838
304.765
304.677
304.558
304.391
304.151
302.498
302.575
302.65
302.723
302.793
302.859
302.922
302.981
303.037
303.091
303.141
303.189
303.234
303.277
303.317
303.356
303.393
303.428
303.462
303.495
303.527
303.558
303.589
303.618
303.648
303.677
303.706
303.735
303.763
303.791
303.818
303.846
303.872
303.899
303.925
303.951
303.977
304.002
304.027
304.052
304.077
304.101
304.126
304.149
304.173
304.197
304.22
304.243
304.266
304.289
304.311
304.333
304.355
304.377
304.399
304.42
304.441
304.462
304.483
304.504
304.524
304.544
304.564
304.584
304.604
304.623
304.642
304.661
304.68
304.698
304.717
304.735
304.753
304.77
304.788
304.805
304.822
304.839
304.856
304.872
304.889
304.905
304.92
304.936
304.951
304.967
304.981
304.996
305.011
305.025
305.039
305.053
305.066
305.079
305.092
305.105
305.118
305.13
305.142
305.154
305.165
305.176
305.187
305.197
305.208
305.218
305.227
305.236
305.245
305.254
305.262
305.27
305.278
305.285
305.292
305.298
305.304
305.31
305.315
305.32
305.324
305.328
305.331
305.334
305.336
305.338
305.339
305.34
305.34
305.339
305.338
305.336
305.333
305.329
305.325
305.319
305.313
305.305
305.296
305.286
305.275
305.262
305.247
305.231
305.212
305.192
305.168
305.143
305.114
305.082
305.046
305.005
304.96
304.908
304.849
304.783
304.707
304.615
304.493
304.325
304.09
302.442
302.513
302.582
302.65
302.716
302.779
302.839
302.897
302.952
303.005
303.055
303.103
303.148
303.192
303.233
303.273
303.311
303.347
303.382
303.416
303.449
303.482
303.513
303.544
303.574
303.604
303.633
303.663
303.691
303.72
303.748
303.775
303.803
303.83
303.856
303.883
303.909
303.935
303.96
303.986
304.01
304.035
304.06
304.084
304.108
304.132
304.155
304.179
304.202
304.225
304.248
304.27
304.292
304.314
304.336
304.358
304.379
304.401
304.422
304.442
304.463
304.483
304.504
304.524
304.543
304.563
304.582
304.601
304.62
304.639
304.658
304.676
304.694
304.712
304.73
304.747
304.764
304.781
304.798
304.815
304.831
304.847
304.863
304.879
304.894
304.91
304.925
304.94
304.954
304.969
304.983
304.997
305.01
305.024
305.037
305.05
305.062
305.075
305.087
305.099
305.11
305.121
305.132
305.143
305.153
305.163
305.173
305.182
305.191
305.2
305.208
305.216
305.224
305.231
305.238
305.244
305.251
305.256
305.261
305.266
305.271
305.275
305.278
305.281
305.283
305.285
305.286
305.287
305.287
305.287
305.285
305.283
305.28
305.277
305.272
305.267
305.26
305.253
305.244
305.234
305.222
305.209
305.194
305.178
305.159
305.139
305.116
305.09
305.061
305.028
304.992
304.951
304.905
304.852
304.793
304.725
304.646
304.55
304.426
304.258
304.03
302.386
302.451
302.515
302.578
302.64
302.7
302.758
302.814
302.867
302.919
302.969
303.016
303.062
303.105
303.147
303.187
303.226
303.263
303.3
303.334
303.368
303.401
303.434
303.465
303.496
303.527
303.557
303.587
303.616
303.645
303.673
303.701
303.729
303.757
303.784
303.811
303.837
303.863
303.889
303.915
303.94
303.965
303.99
304.015
304.039
304.063
304.087
304.111
304.134
304.157
304.18
304.203
304.226
304.248
304.27
304.292
304.314
304.335
304.356
304.377
304.398
304.419
304.439
304.459
304.479
304.499
304.519
304.538
304.557
304.576
304.595
304.613
304.631
304.65
304.667
304.685
304.702
304.72
304.737
304.753
304.77
304.786
304.802
304.818
304.834
304.849
304.864
304.879
304.894
304.909
304.923
304.937
304.951
304.964
304.978
304.991
305.003
305.016
305.028
305.04
305.052
305.063
305.074
305.085
305.095
305.105
305.115
305.124
305.134
305.142
305.151
305.159
305.167
305.174
305.181
305.187
305.194
305.199
305.205
305.21
305.214
305.218
305.221
305.224
305.227
305.229
305.23
305.231
305.231
305.23
305.229
305.227
305.224
305.221
305.216
305.211
305.204
305.197
305.188
305.178
305.166
305.153
305.139
305.122
305.103
305.083
305.059
305.033
305.004
304.971
304.934
304.893
304.846
304.793
304.733
304.663
304.582
304.484
304.357
304.19
303.97
302.329
302.389
302.448
302.507
302.565
302.622
302.677
302.731
302.783
302.833
302.882
302.929
302.974
303.017
303.06
303.1
303.139
303.177
303.214
303.249
303.284
303.318
303.351
303.383
303.415
303.446
303.477
303.507
303.537
303.566
303.595
303.624
303.652
303.68
303.707
303.734
303.761
303.788
303.814
303.84
303.866
303.891
303.916
303.941
303.966
303.99
304.015
304.039
304.062
304.086
304.109
304.132
304.155
304.177
304.2
304.222
304.244
304.266
304.287
304.308
304.329
304.35
304.371
304.391
304.411
304.431
304.451
304.471
304.49
304.509
304.528
304.547
304.565
304.583
304.601
304.619
304.637
304.654
304.671
304.688
304.705
304.721
304.738
304.754
304.769
304.785
304.8
304.816
304.83
304.845
304.859
304.874
304.888
304.901
304.915
304.928
304.941
304.953
304.966
304.978
304.989
305.001
305.012
305.023
305.033
305.044
305.054
305.063
305.072
305.081
305.09
305.098
305.106
305.113
305.12
305.127
305.133
305.139
305.144
305.149
305.154
305.158
305.161
305.164
305.167
305.169
305.17
305.171
305.171
305.171
305.17
305.168
305.165
305.161
305.157
305.151
305.145
305.137
305.129
305.119
305.107
305.094
305.079
305.063
305.044
305.023
305
304.973
304.944
304.911
304.874
304.832
304.785
304.731
304.67
304.599
304.516
304.415
304.287
304.123
303.911
302.271
302.326
302.381
302.436
302.491
302.544
302.597
302.648
302.698
302.747
302.795
302.841
302.885
302.928
302.97
303.011
303.05
303.089
303.126
303.162
303.197
303.231
303.265
303.298
303.33
303.362
303.393
303.424
303.454
303.484
303.513
303.542
303.571
303.599
303.627
303.654
303.682
303.708
303.735
303.761
303.787
303.813
303.839
303.864
303.889
303.914
303.938
303.962
303.986
304.01
304.034
304.057
304.08
304.103
304.126
304.148
304.17
304.192
304.214
304.235
304.257
304.278
304.298
304.319
304.34
304.36
304.38
304.399
304.419
304.438
304.457
304.476
304.495
304.513
304.531
304.549
304.567
304.585
304.602
304.619
304.636
304.652
304.669
304.685
304.701
304.717
304.732
304.748
304.763
304.777
304.792
304.806
304.82
304.834
304.848
304.861
304.874
304.887
304.899
304.911
304.923
304.935
304.946
304.957
304.968
304.978
304.988
304.998
305.007
305.016
305.025
305.033
305.041
305.049
305.056
305.062
305.069
305.075
305.08
305.085
305.09
305.094
305.098
305.101
305.103
305.105
305.107
305.108
305.108
305.107
305.106
305.104
305.102
305.098
305.094
305.088
305.082
305.074
305.066
305.056
305.044
305.031
305.016
305
304.981
304.96
304.936
304.91
304.88
304.847
304.81
304.768
304.72
304.665
304.603
304.531
304.447
304.344
304.216
304.055
303.853
302.212
302.263
302.315
302.366
302.417
302.467
302.517
302.566
302.614
302.661
302.707
302.752
302.796
302.839
302.88
302.92
302.96
302.998
303.035
303.072
303.107
303.142
303.176
303.209
303.242
303.274
303.305
303.337
303.367
303.397
303.427
303.456
303.485
303.514
303.542
303.57
303.598
303.625
303.652
303.679
303.705
303.731
303.757
303.782
303.808
303.833
303.858
303.882
303.906
303.93
303.954
303.978
304.001
304.024
304.047
304.07
304.092
304.114
304.136
304.158
304.18
304.201
304.222
304.243
304.263
304.284
304.304
304.324
304.344
304.363
304.382
304.401
304.42
304.439
304.457
304.475
304.493
304.511
304.528
304.546
304.563
304.579
304.596
304.612
304.629
304.644
304.66
304.676
304.691
304.706
304.72
304.735
304.749
304.763
304.777
304.79
304.803
304.816
304.829
304.841
304.853
304.865
304.876
304.887
304.898
304.909
304.919
304.929
304.938
304.947
304.956
304.964
304.972
304.98
304.987
304.994
305
305.006
305.012
305.017
305.022
305.026
305.03
305.033
305.036
305.038
305.039
305.04
305.04
305.04
305.039
305.037
305.035
305.031
305.027
305.021
305.015
305.008
304.999
304.989
304.977
304.964
304.95
304.933
304.914
304.893
304.87
304.843
304.813
304.78
304.742
304.699
304.651
304.596
304.533
304.46
304.374
304.271
304.144
303.987
303.794
302.152
302.199
302.247
302.295
302.343
302.391
302.438
302.485
302.531
302.576
302.62
302.664
302.706
302.748
302.789
302.829
302.867
302.905
302.943
302.979
303.015
303.05
303.084
303.117
303.15
303.183
303.215
303.246
303.277
303.308
303.338
303.367
303.397
303.425
303.454
303.482
303.51
303.538
303.565
303.592
303.619
303.645
303.671
303.697
303.722
303.748
303.773
303.798
303.822
303.846
303.87
303.894
303.918
303.941
303.964
303.987
304.01
304.032
304.054
304.076
304.098
304.12
304.141
304.162
304.183
304.203
304.224
304.244
304.264
304.283
304.303
304.322
304.341
304.36
304.378
304.397
304.415
304.433
304.45
304.468
304.485
304.502
304.519
304.535
304.552
304.568
304.583
304.599
304.614
304.63
304.644
304.659
304.673
304.688
304.701
304.715
304.728
304.741
304.754
304.767
304.779
304.791
304.802
304.813
304.824
304.835
304.845
304.855
304.865
304.874
304.883
304.891
304.899
304.907
304.914
304.921
304.928
304.934
304.94
304.945
304.95
304.954
304.958
304.961
304.964
304.966
304.967
304.968
304.969
304.969
304.968
304.966
304.963
304.96
304.956
304.95
304.944
304.937
304.928
304.918
304.906
304.893
304.879
304.862
304.843
304.822
304.799
304.772
304.742
304.708
304.67
304.628
304.579
304.523
304.46
304.386
304.3
304.196
304.071
303.918
303.734
302.09
302.135
302.18
302.225
302.27
302.314
302.359
302.403
302.447
302.49
302.533
302.575
302.616
302.657
302.697
302.736
302.774
302.812
302.849
302.885
302.92
302.955
302.989
303.023
303.056
303.089
303.121
303.152
303.184
303.214
303.245
303.274
303.304
303.333
303.362
303.39
303.419
303.446
303.474
303.501
303.528
303.555
303.581
303.607
303.633
303.658
303.684
303.709
303.734
303.758
303.782
303.806
303.83
303.854
303.877
303.9
303.923
303.946
303.968
303.99
304.012
304.034
304.056
304.077
304.098
304.119
304.139
304.159
304.18
304.199
304.219
304.238
304.258
304.277
304.295
304.314
304.332
304.35
304.368
304.386
304.403
304.42
304.437
304.454
304.47
304.486
304.502
304.518
304.534
304.549
304.564
304.579
304.593
304.608
304.622
304.635
304.649
304.662
304.675
304.687
304.7
304.712
304.723
304.735
304.746
304.757
304.767
304.777
304.787
304.796
304.805
304.814
304.822
304.83
304.837
304.844
304.851
304.857
304.863
304.868
304.873
304.877
304.881
304.885
304.887
304.89
304.891
304.892
304.893
304.893
304.892
304.89
304.888
304.884
304.88
304.875
304.869
304.861
304.853
304.843
304.831
304.818
304.804
304.787
304.768
304.747
304.724
304.697
304.667
304.633
304.595
304.552
304.503
304.447
304.383
304.309
304.222
304.119
303.996
303.848
303.674
302.028
302.07
302.112
302.154
302.196
302.238
302.28
302.322
302.363
302.405
302.445
302.486
302.526
302.565
302.604
302.642
302.68
302.717
302.753
302.789
302.824
302.859
302.893
302.926
302.959
302.992
303.024
303.056
303.087
303.118
303.148
303.178
303.208
303.237
303.266
303.295
303.323
303.351
303.379
303.406
303.433
303.46
303.487
303.513
303.539
303.565
303.59
303.616
303.641
303.665
303.69
303.714
303.738
303.762
303.786
303.809
303.832
303.855
303.877
303.9
303.922
303.944
303.966
303.987
304.008
304.029
304.05
304.07
304.091
304.111
304.131
304.15
304.17
304.189
304.208
304.226
304.245
304.263
304.281
304.299
304.316
304.333
304.351
304.367
304.384
304.4
304.417
304.433
304.448
304.464
304.479
304.494
304.508
304.523
304.537
304.551
304.565
304.578
304.591
304.604
304.616
304.628
304.64
304.652
304.663
304.674
304.684
304.694
304.704
304.714
304.723
304.731
304.74
304.748
304.755
304.762
304.769
304.776
304.781
304.787
304.792
304.796
304.8
304.804
304.807
304.809
304.811
304.812
304.812
304.812
304.811
304.81
304.807
304.804
304.8
304.795
304.789
304.782
304.773
304.763
304.752
304.739
304.724
304.708
304.689
304.668
304.644
304.617
304.587
304.554
304.515
304.472
304.423
304.367
304.303
304.229
304.142
304.04
303.92
303.777
303.613
301.965
302.004
302.043
302.082
302.122
302.161
302.201
302.241
302.28
302.319
302.358
302.397
302.435
302.473
302.511
302.548
302.584
302.62
302.656
302.691
302.726
302.76
302.794
302.827
302.86
302.892
302.924
302.956
302.987
303.018
303.049
303.079
303.108
303.138
303.167
303.196
303.224
303.252
303.28
303.308
303.335
303.362
303.389
303.415
303.441
303.467
303.493
303.518
303.544
303.568
303.593
303.618
303.642
303.666
303.69
303.713
303.736
303.759
303.782
303.805
303.827
303.849
303.871
303.893
303.914
303.935
303.956
303.977
303.997
304.017
304.037
304.057
304.077
304.096
304.115
304.134
304.152
304.171
304.189
304.207
304.225
304.242
304.259
304.276
304.293
304.31
304.326
304.342
304.358
304.373
304.389
304.404
304.419
304.433
304.448
304.462
304.476
304.489
304.502
304.515
304.528
304.54
304.552
304.564
304.575
304.586
304.597
304.607
304.617
304.626
304.636
304.644
304.653
304.661
304.669
304.676
304.683
304.689
304.695
304.701
304.706
304.71
304.714
304.718
304.721
304.723
304.725
304.727
304.727
304.727
304.726
304.725
304.723
304.719
304.715
304.71
304.704
304.697
304.689
304.679
304.668
304.655
304.64
304.624
304.605
304.584
304.56
304.534
304.504
304.47
304.431
304.388
304.339
304.283
304.219
304.145
304.059
303.959
303.842
303.705
303.55
301.9
301.937
301.973
302.01
302.047
302.085
302.122
302.159
302.196
302.234
302.271
302.308
302.344
302.381
302.417
302.453
302.488
302.523
302.558
302.593
302.627
302.66
302.693
302.726
302.759
302.791
302.823
302.854
302.885
302.916
302.946
302.976
303.006
303.035
303.064
303.093
303.121
303.15
303.178
303.205
303.233
303.26
303.286
303.313
303.339
303.365
303.391
303.417
303.442
303.467
303.492
303.517
303.541
303.565
303.589
303.613
303.636
303.659
303.682
303.705
303.728
303.75
303.772
303.794
303.815
303.836
303.857
303.878
303.899
303.919
303.939
303.959
303.979
303.998
304.018
304.037
304.055
304.074
304.092
304.11
304.128
304.146
304.163
304.18
304.197
304.214
304.23
304.247
304.263
304.278
304.294
304.309
304.324
304.339
304.353
304.367
304.381
304.395
304.408
304.421
304.434
304.447
304.459
304.471
304.482
304.493
304.504
304.514
304.524
304.534
304.543
304.552
304.561
304.569
304.577
304.584
304.591
304.598
304.604
304.61
304.615
304.619
304.624
304.627
304.63
304.633
304.635
304.636
304.637
304.637
304.636
304.635
304.633
304.63
304.626
304.621
304.615
304.608
304.599
304.59
304.579
304.566
304.551
304.535
304.516
304.495
304.472
304.445
304.415
304.381
304.343
304.3
304.251
304.195
304.131
304.058
303.974
303.876
303.762
303.632
303.485
301.835
301.869
301.903
301.938
301.972
302.007
302.042
302.078
302.113
302.148
302.183
302.218
302.253
302.288
302.323
302.357
302.392
302.426
302.459
302.493
302.526
302.559
302.591
302.624
302.656
302.687
302.719
302.75
302.78
302.811
302.841
302.871
302.9
302.929
302.958
302.987
303.015
303.044
303.072
303.099
303.127
303.154
303.18
303.207
303.233
303.26
303.286
303.311
303.337
303.362
303.387
303.411
303.436
303.46
303.484
303.508
303.531
303.555
303.578
303.601
303.623
303.646
303.668
303.69
303.711
303.733
303.754
303.775
303.796
303.816
303.837
303.857
303.876
303.896
303.915
303.934
303.953
303.972
303.99
304.008
304.026
304.044
304.062
304.079
304.096
304.113
304.13
304.146
304.162
304.178
304.194
304.209
304.224
304.239
304.254
304.268
304.282
304.296
304.309
304.323
304.336
304.348
304.36
304.372
304.384
304.395
304.406
304.417
304.427
304.437
304.446
304.455
304.464
304.472
304.48
304.488
304.495
304.501
304.507
304.513
304.518
304.523
304.528
304.531
304.535
304.537
304.539
304.541
304.542
304.542
304.541
304.54
304.538
304.535
304.531
304.526
304.52
304.513
304.505
304.495
304.484
304.472
304.457
304.441
304.423
304.402
304.378
304.352
304.322
304.288
304.25
304.207
304.159
304.103
304.04
303.968
303.885
303.79
303.68
303.556
303.418
301.769
301.8
301.832
301.865
301.897
301.93
301.963
301.996
302.029
302.062
302.096
302.129
302.162
302.196
302.229
302.262
302.295
302.328
302.36
302.392
302.425
302.457
302.488
302.52
302.551
302.582
302.613
302.643
302.674
302.704
302.733
302.763
302.792
302.821
302.85
302.878
302.906
302.934
302.962
302.99
303.017
303.044
303.071
303.097
303.124
303.15
303.176
303.202
303.227
303.252
303.277
303.302
303.326
303.351
303.375
303.399
303.422
303.446
303.469
303.492
303.514
303.537
303.559
303.581
303.603
303.624
303.646
303.667
303.688
303.708
303.729
303.749
303.769
303.788
303.808
303.827
303.846
303.865
303.883
303.902
303.92
303.938
303.955
303.973
303.99
304.007
304.024
304.04
304.056
304.072
304.088
304.104
304.119
304.134
304.149
304.163
304.178
304.191
304.205
304.218
304.231
304.244
304.257
304.269
304.28
304.292
304.303
304.314
304.324
304.334
304.343
304.353
304.361
304.37
304.378
304.385
304.393
304.399
304.406
304.412
304.417
304.422
304.426
304.43
304.433
304.436
304.438
304.44
304.441
304.441
304.441
304.439
304.437
304.435
304.431
304.426
304.42
304.414
304.405
304.396
304.385
304.373
304.358
304.342
304.324
304.303
304.28
304.254
304.224
304.191
304.153
304.11
304.062
304.007
303.945
303.874
303.793
303.701
303.596
303.479
303.348
301.701
301.731
301.761
301.791
301.822
301.852
301.883
301.914
301.945
301.977
302.008
302.04
302.071
302.103
302.135
302.166
302.198
302.229
302.26
302.291
302.323
302.353
302.384
302.415
302.445
302.475
302.506
302.535
302.565
302.594
302.624
302.653
302.682
302.71
302.739
302.767
302.795
302.822
302.85
302.877
302.904
302.931
302.958
302.984
303.011
303.037
303.062
303.088
303.113
303.139
303.164
303.188
303.213
303.237
303.261
303.285
303.309
303.332
303.355
303.378
303.401
303.424
303.446
303.468
303.49
303.511
303.533
303.554
303.575
303.595
303.616
303.636
303.656
303.676
303.695
303.715
303.734
303.753
303.771
303.79
303.808
303.826
303.844
303.861
303.878
303.895
303.912
303.929
303.945
303.961
303.977
303.993
304.008
304.024
304.038
304.053
304.067
304.082
304.095
304.109
304.122
304.135
304.147
304.16
304.171
304.183
304.194
304.205
304.215
304.225
304.235
304.244
304.253
304.262
304.27
304.278
304.285
304.292
304.298
304.304
304.31
304.315
304.319
304.323
304.327
304.329
304.332
304.333
304.335
304.335
304.335
304.334
304.332
304.329
304.325
304.321
304.315
304.308
304.3
304.291
304.28
304.268
304.254
304.238
304.22
304.2
304.176
304.15
304.121
304.088
304.051
304.009
303.961
303.907
303.846
303.777
303.699
303.61
303.51
303.398
303.276
301.633
301.661
301.689
301.717
301.745
301.774
301.803
301.832
301.862
301.891
301.921
301.951
301.98
302.01
302.04
302.07
302.1
302.13
302.16
302.19
302.22
302.25
302.279
302.309
302.338
302.368
302.397
302.426
302.455
302.484
302.512
302.541
302.569
302.597
302.625
302.653
302.68
302.708
302.735
302.762
302.789
302.815
302.842
302.868
302.894
302.92
302.946
302.971
302.996
303.021
303.046
303.071
303.095
303.119
303.143
303.167
303.191
303.214
303.237
303.26
303.283
303.306
303.328
303.35
303.372
303.393
303.415
303.436
303.457
303.478
303.498
303.518
303.538
303.558
303.578
303.597
303.616
303.635
303.654
303.672
303.691
303.709
303.727
303.744
303.761
303.779
303.796
303.812
303.829
303.845
303.861
303.877
303.892
303.908
303.923
303.937
303.952
303.966
303.98
303.994
304.007
304.02
304.032
304.045
304.057
304.068
304.08
304.091
304.101
304.111
304.121
304.131
304.14
304.148
304.157
304.164
304.172
304.179
304.185
304.191
304.197
304.202
304.207
304.211
304.214
304.217
304.22
304.221
304.223
304.223
304.223
304.222
304.22
304.218
304.214
304.21
304.204
304.198
304.19
304.181
304.17
304.158
304.144
304.128
304.111
304.09
304.068
304.042
304.013
303.98
303.944
303.902
303.856
303.803
303.743
303.676
303.6
303.515
303.42
303.315
303.2
301.564
301.59
301.616
301.642
301.669
301.696
301.723
301.75
301.778
301.805
301.833
301.861
301.889
301.918
301.946
301.974
302.003
302.031
302.06
302.089
302.117
302.146
302.174
302.203
302.231
302.259
302.288
302.316
302.344
302.372
302.4
302.427
302.455
302.482
302.51
302.537
302.564
302.591
302.617
302.644
302.67
302.697
302.723
302.749
302.774
302.8
302.825
302.851
302.876
302.9
302.925
302.95
302.974
302.998
303.022
303.046
303.069
303.092
303.115
303.138
303.161
303.183
303.206
303.228
303.249
303.271
303.292
303.313
303.334
303.355
303.376
303.396
303.416
303.436
303.455
303.475
303.494
303.513
303.531
303.55
303.568
303.586
303.604
303.622
303.639
303.657
303.674
303.69
303.707
303.723
303.739
303.755
303.771
303.786
303.801
303.816
303.831
303.845
303.859
303.873
303.886
303.899
303.912
303.924
303.936
303.948
303.96
303.971
303.981
303.992
304.002
304.011
304.02
304.029
304.037
304.045
304.053
304.06
304.066
304.073
304.078
304.083
304.088
304.092
304.096
304.099
304.102
304.103
304.105
304.105
304.105
304.104
304.103
304.1
304.097
304.093
304.087
304.081
304.073
304.065
304.054
304.042
304.029
304.013
303.996
303.976
303.953
303.928
303.9
303.868
303.832
303.791
303.746
303.694
303.636
303.572
303.499
303.417
303.327
303.228
303.12
301.495
301.519
301.543
301.567
301.592
301.617
301.643
301.668
301.694
301.72
301.746
301.772
301.799
301.825
301.852
301.879
301.906
301.933
301.96
301.987
302.014
302.041
302.069
302.096
302.123
302.15
302.177
302.205
302.232
302.259
302.286
302.312
302.339
302.366
302.393
302.419
302.445
302.472
302.498
302.524
302.55
302.576
302.601
302.627
302.652
302.677
302.702
302.727
302.752
302.776
302.801
302.825
302.849
302.873
302.896
302.92
302.943
302.966
302.989
303.012
303.035
303.057
303.079
303.101
303.123
303.144
303.165
303.186
303.207
303.228
303.248
303.268
303.288
303.308
303.328
303.347
303.366
303.385
303.404
303.422
303.441
303.459
303.477
303.494
303.512
303.529
303.546
303.563
303.579
303.596
303.612
303.628
303.644
303.659
303.674
303.689
303.704
303.718
303.732
303.746
303.76
303.773
303.786
303.798
303.81
303.822
303.834
303.845
303.856
303.866
303.876
303.886
303.895
303.904
303.912
303.92
303.928
303.935
303.942
303.948
303.954
303.959
303.964
303.968
303.972
303.975
303.978
303.98
303.981
303.982
303.982
303.981
303.98
303.977
303.974
303.97
303.965
303.959
303.951
303.943
303.932
303.921
303.908
303.892
303.875
303.856
303.834
303.809
303.781
303.75
303.715
303.675
303.631
303.581
303.525
303.463
303.393
303.316
303.231
303.138
303.037
301.425
301.447
301.469
301.492
301.515
301.538
301.562
301.586
301.61
301.634
301.658
301.683
301.708
301.733
301.758
301.783
301.809
301.834
301.86
301.885
301.911
301.937
301.963
301.989
302.015
302.041
302.067
302.093
302.119
302.145
302.171
302.197
302.223
302.249
302.274
302.3
302.326
302.351
302.377
302.402
302.427
302.452
302.477
302.502
302.527
302.552
302.576
302.601
302.625
302.649
302.673
302.697
302.721
302.744
302.768
302.791
302.814
302.837
302.859
302.882
302.904
302.926
302.948
302.97
302.991
303.013
303.034
303.055
303.076
303.096
303.116
303.136
303.156
303.176
303.195
303.215
303.234
303.253
303.271
303.29
303.308
303.326
303.344
303.362
303.379
303.396
303.413
303.43
303.447
303.463
303.479
303.495
303.511
303.526
303.542
303.557
303.571
303.586
303.6
303.614
303.627
303.641
303.654
303.666
303.678
303.69
303.702
303.713
303.724
303.734
303.745
303.754
303.764
303.773
303.781
303.789
303.797
303.804
303.811
303.817
303.823
303.828
303.833
303.838
303.842
303.845
303.848
303.85
303.851
303.852
303.852
303.852
303.85
303.848
303.845
303.841
303.836
303.83
303.823
303.815
303.805
303.794
303.781
303.766
303.749
303.73
303.709
303.684
303.657
303.627
303.593
303.554
303.511
303.463
303.41
303.35
303.284
303.211
303.131
303.043
302.949
301.354
301.375
301.395
301.417
301.438
301.46
301.482
301.504
301.526
301.549
301.571
301.594
301.617
301.641
301.664
301.688
301.712
301.736
301.76
301.784
301.809
301.833
301.858
301.882
301.907
301.932
301.956
301.981
302.006
302.031
302.056
302.081
302.106
302.13
302.155
302.18
302.205
302.229
302.254
302.279
302.303
302.328
302.352
302.376
302.4
302.424
302.448
302.472
302.496
302.52
302.543
302.567
302.59
302.613
302.636
302.659
302.681
302.704
302.726
302.748
302.77
302.792
302.814
302.835
302.856
302.878
302.898
302.919
302.94
302.96
302.98
303
303.02
303.039
303.059
303.078
303.097
303.115
303.134
303.152
303.17
303.188
303.206
303.224
303.241
303.258
303.275
303.292
303.309
303.325
303.341
303.357
303.373
303.388
303.404
303.419
303.433
303.448
303.462
303.476
303.49
303.503
303.516
303.528
303.541
303.553
303.564
303.576
303.587
303.597
303.607
303.617
303.626
303.635
303.644
303.652
303.66
303.667
303.674
303.681
303.687
303.692
303.697
303.701
303.705
303.709
303.712
303.714
303.716
303.717
303.717
303.716
303.715
303.713
303.71
303.707
303.702
303.696
303.689
303.681
303.671
303.66
303.648
303.633
303.617
303.599
303.578
303.554
303.528
303.499
303.466
303.429
303.387
303.341
303.29
303.234
303.171
303.102
303.027
302.945
302.858
301.283
301.302
301.321
301.341
301.361
301.381
301.401
301.422
301.442
301.463
301.485
301.506
301.528
301.549
301.571
301.593
301.616
301.638
301.661
301.684
301.706
301.729
301.753
301.776
301.799
301.823
301.846
301.87
301.893
301.917
301.941
301.964
301.988
302.012
302.036
302.059
302.083
302.107
302.131
302.154
302.178
302.202
302.225
302.249
302.272
302.295
302.319
302.342
302.365
302.388
302.411
302.434
302.456
302.479
302.501
302.524
302.546
302.568
302.59
302.612
302.633
302.655
302.676
302.697
302.718
302.739
302.759
302.78
302.8
302.82
302.84
302.859
302.879
302.898
302.917
302.936
302.955
302.974
302.992
303.01
303.028
303.046
303.064
303.081
303.098
303.116
303.132
303.149
303.166
303.182
303.198
303.214
303.23
303.245
303.26
303.275
303.29
303.305
303.319
303.333
303.346
303.36
303.372
303.385
303.398
303.41
303.421
303.433
303.443
303.454
303.464
303.474
303.484
303.493
303.501
303.509
303.517
303.525
303.532
303.538
303.544
303.55
303.555
303.559
303.563
303.567
303.57
303.572
303.574
303.575
303.575
303.575
303.574
303.572
303.57
303.566
303.562
303.556
303.549
303.542
303.532
303.522
303.509
303.496
303.48
303.462
303.442
303.419
303.394
303.365
303.334
303.298
303.259
303.215
303.166
303.113
303.054
302.989
302.919
302.843
302.761
301.212
301.229
301.247
301.265
301.284
301.302
301.321
301.34
301.359
301.378
301.398
301.418
301.438
301.458
301.479
301.499
301.52
301.541
301.562
301.584
301.605
301.627
301.648
301.67
301.692
301.714
301.736
301.758
301.781
301.803
301.826
301.848
301.871
301.893
301.916
301.939
301.961
301.984
302.007
302.029
302.052
302.075
302.097
302.12
302.143
302.165
302.188
302.21
302.232
302.255
302.277
302.299
302.321
302.343
302.365
302.387
302.408
302.43
302.451
302.472
302.493
302.514
302.535
302.556
302.576
302.597
302.617
302.637
302.657
302.676
302.696
302.715
302.734
302.753
302.772
302.791
302.809
302.828
302.846
302.864
302.882
302.899
302.917
302.934
302.951
302.968
302.985
303.001
303.018
303.034
303.05
303.066
303.082
303.097
303.112
303.127
303.142
303.156
303.17
303.184
303.198
303.211
303.224
303.236
303.249
303.261
303.273
303.284
303.295
303.305
303.316
303.326
303.335
303.344
303.353
303.361
303.369
303.376
303.383
303.39
303.396
303.401
303.407
303.411
303.415
303.419
303.422
303.424
303.426
303.428
303.428
303.428
303.427
303.426
303.423
303.42
303.416
303.41
303.404
303.396
303.387
303.377
303.366
303.352
303.337
303.32
303.3
303.279
303.254
303.227
303.197
303.163
303.125
303.084
303.038
302.988
302.932
302.872
302.806
302.736
302.661
301.14
301.157
301.173
301.19
301.207
301.224
301.241
301.258
301.276
301.294
301.312
301.331
301.349
301.368
301.387
301.406
301.425
301.445
301.465
301.484
301.504
301.524
301.545
301.565
301.586
301.606
301.627
301.648
301.669
301.69
301.711
301.732
301.754
301.775
301.797
301.818
301.84
301.861
301.883
301.904
301.926
301.948
301.969
301.991
302.013
302.034
302.056
302.077
302.099
302.12
302.142
302.163
302.184
302.206
302.227
302.248
302.269
302.289
302.31
302.331
302.351
302.372
302.392
302.412
302.432
302.452
302.471
302.491
302.51
302.53
302.549
302.568
302.586
302.605
302.624
302.642
302.66
302.678
302.696
302.714
302.731
302.749
302.766
302.783
302.8
302.816
302.833
302.849
302.866
302.882
302.898
302.913
302.929
302.944
302.959
302.974
302.988
303.003
303.017
303.03
303.044
303.057
303.07
303.083
303.095
303.107
303.119
303.13
303.141
303.151
303.162
303.172
303.181
303.19
303.199
303.207
303.215
303.222
303.229
303.236
303.242
303.248
303.253
303.258
303.262
303.266
303.269
303.271
303.273
303.275
303.275
303.275
303.275
303.273
303.271
303.268
303.264
303.259
303.253
303.246
303.237
303.227
303.216
303.203
303.189
303.172
303.154
303.133
303.11
303.084
303.055
303.023
302.988
302.949
302.906
302.858
302.807
302.751
302.69
302.625
302.555
301.069
301.084
301.099
301.114
301.13
301.146
301.162
301.178
301.194
301.211
301.227
301.244
301.261
301.279
301.296
301.314
301.332
301.35
301.368
301.386
301.405
301.423
301.442
301.461
301.48
301.5
301.519
301.539
301.558
301.578
301.598
301.618
301.638
301.658
301.678
301.698
301.719
301.739
301.759
301.78
301.8
301.821
301.841
301.862
301.883
301.903
301.924
301.944
301.965
301.985
302.006
302.026
302.047
302.067
302.087
302.108
302.128
302.148
302.168
302.188
302.207
302.227
302.247
302.266
302.286
302.305
302.324
302.343
302.362
302.38
302.399
302.418
302.436
302.454
302.472
302.49
302.508
302.525
302.543
302.56
302.577
302.594
302.611
302.628
302.645
302.661
302.677
302.694
302.71
302.725
302.741
302.757
302.772
302.787
302.802
302.816
302.831
302.845
302.859
302.872
302.886
302.899
302.912
302.924
302.936
302.948
302.96
302.971
302.982
302.993
303.003
303.013
303.022
303.031
303.04
303.048
303.056
303.063
303.071
303.077
303.083
303.089
303.094
303.099
303.103
303.107
303.11
303.113
303.115
303.116
303.117
303.118
303.117
303.116
303.114
303.111
303.107
303.103
303.097
303.09
303.082
303.073
303.062
303.05
303.036
303.02
303.003
302.983
302.961
302.937
302.909
302.879
302.846
302.809
302.769
302.725
302.677
302.625
302.569
302.509
302.445
300.998
301.012
301.026
301.04
301.054
301.068
301.083
301.098
301.113
301.128
301.143
301.159
301.174
301.19
301.206
301.223
301.239
301.256
301.272
301.289
301.306
301.324
301.341
301.359
301.376
301.394
301.412
301.43
301.449
301.467
301.486
301.504
301.523
301.542
301.561
301.58
301.599
301.618
301.637
301.656
301.675
301.695
301.714
301.734
301.753
301.773
301.792
301.812
301.831
301.851
301.87
301.89
301.909
301.928
301.948
301.967
301.986
302.006
302.025
302.044
302.063
302.082
302.101
302.119
302.138
302.156
302.175
302.193
302.211
302.23
302.248
302.265
302.283
302.301
302.318
302.336
302.353
302.37
302.387
302.404
302.421
302.438
302.454
302.47
302.487
302.503
302.519
302.535
302.55
302.566
302.581
302.596
302.611
302.626
302.641
302.655
302.669
302.683
302.697
302.711
302.724
302.737
302.749
302.762
302.774
302.786
302.797
302.808
302.819
302.829
302.84
302.849
302.859
302.868
302.876
302.885
302.892
302.9
302.907
302.914
302.92
302.925
302.931
302.936
302.94
302.944
302.947
302.95
302.952
302.954
302.955
302.955
302.955
302.954
302.952
302.949
302.946
302.941
302.936
302.93
302.922
302.913
302.903
302.892
302.879
302.864
302.847
302.829
302.808
302.785
302.76
302.731
302.7
302.666
302.629
302.588
302.544
302.496
302.445
302.39
302.331
300.928
300.94
300.953
300.966
300.979
300.992
301.005
301.019
301.032
301.046
301.06
301.074
301.089
301.103
301.118
301.133
301.148
301.163
301.179
301.194
301.21
301.226
301.242
301.258
301.274
301.291
301.307
301.324
301.341
301.358
301.375
301.392
301.41
301.427
301.445
301.462
301.48
301.498
301.516
301.534
301.552
301.57
301.588
301.607
301.625
301.643
301.662
301.68
301.698
301.717
301.735
301.753
301.772
301.79
301.809
301.827
301.845
301.864
301.882
301.9
301.918
301.936
301.954
301.972
301.99
302.008
302.025
302.043
302.06
302.078
302.095
302.112
302.129
302.146
302.163
302.18
302.197
302.213
302.23
302.246
302.263
302.279
302.295
302.311
302.327
302.342
302.358
302.373
302.389
302.404
302.419
302.434
302.448
302.463
302.477
302.491
302.505
302.519
302.532
302.546
302.559
302.571
302.584
302.596
302.608
302.619
302.631
302.642
302.652
302.663
302.673
302.682
302.692
302.701
302.709
302.717
302.725
302.732
302.739
302.746
302.752
302.758
302.763
302.768
302.772
302.776
302.78
302.782
302.785
302.787
302.788
302.788
302.788
302.787
302.786
302.783
302.78
302.776
302.771
302.765
302.758
302.75
302.741
302.73
302.717
302.704
302.688
302.671
302.651
302.63
302.606
302.58
302.551
302.52
302.485
302.448
302.407
302.364
302.317
302.266
302.213
300.859
300.87
300.881
300.893
300.905
300.917
300.929
300.941
300.953
300.966
300.979
300.992
301.005
301.018
301.031
301.045
301.059
301.073
301.087
301.101
301.115
301.13
301.144
301.159
301.174
301.189
301.205
301.22
301.236
301.251
301.267
301.283
301.299
301.315
301.331
301.348
301.364
301.38
301.397
301.414
301.431
301.447
301.464
301.481
301.498
301.515
301.533
301.55
301.567
301.584
301.602
301.619
301.636
301.653
301.671
301.688
301.705
301.722
301.74
301.757
301.774
301.791
301.808
301.825
301.842
301.859
301.876
301.893
301.909
301.926
301.942
301.959
301.975
301.992
302.008
302.024
302.04
302.056
302.072
302.088
302.103
302.119
302.135
302.15
302.165
302.181
302.196
302.211
302.225
302.24
302.255
302.269
302.283
302.298
302.312
302.325
302.339
302.352
302.365
302.378
302.391
302.403
302.416
302.428
302.439
302.451
302.462
302.472
302.483
302.493
302.503
302.512
302.522
302.53
302.539
302.547
302.555
302.562
302.569
302.575
302.582
302.587
302.593
302.597
302.602
302.606
302.609
302.612
302.614
302.616
302.618
302.618
302.618
302.618
302.616
302.614
302.611
302.608
302.603
302.598
302.591
302.584
302.575
302.565
302.553
302.541
302.526
302.51
302.492
302.472
302.45
302.426
302.4
302.371
302.339
302.305
302.268
302.228
302.185
302.14
302.091
300.791
300.801
300.811
300.822
300.832
300.843
300.854
300.865
300.876
300.888
300.899
300.911
300.923
300.935
300.947
300.959
300.972
300.984
300.997
301.01
301.023
301.036
301.05
301.063
301.077
301.091
301.104
301.119
301.133
301.147
301.161
301.176
301.191
301.205
301.22
301.235
301.25
301.266
301.281
301.296
301.312
301.327
301.343
301.359
301.375
301.39
301.406
301.422
301.438
301.454
301.47
301.486
301.503
301.519
301.535
301.551
301.567
301.583
301.6
301.616
301.632
301.648
301.664
301.68
301.696
301.712
301.728
301.744
301.76
301.775
301.791
301.807
301.822
301.838
301.853
301.869
301.884
301.899
301.914
301.93
301.945
301.96
301.975
301.989
302.004
302.019
302.033
302.048
302.062
302.076
302.09
302.104
302.118
302.132
302.145
302.159
302.172
302.185
302.198
302.21
302.222
302.235
302.246
302.258
302.269
302.28
302.291
302.302
302.312
302.322
302.332
302.341
302.35
302.359
302.367
302.375
302.382
302.39
302.396
302.403
302.409
302.415
302.42
302.425
302.429
302.433
302.436
302.439
302.442
302.444
302.445
302.446
302.446
302.446
302.445
302.443
302.441
302.437
302.433
302.428
302.422
302.415
302.407
302.398
302.387
302.375
302.362
302.347
302.331
302.313
302.293
302.27
302.246
302.22
302.191
302.16
302.127
302.09
302.052
302.011
301.967
300.724
300.733
300.743
300.752
300.762
300.771
300.781
300.791
300.801
300.812
300.822
300.832
300.843
300.854
300.865
300.876
300.887
300.899
300.91
300.922
300.934
300.946
300.958
300.97
300.982
300.995
301.008
301.02
301.033
301.046
301.059
301.073
301.086
301.099
301.113
301.127
301.14
301.154
301.168
301.182
301.197
301.211
301.225
301.24
301.254
301.269
301.283
301.298
301.313
301.328
301.343
301.357
301.372
301.387
301.402
301.417
301.432
301.447
301.462
301.477
301.493
301.508
301.523
301.538
301.553
301.568
301.582
301.597
301.612
301.627
301.642
301.657
301.671
301.686
301.701
301.715
301.73
301.744
301.759
301.773
301.788
301.802
301.816
301.83
301.844
301.858
301.872
301.886
301.9
301.913
301.927
301.94
301.954
301.967
301.98
301.993
302.005
302.018
302.03
302.042
302.054
302.066
302.077
302.089
302.1
302.11
302.121
302.131
302.141
302.151
302.16
302.169
302.178
302.186
302.194
302.202
302.21
302.217
302.223
302.23
302.236
302.241
302.247
302.251
302.256
302.26
302.263
302.266
302.269
302.271
302.272
302.273
302.274
302.273
302.273
302.271
302.269
302.266
302.262
302.258
302.252
302.246
302.239
302.23
302.221
302.21
302.198
302.184
302.169
302.152
302.134
302.114
302.092
302.068
302.042
302.014
301.984
301.952
301.917
301.88
301.84
300.66
300.668
300.676
300.685
300.693
300.702
300.711
300.72
300.729
300.738
300.748
300.757
300.767
300.776
300.786
300.796
300.806
300.816
300.827
300.837
300.848
300.859
300.87
300.881
300.892
300.903
300.914
300.926
300.938
300.949
300.961
300.973
300.985
300.997
301.01
301.022
301.035
301.047
301.06
301.073
301.086
301.099
301.112
301.125
301.138
301.152
301.165
301.178
301.192
301.205
301.219
301.233
301.247
301.26
301.274
301.288
301.302
301.316
301.33
301.344
301.357
301.371
301.385
301.399
301.413
301.427
301.441
301.455
301.469
301.483
301.497
301.511
301.524
301.538
301.552
301.566
301.579
301.593
301.607
301.62
301.634
301.647
301.661
301.674
301.688
301.701
301.714
301.727
301.74
301.753
301.766
301.779
301.792
301.804
301.817
301.829
301.841
301.853
301.865
301.876
301.888
301.899
301.91
301.921
301.932
301.942
301.952
301.962
301.972
301.981
301.99
301.999
302.007
302.015
302.023
302.031
302.038
302.045
302.052
302.058
302.064
302.069
302.074
302.079
302.083
302.087
302.091
302.094
302.096
302.098
302.1
302.101
302.102
302.102
302.101
302.1
302.098
302.096
302.092
302.088
302.083
302.078
302.071
302.063
302.055
302.045
302.034
302.022
302.008
301.993
301.977
301.958
301.939
301.917
301.894
301.869
301.842
301.813
301.782
301.748
301.713
300.598
300.606
300.613
300.621
300.628
300.636
300.644
300.652
300.66
300.668
300.677
300.685
300.694
300.702
300.711
300.72
300.729
300.738
300.747
300.757
300.766
300.776
300.786
300.796
300.806
300.816
300.826
300.836
300.847
300.857
300.868
300.879
300.889
300.9
300.912
300.923
300.934
300.945
300.957
300.968
300.98
300.992
301.004
301.016
301.028
301.04
301.052
301.064
301.077
301.089
301.101
301.114
301.126
301.139
301.152
301.164
301.177
301.19
301.202
301.215
301.228
301.241
301.254
301.267
301.28
301.292
301.305
301.318
301.331
301.344
301.357
301.37
301.383
301.396
301.408
301.421
301.434
301.447
301.46
301.472
301.485
301.498
301.511
301.523
301.536
301.548
301.561
301.573
301.586
301.598
301.61
301.622
301.634
301.646
301.658
301.67
301.681
301.693
301.704
301.715
301.726
301.736
301.747
301.757
301.768
301.777
301.787
301.797
301.806
301.815
301.824
301.832
301.84
301.848
301.856
301.863
301.87
301.877
301.883
301.889
301.895
301.9
301.905
301.91
301.914
301.918
301.921
301.924
301.927
301.929
301.931
301.932
301.933
301.933
301.933
301.932
301.93
301.928
301.925
301.922
301.917
301.912
301.906
301.9
301.892
301.883
301.873
301.862
301.85
301.836
301.822
301.805
301.788
301.769
301.748
301.725
301.701
301.675
301.648
301.618
301.587
300.54
300.547
300.554
300.56
300.567
300.574
300.581
300.588
300.595
300.602
300.61
300.617
300.625
300.633
300.641
300.648
300.656
300.665
300.673
300.681
300.69
300.698
300.707
300.716
300.725
300.734
300.743
300.752
300.761
300.771
300.78
300.79
300.8
300.81
300.819
300.829
300.84
300.85
300.86
300.871
300.881
300.892
300.902
300.913
300.924
300.935
300.946
300.957
300.968
300.979
300.99
301.002
301.013
301.025
301.036
301.048
301.059
301.071
301.083
301.094
301.106
301.118
301.129
301.141
301.153
301.165
301.177
301.189
301.201
301.213
301.224
301.236
301.248
301.26
301.272
301.284
301.296
301.308
301.32
301.332
301.344
301.355
301.367
301.379
301.391
301.403
301.414
301.426
301.438
301.449
301.461
301.472
301.483
301.495
301.506
301.517
301.528
301.539
301.549
301.56
301.57
301.58
301.59
301.6
301.61
301.619
301.628
301.637
301.646
301.655
301.663
301.671
301.679
301.687
301.694
301.701
301.708
301.714
301.72
301.726
301.732
301.737
301.742
301.746
301.75
301.754
301.758
301.761
301.763
301.766
301.767
301.769
301.77
301.77
301.77
301.769
301.768
301.766
301.764
301.761
301.757
301.752
301.747
301.741
301.734
301.726
301.717
301.708
301.697
301.685
301.672
301.657
301.642
301.625
301.606
301.586
301.565
301.542
301.518
301.492
301.464
300.487
300.492
300.498
300.504
300.51
300.516
300.523
300.529
300.535
300.542
300.548
300.555
300.562
300.568
300.575
300.582
300.59
300.597
300.604
300.612
300.619
300.627
300.634
300.642
300.65
300.658
300.666
300.674
300.683
300.691
300.7
300.708
300.717
300.726
300.735
300.744
300.753
300.762
300.771
300.78
300.79
300.799
300.809
300.818
300.828
300.838
300.848
300.858
300.868
300.878
300.888
300.898
300.909
300.919
300.929
300.94
300.95
300.961
300.972
300.982
300.993
301.004
301.014
301.025
301.036
301.047
301.058
301.069
301.08
301.09
301.101
301.112
301.123
301.134
301.145
301.156
301.167
301.179
301.19
301.201
301.212
301.223
301.234
301.245
301.256
301.267
301.278
301.289
301.299
301.31
301.321
301.332
301.342
301.353
301.363
301.374
301.384
301.394
301.404
301.414
301.424
301.433
301.443
301.452
301.461
301.47
301.479
301.487
301.496
301.504
301.512
301.519
301.527
301.534
301.541
301.548
301.554
301.56
301.566
301.572
301.577
301.582
301.587
301.591
301.595
301.599
301.603
301.606
301.608
301.611
301.612
301.614
301.615
301.615
301.615
301.615
301.614
301.613
301.611
301.608
301.605
301.601
301.596
301.591
301.585
301.578
301.57
301.561
301.552
301.541
301.529
301.517
301.503
301.488
301.471
301.454
301.435
301.415
301.394
301.371
301.346
300.438
300.443
300.449
300.454
300.459
300.464
300.47
300.476
300.481
300.487
300.493
300.499
300.505
300.511
300.517
300.523
300.529
300.536
300.542
300.549
300.556
300.562
300.569
300.576
300.583
300.59
300.598
300.605
300.612
300.62
300.627
300.635
300.643
300.651
300.658
300.666
300.675
300.683
300.691
300.699
300.708
300.716
300.725
300.734
300.742
300.751
300.76
300.769
300.778
300.787
300.796
300.805
300.815
300.824
300.834
300.843
300.852
300.862
300.872
300.881
300.891
300.901
300.911
300.92
300.93
300.94
300.95
300.96
300.97
300.98
300.99
301
301.01
301.021
301.031
301.041
301.051
301.061
301.072
301.082
301.092
301.102
301.112
301.123
301.133
301.143
301.153
301.163
301.173
301.184
301.194
301.204
301.213
301.223
301.233
301.243
301.252
301.262
301.271
301.28
301.29
301.299
301.307
301.316
301.325
301.333
301.341
301.349
301.357
301.365
301.373
301.38
301.387
301.394
301.4
301.407
301.413
301.419
301.425
301.43
301.435
301.44
301.445
301.449
301.453
301.456
301.46
301.463
301.465
301.468
301.469
301.471
301.472
301.473
301.473
301.473
301.472
301.471
301.469
301.467
301.464
301.461
301.457
301.452
301.447
301.441
301.434
301.426
301.418
301.408
301.398
301.387
301.375
301.361
301.347
301.332
301.315
301.297
301.278
301.258
301.237
300.396
300.401
300.405
300.41
300.415
300.419
300.424
300.429
300.434
300.439
300.445
300.45
300.455
300.461
300.466
300.472
300.477
300.483
300.489
300.495
300.501
300.507
300.513
300.519
300.525
300.532
300.538
300.545
300.551
300.558
300.565
300.572
300.579
300.586
300.593
300.6
300.607
300.614
300.622
300.629
300.637
300.645
300.652
300.66
300.668
300.676
300.684
300.692
300.7
300.708
300.717
300.725
300.733
300.742
300.75
300.759
300.768
300.776
300.785
300.794
300.803
300.812
300.821
300.83
300.839
300.848
300.857
300.866
300.875
300.884
300.894
300.903
300.912
300.922
300.931
300.94
300.95
300.959
300.969
300.978
300.988
300.997
301.007
301.016
301.026
301.035
301.045
301.054
301.063
301.073
301.082
301.091
301.101
301.11
301.119
301.128
301.137
301.146
301.155
301.163
301.172
301.18
301.189
301.197
301.205
301.213
301.221
301.228
301.236
301.243
301.25
301.257
301.264
301.27
301.276
301.282
301.288
301.294
301.299
301.305
301.309
301.314
301.319
301.323
301.326
301.33
301.333
301.336
301.339
301.341
301.343
301.345
301.346
301.347
301.347
301.347
301.347
301.346
301.344
301.342
301.34
301.337
301.334
301.33
301.325
301.319
301.313
301.307
301.299
301.291
301.282
301.272
301.261
301.249
301.237
301.223
301.208
301.193
301.176
301.158
301.139
300.362
300.366
300.37
300.374
300.378
300.383
300.387
300.392
300.396
300.401
300.405
300.41
300.415
300.42
300.425
300.43
300.435
300.44
300.445
300.451
300.456
300.461
300.467
300.473
300.478
300.484
300.49
300.496
300.502
300.508
300.514
300.52
300.526
300.533
300.539
300.546
300.552
300.559
300.566
300.572
300.579
300.586
300.593
300.6
300.607
300.615
300.622
300.629
300.637
300.644
300.652
300.659
300.667
300.675
300.683
300.691
300.699
300.707
300.715
300.723
300.731
300.739
300.747
300.756
300.764
300.772
300.781
300.789
300.798
300.806
300.815
300.824
300.832
300.841
300.85
300.858
300.867
300.876
300.885
300.894
300.902
300.911
300.92
300.929
300.938
300.947
300.956
300.964
300.973
300.982
300.991
300.999
301.008
301.017
301.025
301.034
301.042
301.05
301.059
301.067
301.075
301.083
301.091
301.098
301.106
301.113
301.121
301.128
301.135
301.142
301.149
301.155
301.161
301.168
301.174
301.179
301.185
301.191
301.196
301.201
301.205
301.21
301.214
301.218
301.222
301.225
301.228
301.231
301.234
301.236
301.238
301.24
301.241
301.242
301.242
301.243
301.242
301.242
301.241
301.239
301.237
301.234
301.231
301.228
301.223
301.219
301.213
301.207
301.201
301.193
301.185
301.176
301.167
301.156
301.145
301.133
301.12
301.106
301.091
301.075
301.058
300.337
300.34
300.344
300.348
300.352
300.356
300.36
300.364
300.368
300.373
300.377
300.381
300.386
300.39
300.395
300.399
300.404
300.409
300.414
300.419
300.424
300.429
300.434
300.439
300.444
300.449
300.455
300.46
300.466
300.471
300.477
300.483
300.488
300.494
300.5
300.506
300.512
300.518
300.525
300.531
300.537
300.544
300.55
300.557
300.564
300.57
300.577
300.584
300.591
300.598
300.605
300.612
300.619
300.626
300.634
300.641
300.648
300.656
300.663
300.671
300.679
300.686
300.694
300.702
300.71
300.718
300.725
300.733
300.741
300.75
300.758
300.766
300.774
300.782
300.79
300.799
300.807
300.815
300.824
300.832
300.84
300.849
300.857
300.865
300.874
300.882
300.89
300.899
300.907
300.915
300.924
300.932
300.94
300.948
300.956
300.964
300.972
300.98
300.988
300.996
301.004
301.011
301.019
301.026
301.033
301.04
301.047
301.054
301.061
301.067
301.074
301.08
301.086
301.092
301.098
301.104
301.109
301.114
301.119
301.124
301.129
301.133
301.137
301.141
301.145
301.148
301.151
301.154
301.156
301.159
301.161
301.162
301.164
301.165
301.165
301.165
301.165
301.165
301.164
301.162
301.161
301.158
301.156
301.152
301.149
301.144
301.139
301.134
301.128
301.121
301.114
301.106
301.097
301.087
301.077
301.066
301.054
301.041
301.028
301.013
300.998
300.323
300.327
300.33
300.334
300.338
300.341
300.345
300.349
300.353
300.357
300.361
300.366
300.37
300.374
300.378
300.383
300.387
300.392
300.396
300.401
300.406
300.411
300.415
300.42
300.425
300.43
300.435
300.441
300.446
300.451
300.457
300.462
300.468
300.473
300.479
300.485
300.49
300.496
300.502
300.508
300.514
300.521
300.527
300.533
300.539
300.546
300.552
300.559
300.566
300.572
300.579
300.586
300.593
300.6
300.607
300.614
300.621
300.628
300.635
300.643
300.65
300.657
300.665
300.672
300.68
300.687
300.695
300.703
300.711
300.718
300.726
300.734
300.742
300.75
300.758
300.766
300.774
300.782
300.79
300.798
300.806
300.814
300.822
300.83
300.839
300.847
300.855
300.863
300.871
300.879
300.887
300.895
300.903
300.911
300.919
300.926
300.934
300.942
300.949
300.957
300.964
300.972
300.979
300.986
300.993
301
301.007
301.013
301.02
301.026
301.033
301.039
301.045
301.051
301.056
301.062
301.067
301.072
301.077
301.082
301.086
301.09
301.094
301.098
301.102
301.105
301.108
301.111
301.114
301.116
301.118
301.119
301.121
301.122
301.122
301.123
301.123
301.122
301.121
301.12
301.118
301.116
301.114
301.111
301.107
301.103
301.098
301.093
301.088
301.081
301.074
301.066
301.058
301.049
301.039
301.029
301.017
301.005
300.992
300.979
300.964
303.453
302.805
302.342
301.975
301.672
301.417
301.201
301.015
300.856
300.719
300.601
300.5
300.414
300.341
300.279
300.227
300.183
300.146
300.116
300.092
300.072
300.056
300.043
300.033
300.025
300.018
300.014
300.01
300.007
300.005
300.004
300.002
300.002
300.001
300.001
300
300
300
300
300
300
300
300
300
300
300
300
300
300
300
300
303.45
302.805
302.341
301.974
301.672
301.417
301.201
301.015
300.856
300.719
300.601
300.5
300.414
300.341
300.279
300.227
300.183
300.146
300.116
300.092
300.072
300.056
300.043
300.033
300.025
300.018
300.014
300.01
300.007
300.005
300.004
300.002
300.002
300.001
300.001
300
300
300
300
300
300
300
300
300
300
300
300
300
300
300
300
303.445
302.804
302.341
301.974
301.672
301.417
301.201
301.015
300.856
300.719
300.601
300.5
300.414
300.341
300.279
300.227
300.183
300.146
300.116
300.092
300.072
300.056
300.043
300.033
300.025
300.018
300.014
300.01
300.007
300.005
300.004
300.002
300.002
300.001
300.001
300
300
300
300
300
300
300
300
300
300
300
300
300
300
300
300
303.438
302.802
302.34
301.974
301.672
301.417
301.201
301.015
300.856
300.719
300.601
300.501
300.414
300.341
300.279
300.227
300.183
300.146
300.116
300.092
300.072
300.056
300.043
300.033
300.025
300.018
300.014
300.01
300.007
300.005
300.004
300.002
300.002
300.001
300.001
300
300
300
300
300
300
300
300
300
300
300
300
300
300
300
300
303.427
302.799
302.339
301.973
301.671
301.417
301.201
301.015
300.856
300.719
300.601
300.501
300.415
300.341
300.279
300.227
300.183
300.147
300.117
300.092
300.072
300.056
300.043
300.033
300.025
300.018
300.014
300.01
300.007
300.005
300.004
300.002
300.002
300.001
300.001
300
300
300
300
300
300
300
300
300
300
300
300
300
300
300
300
303.414
302.795
302.337
301.973
301.671
301.417
301.201
301.015
300.856
300.719
300.602
300.501
300.415
300.341
300.279
300.227
300.183
300.147
300.117
300.092
300.072
300.056
300.043
300.033
300.025
300.018
300.014
300.01
300.007
300.005
300.004
300.002
300.002
300.001
300.001
300
300
300
300
300
300
300
300
300
300
300
300
300
300
300
300
303.398
302.791
302.336
301.972
301.671
301.417
301.201
301.015
300.856
300.719
300.602
300.501
300.415
300.342
300.279
300.227
300.183
300.147
300.117
300.092
300.072
300.056
300.043
300.033
300.025
300.018
300.014
300.01
300.007
300.005
300.004
300.002
300.002
300.001
300.001
300
300
300
300
300
300
300
300
300
300
300
300
300
300
300
300
303.379
302.784
302.333
301.971
301.67
301.417
301.201
301.016
300.856
300.72
300.602
300.501
300.415
300.342
300.28
300.227
300.183
300.147
300.117
300.092
300.072
300.056
300.043
300.033
300.025
300.019
300.014
300.01
300.007
300.005
300.004
300.002
300.002
300.001
300.001
300
300
300
300
300
300
300
300
300
300
300
300
300
300
300
300
303.357
302.777
302.33
301.969
301.669
301.416
301.201
301.016
300.857
300.72
300.602
300.502
300.415
300.342
300.28
300.227
300.184
300.147
300.117
300.092
300.072
300.056
300.043
300.033
300.025
300.019
300.014
300.01
300.007
300.005
300.004
300.002
300.002
300.001
300.001
300
300
300
300
300
300
300
300
300
300
300
300
300
300
300
300
303.332
302.768
302.326
301.967
301.669
301.416
301.201
301.016
300.857
300.72
300.603
300.502
300.416
300.342
300.28
300.228
300.184
300.147
300.117
300.092
300.072
300.056
300.043
300.033
300.025
300.019
300.014
300.01
300.007
300.005
300.004
300.002
300.002
300.001
300.001
300
300
300
300
300
300
300
300
300
300
300
300
300
300
300
300
303.304
302.757
302.321
301.965
301.667
301.416
301.2
301.016
300.857
300.721
300.603
300.502
300.416
300.343
300.28
300.228
300.184
300.148
300.117
300.093
300.072
300.056
300.043
300.033
300.025
300.019
300.014
300.01
300.007
300.005
300.004
300.002
300.002
300.001
300.001
300
300
300
300
300
300
300
300
300
300
300
300
300
300
300
300
303.272
302.744
302.315
301.962
301.666
301.415
301.2
301.016
300.857
300.721
300.603
300.503
300.416
300.343
300.281
300.228
300.184
300.148
300.118
300.093
300.073
300.056
300.043
300.033
300.025
300.019
300.014
300.01
300.007
300.005
300.004
300.002
300.002
300.001
300.001
300
300
300
300
300
300
300
300
300
300
300
300
300
300
300
300
303.237
302.728
302.307
301.958
301.664
301.414
301.2
301.016
300.857
300.721
300.604
300.503
300.417
300.343
300.281
300.229
300.185
300.148
300.118
300.093
300.073
300.056
300.043
300.033
300.025
300.019
300.014
300.01
300.007
300.005
300.004
300.002
300.002
300.001
300.001
300
300
300
300
300
300
300
300
300
300
300
300
300
300
300
300
303.198
302.71
302.298
301.953
301.661
301.412
301.199
301.015
300.857
300.721
300.604
300.503
300.417
300.344
300.281
300.229
300.185
300.148
300.118
300.093
300.073
300.057
300.044
300.033
300.025
300.019
300.014
300.01
300.007
300.005
300.004
300.002
300.002
300.001
300.001
300
300
300
300
300
300
300
300
300
300
300
300
300
300
300
300
303.156
302.688
302.286
301.946
301.657
301.41
301.198
301.015
300.857
300.721
300.604
300.503
300.417
300.344
300.282
300.229
300.185
300.148
300.118
300.093
300.073
300.057
300.044
300.033
300.025
300.019
300.014
300.01
300.007
300.005
300.004
300.002
300.002
300.001
300.001
300
300
300
300
300
300
300
300
300
300
300
300
300
300
300
300
303.109
302.664
302.273
301.938
301.653
301.407
301.196
301.014
300.857
300.721
300.604
300.503
300.417
300.344
300.282
300.229
300.185
300.149
300.118
300.093
300.073
300.057
300.044
300.033
300.025
300.019
300.014
300.01
300.007
300.005
300.004
300.002
300.002
300.001
300.001
300
300
300
300
300
300
300
300
300
300
300
300
300
300
300
300
303.059
302.635
302.257
301.929
301.647
301.404
301.194
301.012
300.856
300.72
300.604
300.503
300.417
300.344
300.282
300.229
300.185
300.149
300.118
300.094
300.073
300.057
300.044
300.033
300.025
300.019
300.014
300.01
300.007
300.005
300.004
300.003
300.002
300.001
300.001
300
300
300
300
300
300
300
300
300
300
300
300
300
300
300
300
303.005
302.603
302.237
301.917
301.639
301.399
301.191
301.01
300.854
300.719
300.603
300.503
300.417
300.344
300.282
300.23
300.186
300.149
300.119
300.094
300.073
300.057
300.044
300.034
300.025
300.019
300.014
300.01
300.007
300.005
300.004
300.003
300.002
300.001
300.001
300
300
300
300
300
300
300
300
300
300
300
300
300
300
300
300
302.947
302.566
302.214
301.902
301.63
301.392
301.186
301.007
300.852
300.718
300.602
300.502
300.417
300.344
300.282
300.229
300.186
300.149
300.119
300.094
300.074
300.057
300.044
300.034
300.025
300.019
300.014
300.01
300.007
300.005
300.004
300.003
300.002
300.001
300.001
300
300
300
300
300
300
300
300
300
300
300
300
300
300
300
300
302.884
302.525
302.188
301.885
301.618
301.385
301.181
301.004
300.85
300.716
300.601
300.502
300.416
300.343
300.282
300.229
300.185
300.149
300.119
300.094
300.074
300.057
300.044
300.034
300.025
300.019
300.014
300.01
300.007
300.005
300.004
300.003
300.002
300.001
300.001
300
300
300
300
300
300
300
300
300
300
300
300
300
300
300
300
302.816
302.479
302.157
301.864
301.604
301.375
301.174
300.999
300.846
300.714
300.599
300.5
300.415
300.343
300.281
300.229
300.185
300.149
300.119
300.094
300.074
300.057
300.044
300.034
300.025
300.019
300.014
300.01
300.008
300.005
300.004
300.003
300.002
300.001
300.001
300
300
300
300
300
300
300
300
300
300
300
300
300
300
300
300
302.743
302.427
302.121
301.84
301.587
301.363
301.165
300.992
300.842
300.71
300.597
300.498
300.414
300.342
300.28
300.228
300.185
300.148
300.118
300.094
300.073
300.057
300.044
300.034
300.026
300.019
300.014
300.01
300.008
300.005
300.004
300.003
300.002
300.001
300.001
300
300
300
300
300
300
300
300
300
300
300
300
300
300
300
300
302.666
302.371
302.081
301.811
301.567
301.348
301.155
300.985
300.836
300.706
300.593
300.496
300.412
300.34
300.279
300.228
300.184
300.148
300.118
300.093
300.073
300.057
300.044
300.034
300.025
300.019
300.014
300.01
300.008
300.005
300.004
300.003
300.002
300.001
300.001
300
300
300
300
300
300
300
300
300
300
300
300
300
300
300
300
302.583
302.309
302.036
301.778
301.543
301.331
301.142
300.975
300.829
300.701
300.589
300.493
300.41
300.339
300.278
300.227
300.184
300.148
300.118
300.093
300.073
300.057
300.044
300.034
300.025
300.019
300.014
300.01
300.008
300.005
300.004
300.003
300.002
300.001
300.001
300
300
300
300
300
300
300
300
300
300
300
300
300
300
300
300
302.496
302.241
301.985
301.741
301.515
301.31
301.126
300.963
300.82
300.694
300.584
300.489
300.407
300.336
300.276
300.225
300.182
300.147
300.117
300.093
300.073
300.057
300.044
300.033
300.025
300.019
300.014
300.01
300.007
300.005
300.004
300.003
300.002
300.001
300.001
300
300
300
300
300
300
300
300
300
300
300
300
300
300
300
300
302.403
302.168
301.928
301.698
301.483
301.286
301.108
300.949
300.809
300.686
300.578
300.484
300.403
300.333
300.274
300.224
300.181
300.146
300.116
300.092
300.072
300.056
300.044
300.033
300.025
300.019
300.014
300.01
300.007
300.005
300.004
300.003
300.002
300.001
300.001
300
300
300
300
300
300
300
300
300
300
300
300
300
300
300
300
302.306
302.089
301.866
301.65
301.446
301.257
301.086
300.933
300.796
300.676
300.57
300.478
300.398
300.33
300.271
300.221
300.179
300.144
300.115
300.091
300.072
300.056
300.043
300.033
300.025
300.019
300.014
300.01
300.007
300.005
300.004
300.003
300.002
300.001
300.001
300
300
300
300
300
300
300
300
300
300
300
300
300
300
300
300
302.203
302.004
301.799
301.597
301.404
301.225
301.061
300.913
300.781
300.664
300.561
300.471
300.393
300.325
300.268
300.219
300.177
300.143
300.114
300.09
300.071
300.055
300.043
300.033
300.025
300.019
300.014
300.01
300.007
300.005
300.004
300.003
300.002
300.001
300.001
300
300
300
300
300
300
300
300
300
300
300
300
300
300
300
300
302.096
301.915
301.726
301.538
301.358
301.189
301.033
300.891
300.764
300.65
300.55
300.462
300.386
300.32
300.264
300.216
300.175
300.141
300.113
300.089
300.07
300.055
300.042
300.032
300.025
300.018
300.014
300.01
300.007
300.005
300.004
300.002
300.002
300.001
300.001
300
300
300
300
300
300
300
300
300
300
300
300
300
300
300
300
301.986
301.82
301.648
301.475
301.307
301.148
301.001
300.866
300.744
300.635
300.538
300.453
300.378
300.314
300.259
300.212
300.172
300.139
300.111
300.088
300.069
300.054
300.042
300.032
300.024
300.018
300.014
300.01
300.007
300.005
300.004
300.002
300.002
300.001
300.001
300
300
300
300
300
300
300
300
300
300
300
300
300
300
300
300
301.871
301.722
301.565
301.407
301.252
301.104
300.965
300.837
300.721
300.617
300.524
300.441
300.37
300.307
300.254
300.208
300.169
300.136
300.109
300.086
300.068
300.053
300.041
300.032
300.024
300.018
300.013
300.01
300.007
300.005
300.004
300.002
300.002
300.001
300.001
300
300
300
300
300
300
300
300
300
300
300
300
300
300
300
300
301.755
301.621
301.479
301.335
301.192
301.055
300.926
300.806
300.696
300.597
300.508
300.429
300.36
300.299
300.247
300.203
300.165
300.133
300.107
300.085
300.067
300.052
300.04
300.031
300.023
300.018
300.013
300.01
300.007
300.005
300.003
300.002
300.002
300.001
300.001
300
300
300
300
300
300
300
300
300
300
300
300
300
300
300
300
301.637
301.517
301.39
301.259
301.13
301.004
300.884
300.772
300.669
300.575
300.49
300.415
300.349
300.291
300.24
300.197
300.161
300.13
300.104
300.083
300.065
300.051
300.039
300.03
300.023
300.017
300.013
300.009
300.007
300.005
300.003
300.002
300.002
300.001
300
300
300
300
300
300
300
300
300
300
300
300
300
300
300
300
300
301.519
301.413
301.299
301.182
301.065
300.95
300.84
300.736
300.639
300.551
300.471
300.4
300.337
300.281
300.233
300.192
300.156
300.126
300.101
300.081
300.064
300.05
300.039
300.03
300.022
300.017
300.013
300.009
300.007
300.005
300.003
300.002
300.001
300.001
300
300
300
300
300
300
300
300
300
300
300
300
300
300
300
300
300
301.404
301.31
301.209
301.104
300.999
300.894
300.794
300.698
300.609
300.526
300.451
300.384
300.324
300.271
300.225
300.185
300.151
300.123
300.098
300.078
300.062
300.048
300.037
300.029
300.022
300.016
300.012
300.009
300.007
300.005
300.003
300.002
300.001
300.001
300
300
300
300
300
300
300
300
300
300
300
300
300
299.999
299.999
299.999
299.999
301.294
301.21
301.121
301.028
300.933
300.839
300.748
300.66
300.578
300.501
300.431
300.368
300.311
300.261
300.217
300.179
300.146
300.119
300.095
300.076
300.06
300.047
300.036
300.028
300.021
300.016
300.012
300.009
300.006
300.005
300.003
300.002
300.001
300.001
300
300
300
300
300
300
300
300
300
300
300
300
299.999
299.999
299.999
299.999
299.999
301.191
301.117
301.038
300.956
300.871
300.786
300.703
300.623
300.547
300.476
300.411
300.351
300.298
300.25
300.209
300.172
300.141
300.115
300.092
300.074
300.058
300.046
300.035
300.027
300.021
300.016
300.012
300.009
300.006
300.004
300.003
300.002
300.001
300.001
300
300
300
300
300
300
300
300
300
300
300
299.999
299.999
299.999
299.999
299.999
299.999
301.098
301.034
300.964
300.89
300.814
300.738
300.662
300.589
300.519
300.453
300.392
300.336
300.286
300.241
300.201
300.166
300.136
300.111
300.089
300.071
300.056
300.044
300.034
300.026
300.02
300.015
300.011
300.008
300.006
300.004
300.003
300.002
300.001
300.001
300
300
300
300
300
300
300
300
300
300
299.999
299.999
299.999
299.999
299.999
299.999
299.999
301.021
300.964
300.901
300.834
300.766
300.696
300.627
300.559
300.494
300.433
300.375
300.323
300.275
300.232
300.194
300.161
300.132
300.107
300.087
300.069
300.055
300.043
300.033
300.026
300.02
300.015
300.011
300.008
300.006
300.004
300.003
300.002
300.001
300.001
300
300
300
300
300
300
300
300
300
300
299.999
299.999
299.999
299.999
299.999
299.999
299.999
300.964
300.911
300.854
300.793
300.729
300.665
300.6
300.537
300.476
300.417
300.363
300.313
300.267
300.225
300.189
300.157
300.129
300.105
300.085
300.068
300.054
300.042
300.033
300.025
300.019
300.014
300.011
300.008
300.006
300.004
300.003
300.002
300.001
300.001
300
300
300
300
300
300
300
300
300
299.999
299.999
299.999
299.999
299.999
299.999
299.999
299.999
300.933
300.882
300.828
300.77
300.709
300.647
300.585
300.524
300.465
300.409
300.356
300.307
300.262
300.222
300.186
300.154
300.127
300.103
300.084
300.067
300.053
300.042
300.032
300.025
300.019
300.014
300.011
300.008
300.006
300.004
300.003
300.002
300.001
300.001
300
300
300
300
300
300
300
300
300
299.999
299.999
299.999
299.999
299.999
299.999
299.999
299.999
)
;

boundaryField
{
    inlet
    {
        type            fixedValue;
        value           uniform 300;
    }
    outlet
    {
        type            zeroGradient;
    }
    top
    {
        type            zeroGradient;
    }
    slip-bottom
    {
        type            zeroGradient;
    }
    bottom
    {
        type            zeroGradient;
    }
    interface
    {
        type            fixedGradient;
        gradient        nonuniform List<scalar> 
161
(
40.9128
40.2813
39.6435
38.9992
38.3483
37.6909
37.0269
36.3561
35.6785
34.9941
34.3028
33.6045
32.8537
32.0711
31.2805
30.4819
29.6753
28.8605
28.0375
27.2061
26.3664
25.5181
24.7079
24.5439
24.3783
24.211
24.042
23.8713
23.6989
23.5247
23.3488
23.1711
23.0063
22.8546
22.7013
22.5465
22.3901
22.2321
22.0725
21.9114
21.7486
21.6291
21.5216
21.413
21.3033
21.1925
21.0806
20.9675
20.8533
20.7592
20.6711
20.5821
20.4923
20.4015
20.3098
20.2172
20.1305
20.0569
19.9825
19.9073
19.8314
19.7548
19.6773
19.6056
19.542
19.4778
19.413
19.3475
19.2813
19.2144
19.1583
19.102
19.0451
18.9876
18.9296
18.871
18.8198
18.7689
18.7176
18.6657
18.6133
18.5617
18.5154
18.4687
18.4215
18.3738
18.3256
18.2819
18.239
18.1957
18.1519
18.1077
18.0666
18.0269
17.9868
17.9463
17.9054
17.8685
17.8325
17.7962
17.7594
17.723
17.6909
17.6583
17.6255
17.5923
17.5622
17.5333
17.5042
17.4747
17.4471
17.4219
17.3965
17.3709
17.3465
17.3243
17.302
17.2795
17.2586
17.2398
17.2208
17.2015
17.1847
17.1687
17.1526
17.1366
17.124
17.1112
17.0983
17.0875
17.0783
17.069
17.0606
17.0564
17.0522
17.048
17.051
17.0547
17.0585
17.0706
17.0856
17.1008
17.1286
17.1627
17.1972
17.2538
17.3204
17.3876
17.4989
17.6215
17.7457
18.0021
18.2611
18.5456
18.8945
19.247
20.8739
23.3216
25.7898
28.1116
30.4569
)
;
    }
    defaultFaces
    {
        type            empty;
    }
}


// ************************************************************************* //
