/*--------------------------------*- C++ -*----------------------------------*\
| =========                 |                                                 |
| \\      /  F ield         | OpenFOAM: The Open Source CFD Toolbox           |
|  \\    /   O peration     | Version:  2112                                  |
|   \\  /    A nd           | Website:  www.openfoam.com                      |
|    \\/     M anipulation  |                                                 |
\*---------------------------------------------------------------------------*/
FoamFile
{
    version     2.0;
    format      ascii;
    arch        "LSB;label=32;scalar=64";
    class       surfaceScalarField;
    location    "0.6";
    object      phi;
}
// * * * * * * * * * * * * * * * * * * * * * * * * * * * * * * * * * * * * * //

dimensions      [0 3 -1 0 0 0 0];

oriented        oriented;

internalField   nonuniform List<scalar> 
3280
(
0.00030251178591
0.000917000418864
0.000201875179977
0.000100636602345
0.000190713127541
1.11620475435e-05
0.000183457486809
7.25564521726e-06
0.000184322989226
-8.65502418783e-07
0.000183689101595
6.33885651444e-07
0.000184149560546
-4.6045811668e-07
0.00018407504605
7.45150616102e-08
0.000184181527648
-1.06482129237e-07
0.000184160045292
2.14823088647e-08
0.000184179145748
-1.9100214578e-08
0.000184172195114
6.95058346601e-09
0.000184175523304
-3.3282675849e-09
0.000184173706625
1.81672597968e-09
0.000184174378149
-6.71499006894e-10
0.000184173974539
4.03584987811e-10
0.000184174130755
-1.56215006509e-10
0.00018417404723
8.35328634605e-11
0.000184174084512
-3.72884692081e-11
0.000184174067098
1.7410804807e-11
0.000184174075657
-8.55953891733e-12
0.000184174071868
3.78639176715e-12
0.000184174073757
-1.88712331629e-12
0.000184174072908
8.48250167944e-13
0.000184174073318
-4.12489603451e-13
0.000184174073126
1.93786177402e-13
0.000184174073215
-8.94315325411e-14
0.000184174073173
3.99717542158e-14
0.000184174073194
-2.06617860358e-14
0.000184174073184
1.16894080969e-14
0.000184174073188
-2.87090928249e-15
0.000184174073187
-5.14289651807e-16
0.000184174073188
9.30215413975e-16
0.000184174073186
2.25532599907e-15
0.000184174073187
-1.93390224433e-15
0.000184174073187
6.85621847771e-16
0.000184174073187
2.27814630092e-15
0.000184174073187
1.83543033352e-15
0.000184174073186
-9.04162729696e-16
0.000184174073185
-3.49467190953e-15
-6.64746326784e-16
0.000680514169325
0.00145599844802
0.000528406826489
0.000252743948803
0.000487299792709
5.22690746858e-05
0.000473691255719
2.08641846417e-05
0.000472821048195
4.70685066415e-09
0.000472163308843
1.2916231412e-06
0.000472745710567
-1.042859745e-06
0.000472786177411
3.404901693e-08
0.000472942927801
-2.63232830721e-07
0.000472942668231
2.174166402e-08
0.000472967592505
-4.40242823062e-08
0.00047296205899
1.24841334276e-08
0.000472965286152
-6.55551458654e-09
0.000472963286187
3.81670454067e-09
0.000472963805746
-1.19102434764e-09
0.000472963343396
8.65920067939e-10
0.000472963473191
-2.86023070598e-10
0.000472963384073
1.72650961427e-10
0.000472963419595
-7.28149026863e-11
0.000472963402635
3.43696023595e-11
0.00047296341137
-1.72967575236e-11
0.00047296340782
7.33401465406e-12
0.00047296340976
-3.82504711071e-12
0.000472963408952
1.65733485066e-12
0.000472963409362
-8.19185137629e-13
0.000472963409173
3.83866454827e-13
0.00047296340926
-1.75608080257e-13
0.00047296340922
8.42020858116e-14
0.000472963409241
-4.05732581195e-14
0.000472963409231
2.15002536803e-14
0.000472963409235
-7.63960932725e-15
0.000472963409234
2.92751530389e-15
0.000472963409235
-1.49115134035e-15
0.000472963409232
7.3301687444e-16
0.000472963409234
-1.55652251476e-15
0.000472963409233
3.34617614305e-15
0.000472963409233
3.22204161586e-16
0.000472963409233
-1.07139215714e-15
0.000472963409232
-4.33383528619e-15
0.000472963409229
-4.55127185951e-15
-2.22825097358e-15
0.00092670184455
0.00174880879729
0.000779201507737
0.000400244294398
0.000718735359092
0.000112735216661
0.000702147321466
3.74522223822e-05
0.000699004165939
3.14786513574e-06
0.000698516651357
1.77913640998e-06
0.000698982592931
-1.50880187859e-06
0.000699162841013
-1.46198265189e-07
0.000699320653088
-4.21044935657e-07
0.000699351625329
-9.23089620749e-09
0.000699374187801
-6.65866352076e-08
0.000699373435694
1.32363393903e-08
0.000699375160649
-8.28054214238e-09
0.000699373828984
5.14835804134e-09
0.000699373902274
-1.26427762577e-09
0.000699373563842
1.20434275205e-09
0.000699373596176
-3.18378486187e-10
0.000699373538534
2.30299752746e-10
0.000699373555205
-8.9485274458e-11
0.00069937354643
4.31417628363e-11
0.000699373551449
-2.2318546987e-11
0.000699373549835
8.94505294141e-12
0.000699373550975
-4.96672245875e-12
0.000699373550591
2.04007021521e-12
0.000699373550819
-1.04602543037e-12
0.00069937355072
4.85442626937e-13
0.000699373550766
-2.23172968357e-13
0.000699373550746
1.08508075339e-13
0.000699373550757
-5.09656407444e-14
0.000699373550751
2.67520113477e-14
0.000699373550753
-8.55142986186e-15
0.000699373550753
3.62686638878e-15
0.000699373550753
-1.76397970372e-15
0.00069937355075
2.67029376345e-15
0.000699373550752
3.33693940461e-15
0.000699373550751
1.6897204675e-15
0.000699373550751
-1.56901185218e-15
0.00069937355075
-5.95043858912e-16
0.000699373550749
-1.94660483495e-15
0.000699373550747
-7.08744582383e-15
-7.96156265742e-15
0.00109320493401
0.00187511605173
0.000965358026946
0.000528091214599
0.000899455656686
0.000178637580903
0.000881195488859
5.57123881289e-05
0.000876532790148
7.81056722875e-06
0.00087603171454
2.28021142137e-06
0.000876389013055
-1.86610149403e-06
0.000876642067452
-3.99251981336e-07
0.000876799263853
-5.78241100339e-07
0.000876849532551
-5.94999465399e-08
0.000876871286451
-8.83405160678e-08
0.000876873717539
1.08054021264e-08
0.000876874673528
-9.23658205285e-09
0.000876873784504
6.03734069417e-09
0.000876873600309
-1.08004519763e-09
0.000876873336668
1.4679911741e-09
0.000876873309535
-2.91262244494e-10
0.00087687326994
2.69888831844e-10
0.000876873274914
-9.4455108713e-11
0.00087687327089
4.71637638707e-11
0.000876873273634
-2.50645801296e-11
0.000876873273172
9.40770847762e-12
0.000876873273832
-5.63065368872e-12
0.000876873273704
2.16771493827e-12
0.000876873273824
-1.16751361488e-12
0.000876873273779
5.24909784652e-13
0.000876873273801
-2.41012925345e-13
0.000876873273792
1.23605155406e-13
0.000876873273799
-4.86475900468e-14
0.000876873273795
2.93927843061e-14
0.000876873273796
-1.28927283644e-14
0.000876873273796
3.46988759674e-15
0.000876873273796
-1.46633441197e-15
0.000876873273793
1.39275336795e-16
0.000876873273795
2.31627646603e-15
0.000876873273794
1.40579315322e-15
0.000876873273793
1.13202871221e-16
0.000876873273793
-1.59588952911e-15
0.000876873273791
-6.0313509918e-15
0.000876873273789
-3.76106394688e-15
-9.49985576474e-15
0.00120381208993
0.0018908161464
0.00110245758897
0.000629445731565
0.00103977727341
0.000241317891633
0.00102132931441
7.41603433555e-05
0.00101582899768
1.33108874196e-05
0.00101525178286
2.85742638594e-06
0.00101550432049
-2.11864052982e-06
0.001015784728
-6.79659017889e-07
0.00101593598767
-7.2950033003e-07
0.0010159967382
-1.20250814505e-07
0.00101601786595
-1.09468346398e-07
0.00101602237346
6.29805933322e-09
0.00101602294848
-9.81161628028e-09
0.0010160223818
6.60396344339e-09
0.00101602205757
-7.55788995731e-10
0.00101602184639
1.67918511477e-09
0.00101602178381
-2.28698651335e-10
0.00101602175543
2.98262287364e-10
0.00101602175298
-9.1998417468e-11
0.00101602175178
4.8371689137e-11
0.00101602175305
-2.63418860155e-11
0.00101602175328
9.17260529218e-12
0.00101602175364
-5.98774836961e-12
0.00101602175367
2.13978095342e-12
0.00101602175372
-1.21896199318e-12
0.00101602175371
5.29411093861e-13
0.00101602175371
-2.44874778416e-13
0.00101602175371
1.30604076018e-13
0.00101602175372
-4.81926072246e-14
0.00101602175371
2.83129730626e-14
0.00101602175371
-1.5336674649e-14
0.00101602175371
2.49947758789e-15
0.00101602175371
-1.55556121332e-16
0.00101602175371
-1.31492588384e-15
0.00101602175371
6.19969864977e-15
0.00101602175371
1.24808589147e-15
0.00101602175371
7.1001731074e-16
0.00101602175371
-3.79514827744e-15
0.00101602175371
-6.10268356549e-15
0.00101602175371
-4.33099571041e-15
-1.11851365612e-14
0.00127539470675
0.00183493362115
0.00120239580713
0.00070244464883
0.0011481420348
0.000295571660724
0.00113083079412
9.14715790008e-05
0.00112508861271
1.90530719437e-05
0.00112443712311
3.5089168389e-06
0.0011245919486
-2.27346752816e-06
0.00112486789037
-9.55600598272e-07
0.00112500718143
-8.68790802558e-07
0.00112507149743
-1.84567068763e-07
0.00112509157098
-1.29542062462e-07
0.00112509729164
5.7756721161e-10
0.00112509769226
-1.02122161804e-08
0.00112509737261
6.92354050691e-09
0.00112509698713
-3.70294343696e-10
0.00112509681808
1.84825460787e-09
0.00112509673678
-1.47411377872e-10
0.00112509671599
3.1903762215e-10
0.00112509670899
-8.49804979614e-11
0.00112509670943
4.79406400244e-11
0.00112509670973
-2.66456270635e-11
0.00112509671035
8.54961502968e-12
0.00112509671051
-6.1448704361e-12
0.00112509671063
2.01751209539e-12
0.00112509671064
-1.23487001967e-12
0.00112509671066
5.20087561857e-13
0.00112509671065
-2.4504220556e-13
0.00112509671066
1.32297704737e-13
0.00112509671066
-5.05785602555e-14
0.00112509671065
2.97221393233e-14
0.00112509671065
-1.25690700844e-14
0.00112509671066
7.36148413241e-16
0.00112509671066
2.34249151154e-15
0.00112509671065
-4.06156165471e-15
0.00112509671065
1.0727901627e-14
0.00112509671065
2.71058385074e-15
0.00112509671065
1.33408074947e-15
0.00112509671065
-3.54271827322e-15
0.00112509671065
-3.53965998598e-15
0.00112509671065
-7.32438534741e-15
-3.67096331624e-15
0.00132001062168
0.00173443517931
0.00127434211607
0.000748113172474
0.00123134861279
0.000338565162542
0.00121624094124
0.000106579244768
0.00121075059213
2.4543423529e-05
0.00121006193047
4.19757996059e-06
0.00121012915555
-2.3406940392e-06
0.00121037877067
-1.20521583127e-06
0.00121050031358
-9.90333077008e-07
0.00121056274401
-2.46997649513e-07
0.00121058103718
-1.47835452667e-07
0.00121058727797
-5.66308343574e-09
0.00121058759725
-1.05314373951e-08
0.00121058747483
7.045894528e-09
0.00121058708094
2.3592770542e-11
0.00121058695039
1.9788354928e-09
0.00121058686223
-5.92746772231e-11
0.00121058684732
3.33942582013e-10
0.00121058683772
-7.53677037518e-11
0.0012105868391
4.65553645997e-11
0.00121058683875
-2.62927346872e-11
0.00121058683957
7.71405387582e-12
0.0012105868396
-6.17053688371e-12
0.00121058683977
1.84332935629e-12
0.00121058683975
-1.22162506967e-12
0.00121058683978
4.88828832746e-13
0.00121058683977
-2.32877501162e-13
0.00121058683978
1.29253656406e-13
0.00121058683977
-4.68063319512e-14
0.00121058683977
2.70914069995e-14
0.00121058683977
-5.96284350068e-15
0.00121058683978
1.94425599437e-15
0.00121058683977
2.45813278448e-15
0.00121058683977
-2.55730965563e-15
0.00121058683977
1.00629169048e-14
0.00121058683977
3.48402129459e-15
0.00121058683977
2.54096416703e-15
0.00121058683977
-1.59181015851e-15
0.00121058683977
-3.45432300409e-15
0.00121058683977
-1.0615385366e-14
-2.17726274632e-15
0.00134618853288
0.00160775882457
0.00132536615366
0.000768935569085
0.00129484400646
0.000369087310079
0.00128272355111
0.000118699694025
0.00127787327756
2.93936987329e-05
0.00127720058405
4.8702753852e-06
0.00127719228323
-2.3323944291e-06
0.00127740114152
-1.41407450688e-06
0.00127749989176
-1.08908268457e-06
0.00127755619308
-3.03298999231e-07
0.00127757187219
-1.63514815409e-07
0.00127757807423
-1.18650318648e-08
0.00127757833473
-1.0791851931e-08
0.00127757837513
7.00543109696e-09
0.00127757800747
3.91233034715e-10
0.0012775779154
2.07093548565e-09
0.00127757782882
2.72985470369e-11
0.00127757781921
3.43536056778e-10
0.00127757780836
-6.45070865005e-11
0.0012775778103
4.46182034385e-11
0.00127757780948
-2.54727132889e-11
0.00127757781039
6.80039628006e-12
0.00127757781031
-6.09279941647e-12
0.00127757781051
1.64085679938e-12
0.00127757781047
-1.18773036295e-12
0.00127757781051
4.49109935195e-13
0.00127757781049
-2.20351505007e-13
0.0012775778105
1.22762205107e-13
0.0012775778105
-4.30424764526e-14
0.0012775778105
2.29221827936e-14
0.0012775778105
-6.67661531466e-15
0.0012775778105
6.4335212785e-15
0.0012775778105
-2.27170560957e-15
0.0012775778105
-5.65481972343e-15
0.0012775778105
2.66255847602e-15
0.0012775778105
-1.88397092668e-15
0.0012775778105
5.91345176633e-15
0.0012775778105
-3.54397753064e-15
0.00127757781049
-6.25246667489e-15
0.00127757781049
-1.00457310135e-14
5.64925437816e-15
0.00135993283865
0.00146733816386
0.0013608814102
0.000767987013338
0.00134297469477
0.000386994027527
0.00133435305995
0.000127321322907
0.00133043039708
3.33163623408e-05
0.00132982973306
5.47094158887e-06
0.00132975891033
-2.26157258088e-06
0.00132991806485
-1.57322965134e-06
0.0013299899988
-1.161016079e-06
0.00133003693903
-3.50239136185e-07
0.00133004919789
-1.75773943595e-07
0.00133005491183
-1.75789297521e-08
0.00133005509633
-1.09762469461e-08
0.00133005527374
6.82798586276e-09
0.00133005495443
7.10509626755e-10
0.00133005490239
2.12300574952e-09
0.00133005482334
1.06342574206e-10
0.00133005481907
3.47793351769e-10
0.00133005480792
-5.33558619913e-11
0.00133005481022
4.23226108371e-11
0.00133005480905
-2.43116648074e-11
0.00133005480997
5.87758158692e-12
0.00133005480981
-5.93038463115e-12
0.00133005481001
1.43250569717e-12
0.00133005480997
-1.14076306255e-12
0.00133005481
4.05892269439e-13
0.00133005480999
-2.06874331403e-13
0.00133005480999
1.13063464711e-13
0.00133005480999
-3.62602429209e-14
0.00133005480999
1.82662509595e-14
0.00133005480999
-7.59343783299e-15
0.00133005481
1.39433235053e-14
0.00133005480999
-1.35406445907e-15
0.00133005480999
-6.36537478772e-15
0.00133005480999
-2.04285362092e-16
0.00133005480999
-3.75600168268e-15
0.00133005480999
9.70841072959e-15
0.00133005480999
-4.25209976279e-15
0.00133005480999
-6.06212699531e-15
0.00133005480999
-8.82678352998e-15
6.12503587367e-15
0.00136546588287
0.00132138445976
0.00138500770079
0.00074844520886
0.00137919228899
0.000392809442779
0.00137434205789
0.000132171548581
0.0013715427152
3.61157048578e-05
0.00137106490669
5.94875236511e-06
0.00137094454685
-2.14121323591e-06
0.00137104911176
-1.67779535114e-06
0.00137109135079
-1.20325467327e-06
0.00137112656974
-3.85457883e-07
0.00137113471551
-1.83919966081e-07
0.00137113958709
-2.24505237418e-08
0.00137113965975
-1.10487896477e-08
0.00137113995307
6.53464141228e-09
0.00137113969558
9.67957066401e-10
0.00137113968532
2.13329531428e-09
0.00137113961798
1.73677084374e-10
0.00137113961934
3.46419860973e-10
0.00137113960856
-4.25735138955e-11
0.00137113961111
3.97677751558e-11
0.00137113960968
-2.28822445368e-11
0.00137113961056
4.99293684558e-12
0.00137113961032
-5.69290689616e-12
0.00137113961053
1.22934591219e-12
0.00137113961047
-1.08168888489e-12
0.00137113961051
3.62218239109e-13
0.00137113961049
-1.90799709563e-13
0.0013711396105
9.89238633792e-14
0.0013711396105
-2.77703117625e-14
0.0013711396105
1.46873828285e-14
0.0013711396105
-6.6988614705e-15
0.0013711396105
1.79652294702e-14
0.0013711396105
-4.71599415988e-16
0.0013711396105
-9.1831934438e-15
0.0013711396105
-1.44205475115e-15
0.0013711396105
-5.04233035203e-15
0.00137113961049
5.85424480847e-15
0.00137113961049
-4.60797556601e-15
0.00137113961049
-9.5134511733e-15
0.00137113961049
-9.66872388262e-15
9.90615894035e-15
0.00136574922989
0.00117514741085
0.00140086607159
0.000713328377665
0.00140622473042
0.000387450788502
0.00140522086176
0.000133175412653
0.00140365964419
3.767692144e-05
0.0014033457571
6.26264162152e-06
0.00140318804056
-1.9834967929e-06
0.00140323617882
-1.72593448908e-06
0.00140324700497
-1.21408053737e-06
0.00140326891479
-4.0736741258e-07
0.00140327241764
-1.87423020405e-07
0.00140327617994
-2.62128806341e-08
0.00140327609991
-1.09686439947e-08
0.00140327649093
6.14362110792e-09
0.00140327630253
1.15631332584e-09
0.00140327633529
2.10055142637e-09
0.00140327628246
2.26519991873e-10
0.00140327628977
3.3910586495e-10
0.00140327627983
-3.26372118479e-11
0.00140327628261
3.69854443394e-11
0.00140327628096
-2.12326865732e-11
0.00140327628178
4.1711612037e-12
0.00140327628148
-5.39192229952e-12
0.00140327628167
1.0325067082e-12
0.0014032762816
-1.01184166419e-12
0.00140327628164
3.22765447431e-13
0.00140327628162
-1.74536870975e-13
0.00140327628163
9.22792188652e-14
0.00140327628163
-2.37559240855e-14
0.00140327628163
1.55978182092e-14
0.00140327628163
-2.20829497685e-15
0.00140327628163
1.88152457156e-14
0.00140327628163
8.55562310659e-16
0.00140327628163
-7.44973540784e-15
0.00140327628163
-4.6279968799e-15
0.00140327628163
-8.23316429236e-15
0.00140327628163
-1.61314109547e-15
0.00140327628162
-5.04934532205e-15
0.00140327628162
-1.23435147332e-14
0.00140327628162
-6.55984325205e-15
4.69285982133e-15
0.00136284997028
0.00103180962355
0.00141081105371
0.000665367301408
0.00142621842047
0.000372043427037
0.00142897935253
0.000130414477076
0.00142870176364
3.79545086656e-05
0.00142858099701
6.3834101737e-06
0.00142839674409
-1.79924360544e-06
0.00142838894012
-1.71813139792e-06
0.00142836775284
-1.19289314712e-06
0.00142837546112
-4.15075346124e-07
0.00142837398022
-1.85942263101e-07
0.00142837644884
-2.86815991813e-08
0.00142837617889
-1.0698602766e-08
0.00142837665142
5.67111487104e-09
0.00142837653486
1.27283149279e-09
0.00142837661101
2.02440211556e-09
0.00142837657436
2.6318839881e-10
0.00142837658785
3.25600762811e-10
0.00142837657907
-2.386468902e-11
0.00142837658208
3.39768791799e-11
0.00142837658026
-1.9405478653e-11
0.001428376581
3.42764690651e-12
0.00142837658063
-5.02062338473e-12
0.0014283765808
8.5385011185e-13
0.00142837658073
-9.30463129604e-13
0.00142837658077
2.8551440429e-13
0.00142837658075
-1.59452427349e-13
0.00142837658076
8.44975507937e-14
0.00142837658076
-2.03767378486e-14
0.00142837658076
1.68998293031e-14
0.00142837658076
-5.32595742436e-15
0.00142837658076
1.46079464526e-14
0.00142837658076
3.96203773537e-15
0.00142837658076
-7.74376054037e-15
0.00142837658076
-4.90821404799e-15
0.00142837658075
-1.00890936174e-14
0.00142837658075
-7.25812342407e-15
0.00142837658075
-7.02957887521e-15
0.00142837658075
-1.15053251901e-14
0.00142837658075
-4.53938677431e-15
2.45642816288e-15
0.00135820131413
0.00089312049547
0.00141661101947
0.000606957599741
0.00144085465302
0.00034779979912
0.00144717903396
0.000124090093798
0.00144817261131
3.69609291637e-05
0.00144826174534
6.29427769421e-06
0.00144806008889
-1.59758656203e-06
0.00144799861774
-1.65666107432e-06
0.00144794586026
-1.14013571676e-06
0.00144793910441
-4.08319130636e-07
0.0014479324982
-1.79336120183e-07
0.00144793356726
-2.97507923368e-08
0.00144793307907
-1.0210334846e-08
0.00144793361864
5.13158489146e-09
0.00144793357324
1.31819638394e-09
0.00144793369208
1.90555680503e-09
0.00144793367233
2.82954662151e-10
0.0014479336921
3.05831684658e-10
0.00144793368467
-1.64441983738e-11
0.00144793368791
3.07373037253e-11
0.00144793368594
-1.74351184286e-11
0.0014479336866
2.77448299345e-12
0.00144793368617
-4.59011504746e-12
0.00144793368632
6.9823656788e-13
0.00144793368624
-8.46962314157e-13
0.00144793368628
2.46652368519e-13
0.00144793368626
-1.42137939883e-13
0.00144793368627
7.46974166916e-14
0.00144793368627
-1.78954545618e-14
0.00144793368627
1.59329991635e-14
0.00144793368627
-2.54826426502e-15
0.00144793368627
9.13192394148e-15
0.00144793368627
3.51800574555e-15
0.00144793368627
-7.96715628335e-15
0.00144793368627
-4.70035918881e-15
0.00144793368627
-6.79280462078e-15
0.00144793368626
-8.73710357648e-15
0.00144793368626
-7.367385799e-15
0.00144793368626
-4.31313550743e-15
0.00144793368626
-2.00220795925e-15
7.43253857745e-16
0.00135278878301
0.000759843901959
0.00141958755118
0.000540158831766
0.00145144386841
0.000315943487506
0.00146104143106
0.000114492530049
0.00146324622461
3.47561331473e-05
0.00146355004414
5.9904592758e-06
0.00146333829337
-1.38583494036e-06
0.00146322682764
-1.54519604477e-06
0.00146314389706
-1.05720533855e-06
0.00146312298375
-3.87405477816e-07
0.00146311130914
-1.67661525265e-07
0.00146311094693
-2.93887210111e-08
0.00146311022402
-9.48737253707e-09
0.0014631108178
4.53786067239e-09
0.00146311084023
1.29572288651e-09
0.00146311099994
1.74583463743e-09
0.00146311099701
2.85900979683e-10
0.00146311102295
2.79903855616e-10
0.00146311101696
-1.0468100633e-11
0.00146311102044
2.72637220625e-11
0.00146311101834
-1.53376485955e-11
0.00146311101891
2.20931466356e-12
0.00146311101843
-4.10630861117e-12
0.00146311101857
5.58204843658e-13
0.00146311101847
-7.53259912902e-13
0.00146311101851
2.13538919062e-13
0.00146311101849
-1.26389716939e-13
0.0014631110185
6.75206603609e-14
0.0014631110185
-1.49252417961e-14
0.0014631110185
1.38595851818e-14
0.0014631110185
-3.25397225221e-15
0.0014631110185
6.21417524042e-15
0.0014631110185
3.97484603104e-16
0.0014631110185
-1.00134753277e-14
0.0014631110185
-4.34438794924e-15
0.0014631110185
-4.28186408724e-15
0.0014631110185
-7.99402322877e-15
0.0014631110185
-6.91353236549e-15
0.0014631110185
-1.64857389151e-15
0.0014631110185
8.10517805054e-18
3.38437669901e-15
0.00134728316569
0.000632072929845
0.00142072261397
0.000466719380438
0.00145900125678
0.000277664849929
0.00147151765104
0.000101976135904
0.00147483554597
3.14382356405e-05
0.00147534784766
5.47815822781e-06
0.00147513149854
-1.16948481218e-06
0.0014749748117
-1.3885097337e-06
0.0014748639599
-9.46353858483e-07
0.00147482970572
-3.53151000623e-07
0.00147481320932
-1.51165062454e-07
0.00147481145309
-2.76326425835e-08
0.00147481049216
-8.52641549402e-09
0.00147481112889
3.9011957732e-09
0.00147481121376
1.21082910998e-09
0.00147481141141
1.54816131544e-09
0.00147481142452
2.72813347903e-10
0.0014748114563
2.48122390686e-10
0.00147481145176
-5.93634038134e-12
0.00147481145547
2.35573869818e-11
0.00147481145327
-1.31428700122e-11
0.00147481145376
1.71653052594e-12
0.00147481145323
-3.56730190608e-12
0.00147481145335
4.36760436941e-13
0.00147481145325
-6.50766501486e-13
0.00147481145328
1.77611954755e-13
0.00147481145326
-1.06174043326e-13
0.00147481145327
6.01459969981e-14
0.00147481145327
-1.13272035683e-14
0.00147481145327
1.23140874935e-14
0.00147481145327
2.1600460274e-15
0.00147481145327
2.54233185831e-15
0.00147481145327
3.46057230314e-16
0.00147481145327
-7.71523199822e-15
0.00147481145327
1.41989416991e-17
0.00147481145327
2.15940986527e-15
0.00147481145327
-2.97889717159e-15
0.00147481145327
-6.25997086122e-15
0.00147481145327
2.20908749052e-15
0.00147481145327
3.58375155094e-15
-3.47778415765e-15
0.00134213529797
0.000509449828436
0.00142074039775
0.000388114274751
0.00146430681201
0.000234098440251
0.00147934286149
8.69400876383e-05
0.00148364565056
2.71354440682e-05
0.00148435057175
4.77323720678e-06
0.00148413342336
-9.52335341221e-07
0.00148393715978
-1.19224649641e-06
0.00148380138872
-8.1058319896e-07
0.00148375505995
-3.06821998124e-07
0.00148373416302
-1.30268022046e-07
0.00148373111282
-2.45825760168e-08
0.00148372992381
-7.33741982007e-09
0.00148373059377
3.23130236677e-09
0.00148373073403
1.0705571829e-09
0.00148373096568
1.31649368328e-09
0.00148373099342
2.45091800054e-10
0.00148373103054
2.11016923478e-10
0.00148373102736
-2.76031028389e-12
0.00148373103129
1.96242659249e-11
0.00148373102901
-1.08615144672e-11
0.00148373102943
1.29526289436e-12
0.00148373102885
-2.98905001228e-12
0.00148373102895
3.34321488895e-13
0.00148373102884
-5.35293523933e-13
0.00148373102888
1.42551508809e-13
0.00148373102886
-8.60039786442e-14
0.00148373102887
5.23818056621e-14
0.00148373102887
-5.56448898974e-15
0.00148373102887
1.16339949842e-14
0.00148373102887
3.12646989004e-15
0.00148373102887
1.82864355775e-15
0.00148373102887
-5.72953211499e-15
0.00148373102887
-4.59252153369e-15
0.00148373102887
6.49757123748e-16
0.00148373102887
3.36652646182e-15
0.00148373102887
1.27700090508e-15
0.00148373102886
-5.01395442889e-15
0.00148373102887
2.6501540034e-15
0.00148373102886
2.00010779748e-15
-4.39476750512e-15
0.00133764346478
0.000391318563413
0.0014201692955
0.000305588435802
0.00146795250324
0.000186315236218
0.00148507865564
6.98139373841e-05
0.00149021490047
2.19991969555e-05
0.00149108840133
3.89973608276e-06
0.00149087274465
-7.36677595251e-07
0.00149064323517
-9.62737166195e-07
0.00149048618819
-6.53536667445e-07
0.00149042943826
-2.50071914846e-07
0.00149040471712
-1.05546730052e-07
0.00149040052834
-2.03939061299e-08
0.00149039913369
-5.94279761199e-09
0.0014903998286
2.53645686934e-09
0.00149040001588
8.83288770407e-10
0.00149040027666
1.05568381567e-09
0.00149040031711
2.04657715754e-10
0.00149040035887
1.69265097352e-10
0.0014904003569
-7.89510412749e-13
0.00149040036103
1.54902153252e-11
0.00149040035868
-8.51846450114e-12
0.00149040035904
9.35335595876e-13
0.00149040035842
-2.36561210943e-12
0.00149040035851
2.4502187268e-13
0.00149040035839
-4.19904922582e-13
0.00149040035843
1.11688970703e-13
0.00149040035841
-6.34446700901e-14
0.00149040035842
4.29119786041e-14
0.00149040035842
-1.78115441525e-15
0.00149040035842
1.3994776905e-14
0.00149040035842
2.78176940098e-15
0.00149040035842
1.21834412964e-15
0.00149040035842
-7.49225494645e-15
0.00149040035842
-4.53287759704e-15
0.00149040035842
1.32744525718e-15
0.00149040035842
1.99195951019e-15
0.00149040035841
-2.43217942484e-15
0.00149040035841
-1.90069333556e-16
0.00149040035841
-1.62522694705e-15
0.00149040035841
2.90078847962e-15
-5.91658752911e-15
0.00133400104065
0.000276829725231
0.00141938826997
0.000220201196559
0.00147037874506
0.000135324763804
0.00148914558283
5.1047102484e-05
0.00149494638645
1.61983914006e-05
0.00149595778348
2.88833840977e-06
0.0014957446372
-5.23530326165e-07
0.00149548874512
-7.06845051912e-07
0.00149531459512
-4.79387126899e-07
0.00149524939941
-1.84876122775e-07
0.00149522156198
-7.77091237929e-08
0.001495216437
-1.52690092059e-08
0.00149521487013
-4.37598069373e-09
0.00149521558299
1.82365087293e-09
0.00149521580787
6.58420789573e-10
0.00149521609216
7.7138071316e-10
0.00149521614294
1.5387813e-10
0.0014952161885
1.23730029232e-10
0.00149521618752
1.82506598364e-13
0.00149521619182
1.11931769784e-11
0.00149521618943
-6.11482148271e-12
0.00149521618973
6.30942796692e-13
0.00149521618908
-1.7184739322e-12
0.00149521618916
1.67518747026e-13
0.00149521618904
-3.01506850091e-13
0.00149521618907
7.72487966484e-14
0.00149521618905
-4.17655167888e-14
0.00149521618906
3.06643392803e-14
0.00149521618906
-2.53061965309e-15
0.00149521618906
1.6440801976e-14
0.00149521618906
-3.8680737544e-16
0.00149521618906
6.89515295871e-16
0.00149521618906
-6.25601326348e-15
0.00149521618906
-7.0836886807e-15
0.00149521618906
5.65096948633e-17
0.00149521618906
3.3413191291e-15
0.00149521618906
-2.80501705376e-15
0.00149521618906
3.80732522884e-15
0.00149521618906
1.94540531838e-16
0.00149521618906
-1.60717640515e-15
1.28339734512e-15
0.00133132976272
0.000165012167598
0.00141866090643
0.000132870041902
0.00147190197124
8.20837005832e-05
0.00149184763765
3.11014394399e-05
0.00149813149877
9.91452878071e-06
0.00149924499425
1.77484198759e-06
0.00149903436919
-3.12904415503e-07
0.00149875935636
-4.3183202459e-07
0.00149857269127
-2.92722470928e-07
0.00149850127902
-1.13463879856e-07
0.00149847113854
-4.75684601078e-08
0.0014984653173
-9.44781252057e-09
0.00149846362067
-2.6794143526e-09
0.00149846434554
1.09881786201e-09
0.00149846459783
4.06158597014e-10
0.00149846489936
4.69835175925e-10
0.00149846495778
9.54574892734e-11
0.00149846500614
7.53928634105e-11
0.00149846500591
4.06434821197e-13
0.00149846501034
6.76558703112e-12
0.00149846500791
-3.68700592644e-12
0.00149846500818
3.58969681022e-13
0.0014984650075
-1.03963406291e-12
0.00149846500757
9.43439481458e-14
0.00149846500744
-1.80903684743e-13
0.00149846500748
4.97883067072e-14
0.00149846500746
-1.94149108411e-14
0.00149846500747
1.93240075902e-14
0.00149846500747
4.01957780487e-15
0.00149846500747
1.80024738638e-14
0.00149846500747
-4.64083146464e-15
0.00149846500747
4.62681040129e-16
0.00149846500747
-8.06371497498e-15
0.00149846500747
-5.03121521372e-15
0.00149846500747
6.70626412873e-16
0.00149846500747
5.41472952852e-16
0.00149846500747
-3.17758897409e-15
0.00149846500746
5.43981442487e-15
0.00149846500746
5.92546063795e-16
0.00149846500746
-2.15706810221e-15
1.07385903413e-15
0.00132970237187
5.48220017475e-05
0.00141815957626
4.44128262167e-05
0.00147273469605
2.75085813062e-05
0.0014933900292
1.04461099064e-05
0.00149996697415
3.33758282575e-06
0.00150114315663
5.98658360173e-07
0.00150093433646
-1.04083587625e-07
0.00150064774207
-1.45237304445e-07
0.00150045344806
-9.84288416582e-08
0.00150037823189
-3.8247790867e-08
0.0015003466784
-1.60147930261e-08
0.00150034042827
-3.19768869364e-09
0.00150033865103
-9.02245445224e-10
0.00150033938277
3.67091573409e-10
0.00150033965172
1.37237485484e-10
0.00150033996379
1.57762110205e-10
0.00150034002688
3.23474130243e-11
0.00150034007696
2.5327536505e-11
0.0015003400772
1.73194990216e-13
0.0015003400817
2.2567429696e-12
0.00150034007925
-1.23419250151e-12
0.0015003400795
1.22695045864e-13
0.00150034007881
-3.47481468278e-13
0.00150034007887
3.02117898285e-14
0.00150034007875
-5.89699247799e-14
0.00150034007878
2.13471604953e-14
0.00150034007876
4.57473265553e-18
0.00150034007877
9.54081844864e-15
0.00150034007877
1.82673823653e-15
0.00150034007877
1.50812054288e-14
0.00150034007877
-3.45329255587e-15
0.00150034007877
-5.01677458496e-16
0.00150034007877
-4.24111555268e-15
0.00150034007877
-5.83976620489e-15
0.00150034007877
2.4197415009e-15
0.00150034007877
-3.05914924734e-16
0.00150034007877
1.03774710957e-15
0.00150034007877
3.55101853765e-15
0.00150034007877
3.98105739144e-15
0.00150034007876
-1.60965794357e-15
3.72428189994e-15
0.00132915623225
-5.48220237818e-05
0.00141798187845
-4.44128309769e-05
0.00147299902429
-2.75085650293e-05
0.00149389124811
-1.04461102792e-05
0.00150056642053
-3.33759009913e-06
0.00150176373411
-5.98656471286e-07
0.00150155556421
1.04086766993e-07
0.00150126509124
1.45236087716e-07
0.00150106823424
9.84278599802e-08
0.00150099173768
3.82486249952e-08
0.00150095970794
1.60151060776e-08
0.00150095331298
3.19730431879e-09
0.00150095150841
9.02258821659e-10
0.00150095224238
-3.66878158537e-10
0.00150095251693
-1.37272226954e-10
0.00150095283253
-1.57850102829e-10
0.00150095289721
-3.23439688441e-11
0.00150095294787
-2.53157308495e-11
0.00150095294826
-2.19507458574e-13
0.00150095295279
-2.27667018727e-12
0.00150095295033
1.22478364995e-12
0.00150095295057
-1.17396546677e-13
0.00150095294988
3.43156819883e-13
0.00150095294994
-3.13903835321e-14
0.00150095294981
6.35817791945e-14
0.00150095294985
-7.88039027657e-15
0.00150095294983
1.58432699519e-14
0.00150095294984
-2.68937659644e-15
0.00150095294983
2.99953802779e-15
0.00150095294984
1.28584314665e-14
0.00150095294984
-2.53729771573e-15
0.00150095294983
-6.85598760799e-16
0.00150095294983
-9.22506559288e-16
0.00150095294983
7.62940803414e-17
0.00150095294983
2.96811577276e-15
0.00150095294983
-1.28971654243e-15
0.00150095294983
-1.41429793529e-15
0.00150095294983
4.50598005724e-15
0.00150095294983
5.4112882374e-15
0.00150095294983
3.02165550229e-16
1.93665465765e-15
0.00132970237248
-0.00016501218954
0.00141815957685
-0.000132870045472
0.00147273469567
-8.20836852202e-05
0.00149339002895
-3.11014401176e-05
0.00149996697437
-9.91453554703e-06
0.0015011431567
-1.77484007328e-06
0.00150093433635
3.12907337389e-07
0.00150064774206
4.31830855894e-07
0.00150045344811
2.92721606839e-07
0.00150037823188
1.13464667354e-07
0.00150034667838
4.75687357321e-08
0.00150034042828
9.44746657034e-09
0.00150033865103
2.6794356968e-09
0.00150033938277
-1.09861670403e-09
0.00150033965172
-4.06195419732e-10
0.00150033996379
-4.69919880722e-10
0.00150034002689
-9.54544867314e-11
0.00150034007696
-7.53846428046e-11
0.0015003400772
-4.47556702627e-13
0.00150034008171
-6.78339283575e-12
0.00150034007925
3.67674582074e-12
0.0015003400795
-3.64962220312e-13
0.00150034007881
1.0343455906e-12
0.00150034007887
-9.78920544056e-14
0.00150034007875
1.84426893384e-13
0.00150034007878
-3.97386073112e-14
0.00150034007876
3.66995406269e-14
0.00150034007877
-1.76136321094e-14
0.00150034007877
6.43182360667e-15
0.00150034007877
9.58558472692e-15
0.00150034007877
-1.19141882398e-15
0.00150034007877
-9.06020332818e-15
0.00150034007877
3.56131127248e-17
0.00150034007877
-1.08821957935e-15
0.00150034007877
-2.79806445054e-15
0.00150034007877
-1.1999034279e-15
0.00150034007877
-3.05822251129e-15
0.00150034007877
1.93854986732e-15
0.00150034007877
8.12708194449e-15
0.00150034007877
5.69291358115e-15
1.49322930457e-15
0.00133132976395
-0.000276829746935
0.00141866090756
-0.000220201197861
0.00147190197049
-0.000135324750215
0.00149184763717
-5.10471037425e-05
0.00149813149921
-1.61983971834e-05
0.00149924499439
-2.88833645287e-06
0.00149903436897
5.23532774099e-07
0.00149875935635
7.06843973303e-07
0.00149857269137
4.7938647556e-07
0.001498501279
1.84876820783e-07
0.0014984711385
7.7709325227e-08
0.00149846531732
1.526872923e-08
0.00149846362068
4.37602296184e-09
0.00149846434553
-1.82348396609e-09
0.00149846459783
-6.58456351173e-10
0.00149846489937
-7.71456177317e-10
0.00149846495778
-1.53883009009e-10
0.00149846500613
-1.23734447215e-10
0.00149846500591
-2.20018459439e-13
0.00149846501034
-1.12140064985e-11
0.00149846500791
6.11183105585e-12
0.00149846500818
-6.38634264632e-13
0.0014984650075
1.70880373899e-12
0.00149846500757
-1.62649669648e-13
0.00149846500745
3.1256054901e-13
0.00149846500748
-7.36604441406e-14
0.00149846500746
5.67358393671e-14
0.00149846500747
-2.65650585473e-14
0.00149846500747
4.76279327025e-15
0.00149846500747
2.72573514956e-15
0.00149846500747
4.50117960113e-15
0.00149846500747
-1.0920387007e-14
0.00149846500747
-3.92413159414e-15
0.00149846500747
-5.02518046113e-16
0.00149846500747
-5.58656460577e-15
0.00149846500747
-6.20489305851e-16
0.00149846500747
-6.82542929975e-15
0.00149846500747
1.53049436046e-15
0.00149846500746
6.50474780536e-15
0.00149846500746
5.29643447156e-15
8.76530456335e-16
0.00133400104254
-0.000391318584645
0.00141938827156
-0.000305588433987
0.00147037874396
-0.00018631522518
0.00148914558216
-6.98139394108e-05
0.00149494638708
-2.1999201333e-05
0.00149595778366
-3.89973410033e-06
0.00149574463689
7.36679371651e-07
0.0014954887451
9.62736223275e-07
0.00149531459526
6.5353630126e-07
0.00149524939938
2.50072488893e-07
0.00149522156192
1.0554683444e-07
0.00149521643702
2.03937207329e-08
0.00149521487015
5.94286150624e-09
0.00149521558298
-2.53634066481e-09
0.00149521580786
-8.8331871184e-10
0.00149521609216
-1.05574401319e-09
0.00149521614294
-2.04668234922e-10
0.00149521618849
-1.69280645366e-10
0.00149521618752
7.55318357799e-13
0.00149521619182
-1.55134637623e-11
0.00149521618943
8.50635931223e-12
0.00149521618973
-9.49464094909e-13
0.00149521618908
2.36030210049e-12
0.00149521618916
-2.43752239859e-13
0.00149521618904
4.25791714746e-13
0.00149521618907
-1.0511992023e-13
0.00149521618905
7.25220085857e-14
0.00149521618906
-3.86196124623e-14
0.00149521618906
6.74334025581e-15
0.00149521618906
-4.59425088693e-15
0.00149521618906
7.0192226497e-15
0.00149521618906
-1.2747147594e-14
0.00149521618906
-2.26610017916e-15
0.00149521618906
-6.08846514525e-15
0.00149521618906
-5.51946128496e-15
0.00149521618906
4.22700058789e-15
0.00149521618906
-8.20546277694e-15
0.00149521618906
3.79647067336e-15
0.00149521618906
7.00624428998e-15
0.00149521618906
8.04703997104e-15
-1.92651439944e-15
0.00133764346736
-0.000509449848834
0.00142016929741
-0.000388114269258
0.00146795250181
-0.000234098432414
0.00148507865485
-8.69400905375e-05
0.00149021490126
-2.71354467184e-05
0.00149108840153
-4.77323523836e-06
0.00149087274426
9.52336313458e-07
0.00149064323515
1.19224574676e-06
0.00149048618835
8.10583168547e-07
0.00149042943823
3.0682240727e-07
0.00149040471705
1.30268016964e-07
0.00149040052837
2.45824917955e-08
0.00149039913371
7.33750173799e-09
0.00149039982858
-3.23124060097e-09
0.00149040001587
-1.07058873896e-09
0.00149040027667
-1.31652592019e-09
0.00149040031711
-2.45108555485e-10
0.00149040035887
-2.11043577106e-10
0.0014904003569
2.72621062124e-12
0.00149040036103
-1.96428321794e-11
0.00149040035868
1.08473504964e-11
0.00149040035904
-1.31570776993e-12
0.00149040035842
2.97528123633e-12
0.00149040035851
-3.36579482695e-13
0.00149040035839
5.3632207039e-13
0.00149040035843
-1.4589090817e-13
0.00149040035841
9.06473280288e-14
0.00149040035842
-4.73969447146e-14
0.00149040035842
7.85648574436e-15
0.00149040035842
-1.23143365602e-14
0.00149040035842
1.07503385183e-14
0.00149040035842
-5.45409799562e-15
0.00149040035842
-3.02259609128e-15
0.00149040035842
-8.68316532006e-15
0.00149040035842
-1.08297543139e-16
0.00149040035842
3.02947583371e-15
0.00149040035842
-1.08269816773e-14
0.00149040035842
3.31791295695e-15
0.00149040035841
8.30557788905e-16
0.00149040035841
6.54353894953e-15
-2.46761222173e-15
0.00134213530128
-0.000632072948907
0.00142074039983
-0.000466719371063
0.00146430681029
-0.000277664845765
0.00147934286066
-0.000101976139651
0.00148364565148
-3.14382363367e-05
0.00148435057195
-5.47815634793e-06
0.00148413342293
1.1694848932e-06
0.00148393715978
1.38850921788e-06
0.0014838013889
9.46354179646e-07
0.00148375505991
3.53151214287e-07
0.00148373416296
1.5116493986e-07
0.00148373111285
2.76326813065e-08
0.00148372992383
8.52652371932e-09
0.00148373059375
-3.90120177383e-09
0.00148373073403
-1.21085576421e-09
0.00148373096569
-1.54817038659e-09
0.00148373099342
-2.72843364225e-10
0.00148373103054
-2.48164551528e-10
0.00148373102736
5.90792605549e-12
0.00148373103129
-2.35738562617e-11
0.00148373102901
1.31213915661e-11
0.00148373102943
-1.73605471243e-12
0.00148373102885
3.55091648495e-12
0.00148373102895
-4.42679618511e-13
0.00148373102884
6.4486198439e-13
0.00148373102888
-1.84627909763e-13
0.00148373102886
1.13668704163e-13
0.00148373102887
-5.50053509815e-14
0.00148373102887
1.83607808023e-14
0.00148373102887
-1.5578708797e-14
0.00148373102887
9.96809349693e-15
0.00148373102887
-4.17095270492e-15
0.00148373102887
-4.954832863e-15
0.00148373102887
-6.49626629933e-15
0.00148373102887
-1.05324702191e-15
0.00148373102887
2.52054465741e-15
0.00148373102887
-8.34043019886e-15
0.00148373102887
-1.23621433265e-15
0.00148373102886
-1.22832430651e-15
0.00148373102886
6.65117456583e-15
-2.23647741399e-16
0.00134728316976
-0.000759843919067
0.00142072261604
-0.000540158818703
0.00145900125482
-0.000315943487301
0.00147151765026
-0.000114492534479
0.00147483554697
-3.47561317898e-05
0.00147534784782
-5.99045758259e-06
0.00147513149808
1.38583411778e-06
0.00147497481171
1.54519581714e-06
0.00147486396008
1.05720599383e-06
0.00147482970568
3.87405475889e-07
0.00147481320925
1.67661302187e-07
0.00147481145313
2.9388878602e-08
0.00147481049217
9.48749771231e-09
0.00147481112886
-4.53792600727e-09
0.00147481121375
-1.2957507943e-09
0.00147481141142
-1.74581806657e-09
0.00147481142452
-2.85939089278e-10
0.0014748114563
-2.79951741377e-10
0.00147481145176
1.04495296612e-11
0.00147481145547
-2.72812261025e-11
0.00147481145327
1.53169356963e-11
0.00147481145376
-2.2274597374e-12
0.00147481145323
4.08487469857e-12
0.00147481145335
-5.70763811471e-13
0.00147481145325
7.45018129366e-13
0.00147481145328
-2.23722572764e-13
0.00147481145326
1.25815961654e-13
0.00147481145327
-6.01216114729e-14
0.00147481145327
2.41825376753e-14
0.00147481145327
-1.81407889441e-14
0.00147481145327
1.178007993e-14
0.00147481145327
-3.76088418926e-15
0.00147481145327
-4.13034252093e-15
0.00147481145327
-2.95048006125e-15
0.00147481145327
-1.70719378042e-15
0.00147481145327
-1.85302250007e-16
0.00147481145327
-4.0881300557e-15
0.00147481145327
-2.96761722216e-16
0.00147481145327
-4.60982519936e-15
0.00147481145327
-7.44835819655e-16
5.15537150244e-17
0.00135278878784
-0.000893120509916
0.00141958755306
-0.000606957583568
0.00145144386625
-0.000347799802948
0.00146104143042
-0.000124090098638
0.00146324622565
-3.69609257846e-05
0.00146355004424
-6.29427632354e-06
0.00146333829292
1.59758489871e-06
0.00146322682768
1.65666117936e-06
0.00146314389723
1.14013665841e-06
0.00146312298369
4.08318918486e-07
0.00146311130909
1.79335823199e-07
0.00146311094696
2.97510544862e-08
0.00146311022403
1.02104642161e-08
0.00146311081777
-5.13170038222e-09
0.00146311084022
-1.31821191081e-09
0.00146311099994
-1.90551504537e-09
0.00146311099701
-2.83001618438e-10
0.00146311102294
-3.05890838569e-10
0.00146311101697
1.64296464263e-11
0.00146311102044
-3.07545711706e-11
0.00146311101834
1.74135548354e-11
0.00146311101891
-2.80014354187e-12
0.00146311101843
4.56842124728e-12
0.00146311101857
-7.09957529983e-13
0.00146311101847
8.37914646094e-13
0.00146311101851
-2.64069701436e-13
0.00146311101849
1.45540733119e-13
0.0014631110185
-6.75749346044e-14
0.0014631110185
3.15761188053e-14
0.0014631110185
-2.17196638636e-14
0.0014631110185
8.42824743813e-15
0.0014631110185
-2.35390796266e-15
0.0014631110185
-7.89133002193e-16
0.0014631110185
-1.25162422857e-15
0.0014631110185
-3.28759387808e-15
0.0014631110185
-6.6479910897e-16
0.0014631110185
-1.52973145662e-16
0.0014631110185
-2.84232518043e-15
0.0014631110185
-2.84851136718e-15
0.0014631110185
-3.27044677556e-15
-7.05415524415e-16
0.00135820131969
-0.00103180963459
0.00141661102098
-0.000665367283061
0.00144085465075
-0.000372043434743
0.00144717903353
-0.000130414481936
0.00144817261232
-3.79545034577e-05
0.00144826174534
-6.38340926983e-06
0.00144806008848
1.79924123482e-06
0.00144799861781
1.71813187729e-06
0.0014479458604
1.19289427957e-06
0.00144793910435
4.15074921354e-07
0.00144793249816
1.85941932954e-07
0.00144793356729
2.86819544252e-08
0.00144793307907
1.06987167775e-08
0.00144793361862
-5.67126966508e-09
0.00144793357323
-1.27283656456e-09
0.00144793369208
-2.02434950628e-09
0.00144793367233
-2.63241610288e-10
0.0014479336921
-3.25667418741e-10
0.00144793368468
2.38510443408e-11
0.00144793368791
-3.39935192486e-11
0.00144793368594
1.93888990864e-11
0.0014479336866
-3.44858245917e-12
0.00144793368617
5.00197284523e-12
0.00144793368633
-8.70882655876e-13
0.00144793368624
9.24486761166e-13
0.00144793368628
-3.05793585384e-13
0.00144793368626
1.61761928265e-13
0.00144793368627
-7.49035523048e-14
0.00144793368627
3.60825762494e-14
0.00144793368627
-1.91655961563e-14
0.00144793368627
7.70521086161e-15
0.00144793368627
-4.85133651937e-15
0.00144793368627
3.80285161674e-15
0.00144793368627
3.01788500697e-15
0.00144793368627
-8.58497853819e-15
0.00144793368626
-7.67678169914e-16
0.00144793368626
1.18650248628e-15
0.00144793368626
1.46217848091e-15
0.00144793368626
-4.02091468307e-15
0.00144793368626
-7.03130307776e-15
-2.50381997133e-15
0.00136284997649
-0.00117514741779
0.00141081105471
-0.000713328358353
0.00142621841816
-0.000387450799712
0.00142897935237
-0.00013317541708
0.00142870176458
-3.76769147297e-05
0.00142858099691
-6.26264133992e-06
0.00142839674375
1.98349392959e-06
0.00142838894021
1.72593533867e-06
0.00142836775294
1.21408175962e-06
0.00142837546105
4.07366807895e-07
0.0014283739802
1.87422698281e-07
0.00142837644887
2.62132953275e-08
0.00142837617889
1.09687315462e-08
0.0014283766514
-6.14380106702e-09
0.00142837653486
-1.15630171227e-09
0.00142837661101
-2.10049636743e-09
0.00142837657436
-2.26583458923e-10
0.00142837658785
-3.39167766966e-10
0.00142837657908
3.26358072329e-11
0.00142837658208
-3.69990775939e-11
0.00142837658026
2.12138964863e-11
0.001428376581
-4.18779248164e-12
0.00142837658063
5.37229593274e-12
0.00142837658081
-1.04868175053e-12
0.00142837658073
1.01032475588e-12
0.00142837658077
-3.42850813205e-13
0.00142837658075
1.78396705917e-13
0.00142837658076
-8.17933197003e-14
0.00142837658076
4.39575779014e-14
0.00142837658076
-2.40701510888e-14
0.00142837658075
7.14133587844e-15
0.00142837658076
-7.73411795508e-15
0.00142837658075
3.5918024497e-15
0.00142837658076
5.34982121212e-15
0.00142837658076
-1.10353443558e-14
0.00142837658075
-6.76571841165e-16
0.00142837658075
-1.94626542021e-17
0.00142837658075
1.23206994973e-15
0.00142837658075
-3.92667048571e-15
0.00142837658075
-1.02652624239e-14
-5.3643180331e-15
0.00136574923664
-0.00132138446203
0.00140086607195
-0.000748445189972
0.00140622472816
-0.000392809456889
0.00140522086193
-0.000132171552088
0.00140365964502
-3.61156970984e-05
0.00140334575689
-5.94875281082e-06
0.0014031880403
2.14121013818e-06
0.00140323617894
1.67779655832e-06
0.00140324700502
1.20325586031e-06
0.00140326891473
3.85457140353e-07
0.00140327241764
1.83919702681e-07
0.00140327617996
2.24509650838e-08
0.00140327609989
1.10488339163e-08
0.00140327649091
-6.53481608448e-09
0.00140327630253
-9.67932087539e-10
0.00140327633529
-2.13324769296e-09
0.00140327628246
-1.73747756009e-10
0.00140327628977
-3.46478638561e-10
0.00140327627983
4.25788339109e-11
0.00140327628261
-3.97805138163e-11
0.00140327628096
2.28641102538e-11
0.00140327628178
-5.00222918522e-12
0.00140327628148
5.68232643236e-12
0.00140327628167
-1.24082380792e-12
0.0014032762816
1.07453429185e-12
0.00140327628164
-3.80390968109e-13
0.00140327628162
1.96275442167e-13
0.00140327628163
-9.03931604391e-14
0.00140327628163
4.44032723734e-14
0.00140327628163
-2.59711575539e-14
0.00140327628163
4.73108147864e-15
0.00140327628163
-6.11081784431e-15
0.00140327628163
6.37796986452e-15
0.00140327628163
9.08780427692e-15
0.00140327628163
-6.29857066612e-15
0.00140327628163
-1.10013952511e-15
0.00140327628163
2.5691799942e-15
0.00140327628163
2.87510485905e-16
0.00140327628162
-3.15118916302e-15
0.00140327628162
-8.9671608534e-15
-5.21944947133e-15
0.00136546588999
-0.00146733816113
0.00138500770043
-0.000767986996302
0.00137919228686
-0.000386994043755
0.00137434205839
-0.000127321325032
0.00137154271586
-3.33163540969e-05
0.00137106490638
-5.47094283417e-06
0.00137094454669
2.26156955322e-06
0.0013710491119
1.5732311557e-06
0.00137109135079
1.16101711011e-06
0.00137112656968
3.50238320289e-07
0.00137113471553
1.75773784214e-07
0.00137113958711
1.75793664225e-08
0.00137113965973
1.09762469683e-08
0.00137113995306
-6.82814601765e-09
0.00137113969558
-7.10465134529e-10
0.00137113968531
-2.12296878925e-09
0.00137113961798
-1.06409795872e-10
0.00137113961934
-3.47837085947e-10
0.00137113960856
5.33670452289e-11
0.00137113961112
-4.2333119806e-11
0.00137113960968
2.42985224154e-11
0.00137113961056
-5.88909176236e-12
0.00137113961033
5.92404676159e-12
0.00137113961053
-1.43943573726e-12
0.00137113961047
1.13506140127e-12
0.00137113961051
-4.17582009953e-13
0.00137113961049
2.09861845854e-13
0.0013711396105
-9.47706072362e-14
0.0013711396105
4.40894641185e-14
0.0013711396105
-2.5649756658e-14
0.0013711396105
7.8371306243e-15
0.0013711396105
-9.0015748921e-15
0.0013711396105
8.85300951255e-15
0.0013711396105
9.77236382463e-15
0.0013711396105
-4.59467666635e-15
0.00137113961049
-2.34479442463e-15
0.0013711396105
-2.33224512879e-15
0.00137113961049
-2.81041985246e-15
0.00137113961049
-5.74485051997e-15
0.00137113961049
-1.34175450267e-14
-1.97496876192e-15
0.00135993284596
-0.00160775881677
0.0013608814091
-0.000768935555247
0.00134297469287
-0.000369087327479
0.00133435306078
-0.000118699694407
0.00133043039752
-2.93936906198e-05
0.00132982973266
-4.87027743284e-06
0.00132975891029
2.3323917721e-06
0.00132991806499
1.41407622767e-06
0.00132998999875
1.08908344446e-06
0.00133003693898
3.03298180925e-07
0.00133004919793
1.63514789016e-07
0.00133005491184
1.18654194105e-08
0.00133005509631
1.07918009898e-08
0.00133005527373
-7.00555830527e-09
0.00133005495443
-3.91180929308e-10
0.00133005490238
-2.07091662621e-09
0.00133005482334
-2.73645147075e-11
0.00133005481908
-3.43568005722e-10
0.00133005480792
6.45213905594e-11
0.00133005481022
-4.4624233801e-11
0.00133005480905
2.54592362744e-11
0.00133005480997
-6.81166691724e-12
0.00133005480981
6.09423066258e-12
0.00133005481002
-1.6441181185e-12
0.00133005480997
1.18179316006e-12
0.00133005481
-4.57893983731e-13
0.00133005480999
2.1848905282e-13
0.00133005481
-1.04129662294e-13
0.00133005480999
4.62714696659e-14
0.00133005480999
-2.93656689654e-14
0.00133005480999
7.0928805919e-15
0.00133005480999
-6.23667534587e-15
0.00133005480999
7.18341178482e-15
0.00133005480999
7.17628802496e-15
0.00133005480999
-3.79577632502e-15
0.00133005480999
-8.35741188768e-15
0.00133005480999
-5.81931037948e-15
0.00133005480999
-4.44052752581e-15
0.00133005480999
-4.52807900962e-15
0.00133005480999
-1.1612469858e-14
2.43348182486e-16
0.00134618854014
-0.00173443516675
0.00132536615183
-0.000748113162915
0.00129484400487
-0.000338565180058
0.00128272355223
-0.000106579243177
0.00127787327778
-2.45434161981e-05
0.0012772005836
-4.19758271933e-06
0.00127719228331
2.34069201738e-06
0.00127740114166
1.20521764974e-06
0.00127749989166
9.90333481457e-07
0.00127755619305
2.46996893955e-07
0.00127757187224
1.47835571818e-07
0.00127757807422
5.66339649841e-09
0.0012775783347
1.05313438223e-08
0.00127757837513
-7.04597288082e-09
0.00127757800747
-2.35268538505e-11
0.00127757791539
-1.97883291698e-09
0.00127757782882
5.92159718961e-11
0.00127757781922
-3.33960263343e-10
0.00127757780836
7.53772515717e-11
0.0012775778103
-4.65633974869e-11
0.00127757780948
2.62778146748e-11
0.00127757781039
-7.72564769163e-12
0.00127757781031
6.17021079368e-12
0.00127757781051
-1.84251234112e-12
0.00127757781048
1.2162270774e-12
0.00127757781051
-4.86201992383e-13
0.0012775778105
2.31602325404e-13
0.0012775778105
-1.12858147376e-13
0.0012775778105
5.01932043038e-14
0.0012775778105
-3.02309471353e-14
0.0012775778105
8.02290985904e-15
0.0012775778105
-9.04733134304e-15
0.0012775778105
6.99328123234e-15
0.0012775778105
6.13089394411e-15
0.0012775778105
-3.56115071158e-15
0.0012775778105
-9.35478962566e-15
0.0012775778105
-5.16065157084e-15
0.00127757781049
-5.14959126313e-15
0.00127757781049
-4.76950644522e-16
0.00127757781049
-8.78255966632e-15
1.60834982603e-15
0.00132001062867
-0.00183493360452
0.0012743421136
-0.000702444644197
0.00123134861159
-0.000295571677265
0.00121624094258
-9.14715754235e-05
0.00121075059211
-1.90530659576e-05
0.00121006193
-3.50892013e-06
0.00121012915573
2.27346634092e-06
0.00121037877079
9.55602376165e-07
0.00121050031345
8.68790816362e-07
0.001210562744
1.84566443102e-07
0.00121058103724
1.29542321774e-07
0.00121058727796
-5.77359721504e-10
0.00121058759722
1.02120840456e-08
0.00121058747483
-6.92356155032e-09
0.00121058708093
3.70359447419e-10
0.00121058695037
-1.8482750395e-09
0.00121058686223
1.47365729313e-10
0.00121058684733
-3.19047049444e-10
0.00121058683772
8.49798667911e-11
0.0012105868391
-4.79459316685e-11
0.00121058683875
2.6634107374e-11
0.00121058683958
-8.55541745307e-12
0.0012105868396
6.14707886122e-12
0.00121058683977
-2.01705999803e-12
0.00121058683976
1.23617627324e-12
0.00121058683978
-5.14249464249e-13
0.00121058683977
2.37364038026e-13
0.00121058683977
-1.19214078826e-13
0.00121058683977
5.03477503299e-14
0.00121058683977
-2.81696115065e-14
0.00121058683977
1.03722856609e-14
0.00121058683977
-1.10555956783e-14
0.00121058683977
3.88717308784e-15
0.00121058683977
2.11202935297e-15
0.00121058683977
-1.41214957483e-15
0.00121058683977
-1.31278726503e-14
0.00121058683977
-7.29538090896e-15
0.00121058683977
-5.37699122594e-15
0.00121058683977
3.47531327921e-15
0.00121058683977
-5.65911712701e-15
2.70623806954e-15
0.00127539471323
-0.00189081612681
0.00120239580413
-0.00062944573192
0.00114814203402
-0.000241317906163
0.0011308307956
-7.41603380324e-05
0.00112508861247
-1.33108832137e-05
0.00112443712266
-2.8574299514e-06
0.00112459194886
2.11864027131e-06
0.00112486789046
6.79660615641e-07
0.00112500718127
7.29499952651e-07
0.00112507149743
1.20250368303e-07
0.00112509157105
1.09468715086e-07
0.00112509729161
-6.29796093381e-09
0.00112509769223
9.81146112162e-09
0.00112509737261
-6.60392975251e-09
0.00112509698712
7.55852025898e-10
0.00112509681807
-1.67922815148e-09
0.00112509673678
2.28659286423e-10
0.001125096716
-2.98263301957e-10
0.00112509670899
9.19817478359e-11
0.00112509670943
-4.83841303747e-11
0.00112509670973
2.63264165991e-11
0.00112509671035
-9.18174592158e-12
0.00112509671051
5.98878821383e-12
0.00112509671064
-2.13959570813e-12
0.00112509671065
1.22562066008e-12
0.00112509671066
-5.28297159857e-13
0.00112509671065
2.41074746658e-13
0.00112509671065
-1.22303912469e-13
0.00112509671065
5.43341477229e-14
0.00112509671065
-2.54107968345e-14
0.00112509671065
7.93850630527e-15
0.00112509671065
-1.03884917348e-14
0.00112509671065
2.77082120672e-15
0.00112509671065
-3.19978974064e-16
0.00112509671065
-9.08949840168e-16
0.00112509671065
-1.61456383871e-14
0.00112509671065
-2.49627795027e-15
0.00112509671065
-8.15263321529e-15
0.00112509671065
5.43058996901e-15
0.00112509671065
-6.03310236809e-15
4.09828621911e-15
0.00120381209571
-0.00187511603072
0.0011024575856
-0.000528091219228
0.00103977727309
-0.000178637592567
0.00102132931593
-5.57123816294e-05
0.00101582899724
-7.81056499463e-06
0.00101525178246
-2.28021492991e-06
0.00101550432081
1.86610210275e-06
0.00101578472804
3.99253275387e-07
0.00101593598751
5.7824041639e-07
0.00101599673822
5.94997128554e-08
0.00101601786601
8.83409487875e-08
0.00101602237343
-1.08054107243e-08
0.00101602294846
9.23642162609e-09
0.00101602238181
-6.03727455623e-09
0.00101602205756
1.080099758e-09
0.00101602184638
-1.46804650912e-09
0.00101602178381
2.91238722072e-10
0.00101602175543
-2.69882129357e-10
0.00101602175298
9.44333316636e-11
0.00101602175178
-4.71786564098e-11
0.00101602175305
2.50585190686e-11
0.00101602175328
-9.41472935349e-12
0.00101602175364
5.63225691681e-12
0.00101602175367
-2.16707934457e-12
0.00101602175372
1.17546179355e-12
0.00101602175371
-5.19432331356e-13
0.00101602175372
2.40093740194e-13
0.00101602175371
-1.15515495035e-13
0.00101602175371
5.5793486087e-14
0.00101602175371
-2.51758952682e-14
0.00101602175371
6.87955218802e-15
0.00101602175371
-6.69845078067e-15
0.00101602175371
-2.26555188381e-15
0.00101602175371
-4.81788141496e-15
0.00101602175371
-2.25916838879e-17
0.00101602175371
-1.49442114754e-14
0.00101602175371
-5.20549007332e-15
0.00101602175371
-8.7541600364e-15
0.00101602175371
-3.32120152703e-16
0.00101602175371
-4.76799801178e-15
7.08894187064e-15
0.00109320493894
-0.00174880877688
0.000965358023384
-0.000400244301752
0.0008994556568
-0.000112735224954
0.000881195490324
-3.74522155872e-05
0.000876532789565
-3.14786470513e-06
0.000876031714235
-1.7791394972e-06
0.000876389013404
1.50880311669e-06
0.000876642067444
1.46199184329e-07
0.000876799263695
4.21044084934e-07
0.000876849532593
9.23084515909e-09
0.0008768712865
6.65870712112e-08
0.000876873717504
-1.32364359877e-08
0.000876874673507
8.28040450586e-09
0.000876873784508
-5.14826804797e-09
0.000876873600298
1.26431952124e-09
0.000876873336654
-1.20440277633e-09
0.000876873309537
3.18360346048e-10
0.000876873269945
-2.30289561512e-10
0.000876873274915
8.94634799793e-11
0.000876873270889
-4.31536087608e-11
0.000876873273635
2.23100568411e-11
0.000876873273173
-8.95163100923e-12
0.000876873273834
4.97234739997e-12
0.000876873273706
-2.04137043084e-12
0.000876873273825
1.0503133003e-12
0.000876873273784
-4.80440068513e-13
0.000876873273804
2.16522925188e-13
0.000876873273792
-1.08360515449e-13
0.000876873273796
5.17272202503e-14
0.000876873273794
-1.98199470492e-14
0.000876873273795
5.84671202884e-15
0.000876873273795
-4.64151907925e-15
0.000876873273794
-9.82685525918e-16
0.000876873273793
-5.99669315141e-15
0.000876873273794
7.00278526375e-16
0.000876873273794
-6.11065475664e-15
0.000876873273793
-2.23215571383e-15
0.000876873273792
-1.06277670843e-14
0.00087687327379
-1.95319452755e-15
0.000876873273792
-2.37323323155e-15
4.76741845932e-15
0.000926701848552
-0.00145599843103
0.000779201504172
-0.000252743956456
0.000718735359589
-5.22690795804e-05
0.00070214732277
-2.08641788204e-05
0.000699004165275
-4.70757999148e-09
0.000698516651162
-1.2916254349e-06
0.000698982593273
1.04286114893e-06
0.000699162840962
-3.40484895272e-08
0.000699320652952
2.63232029537e-07
0.000699351625385
-2.17415873262e-08
0.000699374187838
4.40246390964e-08
0.000699373435659
-1.24842608622e-08
0.000699375160636
6.55540943243e-09
0.000699373828987
-3.81662161561e-09
0.000699373902261
1.19104838013e-09
0.00069937356383
-8.65969289546e-10
0.000699373596178
2.8601862736e-10
0.000699373538538
-1.72644259751e-10
0.000699373555205
7.27981714982e-11
0.000699373546429
-3.43788993835e-11
0.000699373551449
1.7294112263e-11
0.000699373549837
-7.33842115511e-12
0.000699373550977
3.82830292732e-12
0.000699373550592
-1.65704738778e-12
0.00069937355082
8.25965966829e-13
0.000699373550724
-3.8021075158e-13
0.000699373550769
1.76777844208e-13
0.000699373550745
-8.58088721562e-14
0.000699373550755
4.44037014595e-14
0.00069937355075
-1.6651375281e-14
0.000699373550752
4.41798606855e-15
0.000699373550752
-2.7035598038e-15
0.000699373550752
3.09156451767e-15
0.00069937355075
-5.40782617473e-15
0.000699373550751
-1.18812212865e-15
0.000699373550751
-3.6112031972e-15
0.000699373550751
5.10243560616e-16
0.00069937355075
-7.01817358359e-15
0.000699373550748
-4.99624094239e-15
0.00069937355075
-3.90194746573e-15
5.26082673139e-15
0.000680514172374
-0.0009170004085
0.000528406823164
-0.000100636607397
0.000487299793505
-1.11620495135e-05
0.000473691256741
-7.25564175116e-06
0.000472821047532
8.65501417126e-07
0.000472163308766
-6.33886850264e-07
0.000472745710865
4.60459129428e-07
0.000472786177328
-7.45148764558e-08
0.000472942927699
1.06481618422e-07
0.000472942668293
-2.1482205844e-08
0.000472967592527
1.91004218153e-08
0.000472962058959
-6.95068490513e-09
0.000472965286146
3.32821328609e-09
0.00047296328619
-1.81666916259e-09
0.000472963805732
6.71510996722e-10
0.000472963343386
-4.03613436299e-10
0.000472963473193
1.56217569011e-10
0.000472963384076
-8.35250411266e-11
0.000472963419595
3.7279403888e-11
0.000472963402634
-1.74141119961e-11
0.00047296341137
8.55929669205e-12
0.000472963407821
-3.79050063192e-12
0.000472963409761
1.88750605275e-12
0.000472963408952
-8.50434797885e-13
0.000472963409363
4.10043010694e-13
0.000472963409176
-1.89580584283e-13
0.000472963409264
8.70315543984e-14
0.00047296340922
-4.5662486949e-14
0.000472963409239
2.52693284599e-14
0.00047296340923
-5.42338471536e-15
0.000472963409234
2.4411001279e-15
0.000472963409233
7.97748760891e-16
0.000472963409233
-9.13096688692e-16
0.000472963409232
-2.15245408182e-15
0.000472963409233
4.4490243394e-16
0.000472963409233
-1.32683553994e-15
0.000472963409233
1.42096475971e-15
0.000472963409232
-4.71057089745e-15
0.00047296340923
-3.92889648822e-15
0.000472963409232
-3.38250633798e-15
-5.98326391607e-16
0.00030251178752
0.000201875177899
0.00019071312823
0.00018345748731
0.000184322988801
0.000183689101608
0.000184149560713
0.000184075045982
0.0001841815276
0.000184160045333
0.000184179145755
0.000184172195097
0.000184175523304
0.000184173706627
0.000184174378141
0.000184173974535
0.000184174130756
0.000184174047231
0.000184174084512
0.000184174067098
0.000184174075656
0.000184174071869
0.000184174073757
0.000184174072909
0.000184174073318
0.000184174073127
0.000184174073217
0.000184174073174
0.000184174073193
0.000184174073184
0.000184174073188
0.000184174073187
0.000184174073187
0.000184174073186
0.000184174073187
0.000184174073187
0.000184174073187
0.000184174073186
0.000184174073185
0.000184174073187
)
;

boundaryField
{
    in
    {
        type            calculated;
        value           nonuniform List<scalar> 
41
(
-0.001219512195
-0.001219512195
-0.0012195121955
-0.001219512195
-0.001219512195
-0.001219512195
-0.0012195121955
-0.001219512195
-0.001219512195
-0.001219512195
-0.0012195121955
-0.001219512195
-0.001219512195
-0.001219512195
-0.0012195121955
-0.001219512195
-0.001219512195
-0.001219512195
-0.0012195121955
-0.001219512195
-0.001219512195
-0.001219512195
-0.0012195121955
-0.001219512195
-0.001219512195
-0.001219512195
-0.0012195121955
-0.001219512195
-0.001219512195
-0.001219512195
-0.0012195121955
-0.001219512195
-0.001219512195
-0.001219512195
-0.0012195121955
-0.001219512195
-0.001219512195
-0.001219512195
-0.0012195121955
-0.001219512195
-0.001219512195
)
;
    }
    out
    {
        type            calculated;
        value           nonuniform List<scalar> 
41
(
0.000184174073185
0.000472963409228
0.000699373550746
0.000876873273788
0.00101602175371
0.00112509671065
0.00121058683977
0.00127757781049
0.00133005480999
0.00137113961049
0.00140327628162
0.00142837658075
0.00144793368626
0.0014631110185
0.00147481145327
0.00148373102886
0.00149040035841
0.00149521618906
0.00149846500746
0.00150034007876
0.00150095294983
0.00150034007876
0.00149846500746
0.00149521618905
0.00149040035841
0.00148373102886
0.00147481145327
0.00146311101849
0.00144793368626
0.00142837658075
0.00140327628162
0.00137113961049
0.00133005480999
0.00127757781049
0.00121058683977
0.00112509671065
0.00101602175371
0.000876873273791
0.000699373550749
0.000472963409231
0.000184174073186
)
;
    }
    top
    {
        type            calculated;
        value           uniform 0;
    }
    bottom
    {
        type            calculated;
        value           uniform 0;
    }
    frontback
    {
        type            empty;
        value           nonuniform List<scalar> 0();
    }
}


// ************************************************************************* //
