/*--------------------------------*- C++ -*----------------------------------*\
| =========                 |                                                 |
| \\      /  F ield         | OpenFOAM: The Open Source CFD Toolbox           |
|  \\    /   O peration     | Version:  2112                                  |
|   \\  /    A nd           | Website:  www.openfoam.com                      |
|    \\/     M anipulation  |                                                 |
\*---------------------------------------------------------------------------*/
FoamFile
{
    version     2.0;
    format      ascii;
    arch        "LSB;label=32;scalar=64";
    class       volVectorField;
    location    "0.6";
    object      U;
}
// * * * * * * * * * * * * * * * * * * * * * * * * * * * * * * * * * * * * * //

dimensions      [0 1 -1 0 0 0 0];

internalField   nonuniform List<vector> 
1681
(
(0.113095983037 0.0397627777477 0)
(0.105593732482 0.00404140583508 0)
(0.0753206984972 0.000263626371401 0)
(0.0773212179913 0.000259727317832 0)
(0.0747911180006 -5.25905278593e-05 0)
(0.0756236077693 2.64594064262e-05 0)
(0.0753165684651 -1.91561308498e-05 0)
(0.0755320396 4.07547991677e-06 0)
(0.0754759290013 -4.21385854504e-06 0)
(0.0755201603525 1.0995683241e-06 0)
(0.075505785015 -7.77036358939e-07 0)
(0.0755140984386 3.13669485673e-07 0)
(0.0755103863595 -1.44100208117e-07 0)
(0.0755120175309 7.74032488847e-08 0)
(0.0755111499921 -3.01998020802e-08 0)
(0.0755115037421 1.70049066906e-08 0)
(0.0755113156438 -6.97416833729e-09 0)
(0.075511396924 3.56654184055e-09 0)
(0.0755113570498 -1.62998794444e-09 0)
(0.0755113756955 7.56249454691e-10 0)
(0.0755113671065 -3.69223180415e-10 0)
(0.07551137128 1.65654085387e-10 0)
(0.0755113693844 -8.14024303805e-11 0)
(0.0755113703016 3.70451606504e-11 0)
(0.0755113698783 -1.77692569517e-11 0)
(0.0755113700785 8.50509558831e-12 0)
(0.0755113699838 -3.83268947312e-12 0)
(0.0755113700282 1.76830299616e-12 0)
(0.0755113700077 -9.49559723098e-13 0)
(0.0755113700175 5.58049535842e-13 0)
(0.0755113700127 -1.09669617854e-13 0)
(0.075511370015 -6.95992506386e-14 0)
(0.0755113700141 -3.86448415965e-14 0)
(0.0755113700143 7.93635879806e-15 0)
(0.0755113700139 -1.44331864285e-13 0)
(0.0755113700143 -1.1870402678e-13 0)
(0.0755113700141 5.39924708013e-14 0)
(0.0755113700142 1.3343033208e-13 0)
(0.0755113700141 -3.21211069159e-14 0)
(0.0755113700137 -1.84697008737e-13 0)
(0.0755113700133 -9.53270041686e-15 0)
(0.26138390323 0.10223011294 0)
(0.258090326412 0.0143135474683 0)
(0.195428690918 0.00220889794113 0)
(0.198566140766 0.00106787293456 0)
(0.192444659617 -7.26853083461e-05 0)
(0.19418376116 7.89861397066e-05 0)
(0.19346805038 -6.19511614503e-05 0)
(0.193953540495 6.55989202256e-06 0)
(0.193830981369 -1.47373913453e-05 0)
(0.193933118065 2.22731305549e-06 0)
(0.193901870046 -2.55483798967e-06 0)
(0.193921022146 8.53265398173e-07 0)
(0.193912774821 -4.18076704531e-07 0)
(0.193916471394 2.35688685175e-07 0)
(0.193914512432 -8.1447473357e-08 0)
(0.193915304384 5.26558767665e-08 0)
(0.193914877234 -1.92152147061e-08 0)
(0.193915059062 1.07266050336e-08 0)
(0.193914968703 -4.69794207707e-09 0)
(0.193915010605 2.19719078509e-09 0)
(0.193914991229 -1.09177475754e-09 0)
(0.193915000644 4.74726567569e-10 0)
(0.193914996379 -2.40671592311e-10 0)
(0.19391499845 1.06755181367e-10 0)
(0.193914997498 -5.20816636812e-11 0)
(0.19391499795 2.43708128958e-11 0)
(0.193914997737 -1.12835435632e-11 0)
(0.193914997837 5.14621635444e-12 0)
(0.193914997791 -2.59630989888e-12 0)
(0.193914997813 1.36322375825e-12 0)
(0.193914997802 -3.62199667504e-13 0)
(0.193914997807 1.67650850917e-13 0)
(0.193914997805 -9.92496004731e-14 0)
(0.193914997805 7.04213743481e-14 0)
(0.193914997805 -1.84694479926e-14 0)
(0.193914997805 9.33492678329e-14 0)
(0.193914997805 1.79486520881e-13 0)
(0.193914997805 1.42779196908e-14 0)
(0.193914997805 -1.17230403802e-13 0)
(0.193914997804 -1.99056426307e-13 0)
(0.193914997803 -1.03924785014e-13 0)
(0.357968266169 0.136051010411 0)
(0.36712958436 0.0268451049773 0)
(0.290113506297 0.00648377209083 0)
(0.293525474466 0.00232299708788 0)
(0.284927587968 9.25547467775e-05 0)
(0.28714339204 0.000125379386063 0)
(0.286138419075 -0.000105625878437 0)
(0.286791057397 -2.68791056842e-06 0)
(0.286626002768 -2.77539833807e-05 0)
(0.286766275556 9.58018628979e-07 0)
(0.286724769534 -4.51175566184e-06 0)
(0.286751171954 1.11504188571e-06 0)
(0.286740104837 -6.2129298527e-07 0)
(0.286745159924 3.73638891141e-07 0)
(0.286742502832 -1.05776099151e-07 0)
(0.286743576175 8.57325206512e-08 0)
(0.286742993737 -2.59087606919e-08 0)
(0.286743239578 1.67788630992e-08 0)
(0.286743116363 -6.85526651279e-09 0)
(0.286743173134 3.25782395449e-09 0)
(0.286743146778 -1.66022020547e-09 0)
(0.286743159566 6.87753014821e-10 0)
(0.286743153776 -3.67966968333e-10 0)
(0.286743156593 1.56110860202e-10 0)
(0.286743155301 -7.83208614914e-11 0)
(0.286743155916 3.66735098575e-11 0)
(0.286743155627 -1.6710350912e-11 0)
(0.286743155762 8.0928186817e-12 0)
(0.2867431557 -3.88211948786e-12 0)
(0.28674315573 2.06342706761e-12 0)
(0.286743155715 -7.3580997936e-13 0)
(0.286743155722 3.03931370158e-13 0)
(0.286743155719 -1.43009210409e-13 0)
(0.28674315572 2.32102558086e-13 0)
(0.286743155719 6.47870748956e-14 0)
(0.286743155719 3.123754832e-13 0)
(0.286743155719 -1.22708157779e-13 0)
(0.286743155719 9.79446148625e-15 0)
(0.286743155718 -2.61504763856e-13 0)
(0.286743155718 -4.08128333533e-13 0)
(0.286743155717 -4.54191093782e-13 0)
(0.420240365331 0.151568552088 0)
(0.444346484274 0.0385079455558 0)
(0.364026240065 0.0118880251813 0)
(0.367747655012 0.00379822045049 0)
(0.357580303346 0.000423919217595 0)
(0.360039120535 0.000165742555532 0)
(0.358822299881 -0.00014046284147 0)
(0.359574404623 -2.12204181662e-05 0)
(0.359379174195 -4.10082904177e-05 0)
(0.359544091956 -2.49335122247e-06 0)
(0.359495959617 -6.3648827747e-06 0)
(0.359527257192 1.04128849148e-06 0)
(0.359514404515 -7.30612511101e-07 0)
(0.359520383833 4.66482674975e-07 0)
(0.359517276815 -1.00408929664e-07 0)
(0.359518538051 1.10870369283e-07 0)
(0.359517853523 -2.6007902106e-08 0)
(0.359518141355 2.08141776744e-08 0)
(0.359517996313 -7.74325031209e-09 0)
(0.359518062797 3.78256677572e-09 0)
(0.359518031804 -1.98202418644e-09 0)
(0.359518046805 7.71826277695e-10 0)
(0.359518040007 -4.42475220361e-10 0)
(0.359518043316 1.76937014769e-10 0)
(0.3595180418 -9.25951470532e-11 0)
(0.359518042522 4.23530182977e-11 0)
(0.359518042183 -1.93800731791e-11 0)
(0.359518042343 9.90473989911e-12 0)
(0.359518042269 -4.15484211089e-12 0)
(0.359518042304 2.38668719317e-12 0)
(0.359518042287 -8.71817059421e-13 0)
(0.359518042295 2.78577029468e-13 0)
(0.359518042291 -1.46213927894e-13 0)
(0.359518042292 6.88961155e-14 0)
(0.359518042291 1.60673270593e-13 0)
(0.359518042292 1.5347609181e-13 0)
(0.359518042291 5.95820670263e-15 0)
(0.359518042291 -2.55400856289e-13 0)
(0.359518042291 -5.18955943703e-13 0)
(0.35951804229 -4.81386462248e-13 0)
(0.359518042289 -7.72577862804e-13 0)
(0.459578276393 0.156228374084 0)
(0.498235702677 0.0480338634059 0)
(0.421225243701 0.0173288348413 0)
(0.425631434528 0.00533678187368 0)
(0.41461980103 0.00085459122039 0)
(0.417204950605 0.000209349103893 0)
(0.415829958659 -0.000165497681071 0)
(0.416636541526 -4.3957238062e-05 0)
(0.416417041951 -5.38112970047e-05 0)
(0.416597128616 -7.21729446841e-06 0)
(0.416544263878 -8.13025265969e-06 0)
(0.41657885555 7.36517375332e-07 0)
(0.416564838053 -7.87410912839e-07 0)
(0.416571468983 5.24436038423e-07 0)
(0.416568071006 -7.75025105971e-08 0)
(0.416569464161 1.30071437744e-07 0)
(0.416568712051 -2.19100608307e-08 0)
(0.416569028554 2.35029510703e-08 0)
(0.416568868722 -7.77508231691e-09 0)
(0.416568941718 3.96643585116e-09 0)
(0.416568907553 -2.13422318552e-09 0)
(0.416568924035 7.73806920112e-10 0)
(0.41656891655 -4.81866996869e-10 0)
(0.416568920189 1.79300722337e-10 0)
(0.416568918522 -9.90786383578e-11 0)
(0.416568919317 4.39955645086e-11 0)
(0.416568918944 -2.02872218055e-11 0)
(0.41656891912 1.05556235905e-11 0)
(0.416568919038 -3.93095223934e-12 0)
(0.416568919077 2.34887598302e-12 0)
(0.416568919058 -1.29375442034e-12 0)
(0.416568919067 9.23947801868e-14 0)
(0.416568919064 -9.65197547113e-14 0)
(0.416568919064 -4.57110243553e-14 0)
(0.416568919063 3.93490581474e-13 0)
(0.416568919064 7.64531874889e-14 0)
(0.416568919063 1.96321659135e-13 0)
(0.416568919063 -3.39589340931e-13 0)
(0.416568919063 -5.37101203742e-13 0)
(0.416568919062 -4.76210081311e-13 0)
(0.416568919061 -7.16051687138e-13 0)
(0.483609228714 0.153915843247 0)
(0.535110871583 0.0551798151664 0)
(0.465114574257 0.0222120849286 0)
(0.470660289096 0.00682719607579 0)
(0.459370490218 0.00132722011694 0)
(0.462035273709 0.000260008081107 0)
(0.460541605239 -0.000181945227259 0)
(0.4613729167 -6.73579670054e-05 0)
(0.461131519317 -6.58317939581e-05 0)
(0.461320002573 -1.24817072479e-05 0)
(0.461263266224 -9.82828513682e-06 0)
(0.4613000341 2.99236576356e-07 0)
(0.461285213885 -8.23543238663e-07 0)
(0.461292323002 5.59098909775e-07 0)
(0.461288736053 -4.68603962707e-08 0)
(0.461290228031 1.45437664778e-07 0)
(0.461289430961 -1.56756711605e-08 0)
(0.461289768193 2.54448011357e-08 0)
(0.461289598105 -7.32786730807e-09 0)
(0.461289675637 3.9747868952e-09 0)
(0.461289639217 -2.18877224423e-09 0)
(0.461289656718 7.32631101861e-10 0)
(0.461289648743 -5.00839651405e-10 0)
(0.461289652612 1.71837013935e-10 0)
(0.461289650837 -1.013480588e-10 0)
(0.461289651684 4.34299791118e-11 0)
(0.461289651287 -2.01137803514e-11 0)
(0.461289651474 1.07239331365e-11 0)
(0.461289651387 -4.16058096545e-12 0)
(0.461289651428 2.35696490328e-12 0)
(0.461289651408 -1.11960860922e-12 0)
(0.461289651418 1.62081585118e-13 0)
(0.461289651414 7.156725647e-14 0)
(0.461289651415 -1.66738550849e-13 0)
(0.461289651413 4.85002612063e-13 0)
(0.461289651414 1.28232898717e-13 0)
(0.461289651413 7.39139702909e-14 0)
(0.461289651413 -2.75860180795e-13 0)
(0.461289651413 -3.17794323711e-13 0)
(0.461289651412 -4.02940906487e-13 0)
(0.461289651412 -7.44489584165e-13 0)
(0.497510417181 0.147070536845 0)
(0.559694653013 0.0600015044856 0)
(0.498496404366 0.0262399916217 0)
(0.505587452828 0.00817504232637 0)
(0.494451712613 0.00179687154283 0)
(0.497189205528 0.000315931211343 0)
(0.495607663414 -0.000190793107553 0)
(0.496444228456 -8.92715555942e-05 0)
(0.496181518428 -7.66333902312e-05 0)
(0.496373478375 -1.77782451008e-05 0)
(0.496313145611 -1.14171031858e-05 0)
(0.496351284788 -2.04324464955e-07 0)
(0.496335864554 -8.51852941246e-07 0)
(0.496343338655 5.76284270578e-07 0)
(0.496339628404 -1.39980104738e-08 0)
(0.496341199786 1.57674531432e-07 0)
(0.496340372814 -8.51698705596e-09 0)
(0.496340726107 2.68825571899e-08 0)
(0.49634054873 -6.61094036008e-09 0)
(0.496340629582 3.88877334322e-09 0)
(0.496340591487 -2.18153385243e-09 0)
(0.496340609713 6.69559044388e-10 0)
(0.496340601372 -5.07374163402e-10 0)
(0.496340605404 1.59027771552e-10 0)
(0.496340603551 -1.01245050902e-10 0)
(0.496340604434 4.15475969737e-11 0)
(0.49634060402 -1.97343824478e-11 0)
(0.496340604215 1.08931847341e-11 0)
(0.496340604125 -4.03047350833e-12 0)
(0.496340604168 2.29346195626e-12 0)
(0.496340604147 -7.55381278281e-13 0)
(0.496340604157 1.04216813174e-13 0)
(0.496340604153 3.66660708797e-13 0)
(0.496340604154 -3.59435024389e-13 0)
(0.496340604152 1.04062151906e-12 0)
(0.496340604153 3.70744976444e-13 0)
(0.496340604152 1.48065074875e-13 0)
(0.496340604152 -1.00192427835e-13 0)
(0.496340604152 -2.66718143187e-13 0)
(0.496340604151 -6.97063316023e-13 0)
(0.496340604151 -3.75882020007e-13 0)
(0.50479296912 0.137450953837 0)
(0.575495186805 0.0626693599776 0)
(0.523651238829 0.0292679270184 0)
(0.53258911906 0.00930465838541 0)
(0.5219269405 0.00222779112908 0)
(0.52475030327 0.000372939922584 0)
(0.523105927463 -0.000192949809581 0)
(0.523935205492 -0.000108298845171 0)
(0.523651028269 -8.57605462253e-05 0)
(0.523842851276 -2.27220845498e-05 0)
(0.523778896787 -1.28276082351e-05 0)
(0.52381781005 -7.24714611125e-07 0)
(0.523801897627 -8.75735239064e-07 0)
(0.52380965967 5.7905744786e-07 0)
(0.523805868757 1.77784923553e-08 0)
(0.523807508026 1.66831286676e-07 0)
(0.523806661395 -1.21113725407e-09 0)
(0.523807028012 2.78841937526e-08 0)
(0.523806845343 -5.74890462863e-09 0)
(0.523806928759 3.74722034627e-09 0)
(0.523806889365 -2.13042766234e-09 0)
(0.523806908128 5.9614432396e-10 0)
(0.523806899496 -5.04525403242e-10 0)
(0.52380690365 1.42923424741e-10 0)
(0.523806901735 -9.91880366492e-11 0)
(0.523806902647 3.85116102401e-11 0)
(0.52380690222 -1.86462682384e-11 0)
(0.523806902421 1.01767912657e-11 0)
(0.523806902327 -3.60600558739e-12 0)
(0.523806902372 2.00948484325e-12 0)
(0.52380690235 -5.65177771049e-13 0)
(0.523806902361 3.63724427446e-13 0)
(0.523806902356 -1.01095953159e-13 0)
(0.523806902357 -2.51311576737e-13 0)
(0.523806902356 3.84161149176e-13 0)
(0.523806902357 -4.33147561265e-14 0)
(0.523806902356 4.50136763726e-13 0)
(0.523806902356 -2.54132915307e-13 0)
(0.523806902355 -2.97804564775e-13 0)
(0.523806902355 -9.58099024878e-13 0)
(0.523806902355 1.41296391362e-13 0)
(0.507830238946 0.126290686459 0)
(0.585098432096 0.0634203269856 0)
(0.542416370473 0.0312501459673 0)
(0.553385431259 0.0101630503495 0)
(0.543421215539 0.00259247427051 0)
(0.546351311295 0.000426286735735 0)
(0.544664814152 -0.000189436481949 0)
(0.545478983051 -0.000123524075216 0)
(0.545173036736 -9.28309531081e-05 0)
(0.545362071339 -2.70121642785e-05 0)
(0.545294345801 -1.39890348433e-05 0)
(0.54533358142 -1.22150667075e-06 0)
(0.545317230091 -8.94624017954e-07 0)
(0.545325224888 5.69656845705e-07 0)
(0.545321381264 4.62915603879e-08 0)
(0.545323081303 1.72782510795e-07 0)
(0.545322222131 5.68070109223e-09 0)
(0.545322600445 2.8456920104e-08 0)
(0.545322413869 -4.83041920499e-09 0)
(0.545322499371 3.57081528967e-09 0)
(0.54532245893 -2.0471866242e-09 0)
(0.545322478105 5.19277166213e-10 0)
(0.545322469234 -4.94473352141e-10 0)
(0.545322473481 1.26146372838e-10 0)
(0.545322471515 -9.56474106489e-11 0)
(0.545322472449 3.50804144607e-11 0)
(0.545322472011 -1.75402639252e-11 0)
(0.545322472217 9.67809429864e-12 0)
(0.545322472121 -3.20931602448e-12 0)
(0.545322472167 1.76149013009e-12 0)
(0.545322472145 -5.13198259667e-13 0)
(0.545322472156 6.87430211845e-13 0)
(0.545322472151 -1.32088711323e-13 0)
(0.545322472152 -3.48795157824e-13 0)
(0.545322472151 2.20004010276e-13 0)
(0.545322472151 -2.51299468128e-13 0)
(0.545322472151 7.2081028842e-13 0)
(0.545322472151 -3.32348097104e-13 0)
(0.54532247215 -3.91280508345e-13 0)
(0.54532247215 -7.40172318979e-13 0)
(0.545322472149 6.38542357838e-13 0)
(0.508222044149 0.114412202506 0)
(0.590400233137 0.0625170794296 0)
(0.556258689704 0.0322084263858 0)
(0.569334973345 0.0107187784711 0)
(0.560213582375 0.00287128435395 0)
(0.563271565767 0.000471465793905 0)
(0.561560023018 -0.000181335055655 0)
(0.562354508736 -0.000134402467092 0)
(0.562026661122 -9.75596238644e-05 0)
(0.56221099866 -3.04212107047e-05 0)
(0.562139335491 -1.48384919915e-05 0)
(0.562178550116 -1.66193636177e-06 0)
(0.562161784184 -9.06003277447e-07 0)
(0.562169970045 5.49948879505e-07 0)
(0.562166092219 7.01430537604e-08 0)
(0.562167848194 1.75372465579e-07 0)
(0.562166981517 1.17534749506e-08 0)
(0.5621673705 2.85822365516e-08 0)
(0.56216718101 -3.91945412903e-09 0)
(0.562167268285 3.37089418533e-09 0)
(0.562167226975 -1.93952833102e-09 0)
(0.562167246476 4.44656158299e-10 0)
(0.5621672374 -4.78124859655e-10 0)
(0.56216724172 1.09073779957e-10 0)
(0.562167239711 -9.1306393105e-11 0)
(0.562167240663 3.14555287419e-11 0)
(0.562167240216 -1.62796837248e-11 0)
(0.562167240427 8.74520578117e-12 0)
(0.562167240329 -2.65259783275e-12 0)
(0.562167240375 1.36551015269e-12 0)
(0.562167240353 -5.89282434682e-13 0)
(0.562167240364 1.31229391531e-12 0)
(0.562167240359 -2.40470191377e-13 0)
(0.562167240361 -7.43468327281e-13 0)
(0.562167240359 -5.53736938092e-14 0)
(0.56216724036 -3.52302389764e-13 0)
(0.562167240359 6.51332336369e-13 0)
(0.562167240359 -3.66461812538e-13 0)
(0.562167240358 -5.90468377297e-13 0)
(0.562167240358 -8.54975947882e-13 0)
(0.562167240358 9.25472320417e-13 0)
(0.507042508251 0.102346111765 0)
(0.592783715402 0.0602176662785 0)
(0.566340322861 0.0322065119564 0)
(0.581509247671 0.0109585043893 0)
(0.573309942225 0.00305171354341 0)
(0.576513097871 0.000504649917691 0)
(0.574790312888 -0.000169694364338 0)
(0.575562804436 -0.000140675114703 0)
(0.575213250184 -9.97590846064e-05 0)
(0.575391580439 -3.27888963054e-05 0)
(0.575315858948 -1.53252059359e-05 0)
(0.575354795196 -2.02059824928e-06 0)
(0.575337626007 -9.06530546636e-07 0)
(0.575345969898 5.21532981598e-07 0)
(0.575342070227 8.85193804599e-08 0)
(0.57534387834 1.74469254279e-07 0)
(0.575343007756 1.6726044216e-08 0)
(0.575343406677 2.82323242015e-08 0)
(0.575343215005 -3.06176706911e-09 0)
(0.575343303834 3.15169512804e-09 0)
(0.575343261787 -1.81255619703e-09 0)
(0.575343281553 3.74150661793e-10 0)
(0.575343272298 -4.55951612762e-10 0)
(0.575343276676 9.26015509778e-11 0)
(0.57534327463 -8.58476532044e-11 0)
(0.575343275597 2.8284003719e-11 0)
(0.575343275143 -1.50674712508e-11 0)
(0.575343275357 7.96447526165e-12 0)
(0.575343275258 -2.10996642248e-12 0)
(0.575343275305 1.11746399377e-12 0)
(0.575343275283 -3.67218978896e-13 0)
(0.575343275293 1.65511061214e-12 0)
(0.575343275288 -1.44980144271e-14 0)
(0.57534327529 -6.75768151172e-13 0)
(0.575343275289 -1.72594984128e-13 0)
(0.575343275289 -4.69551733426e-13 0)
(0.575343275288 2.27303953165e-13 0)
(0.575343275288 -3.87160105052e-13 0)
(0.575343275288 -1.02771601156e-12 0)
(0.575343275288 -7.95362815753e-13 0)
(0.575343275287 6.71896085207e-13 0)
(0.505008099961 0.0904223722159 0)
(0.593252426889 0.0567595958627 0)
(0.573575728308 0.0313313757151 0)
(0.590751731243 0.0108833412341 0)
(0.58350046048 0.0031274292664 0)
(0.586860117771 0.000522934361202 0)
(0.585136864835 -0.000155467747827 0)
(0.585886648196 -0.000142299548194 0)
(0.585515974434 -9.9335813032e-05 0)
(0.585687486402 -3.4014991675e-05 0)
(0.585607667451 -1.54131533392e-05 0)
(0.585646139869 -2.27906546926e-06 0)
(0.585628575758 -8.92868262085e-07 0)
(0.585637050487 4.85811861464e-07 0)
(0.585633137271 1.0103689787e-07 0)
(0.585634994036 1.70001616463e-07 0)
(0.585634122111 2.04205753261e-08 0)
(0.585634530344 2.73822381943e-08 0)
(0.585634337046 -2.28946063328e-09 0)
(0.585634427262 2.9143615103e-09 0)
(0.585634384582 -1.66940549871e-09 0)
(0.585634404569 3.09740042982e-10 0)
(0.585634395154 -4.28044326837e-10 0)
(0.58563439958 7.68544837291e-11 0)
(0.585634397501 -7.97853771609e-11 0)
(0.58563439848 2.49403370436e-11 0)
(0.58563439802 -1.37650722833e-11 0)
(0.585634398237 7.13080667339e-12 0)
(0.585634398136 -1.78875423044e-12 0)
(0.585634398184 1.38893124841e-12 0)
(0.585634398162 -3.12200364944e-13 0)
(0.585634398172 1.39883092271e-12 0)
(0.585634398167 1.4786133511e-13 0)
(0.585634398169 -6.01267073758e-13 0)
(0.585634398168 -2.55912738557e-13 0)
(0.585634398168 -7.36340540151e-13 0)
(0.585634398168 -2.97462635212e-13 0)
(0.585634398167 -4.33269797514e-13 0)
(0.585634398167 -9.10316880566e-13 0)
(0.585634398167 -4.79699498474e-13 0)
(0.585634398166 2.93751083023e-13 0)
(0.502592179431 0.0788323249985 0)
(0.592529973099 0.0523534639727 0)
(0.578679941985 0.0296809243438 0)
(0.59772472378 0.010505598682 0)
(0.591404746456 0.00309730578497 0)
(0.594925497733 0.000524434825795 0)
(0.593209740032 -0.00013947812605 0)
(0.593937243849 -0.000139398474211 0)
(0.593546443774 -9.62851336855e-05 0)
(0.593710753358 -3.40534699446e-05 0)
(0.593626897416 -1.50824685743e-05 0)
(0.593664783066 -2.42552182103e-06 0)
(0.593646835354 -8.62244603715e-07 0)
(0.593655417956 4.44039353892e-07 0)
(0.593651496767 1.0763147259e-07 0)
(0.593653398601 1.6198141552e-07 0)
(0.593652527125 2.2740566938e-08 0)
(0.593652944043 2.60177286669e-08 0)
(0.593652749546 -1.62274057558e-09 0)
(0.593652841008 2.65856888638e-09 0)
(0.593652797782 -1.51300751837e-09 0)
(0.593652817954 2.52582364989e-10 0)
(0.593652808397 -3.95168166822e-10 0)
(0.593652812863 6.30971087278e-11 0)
(0.593652810754 -7.32090619556e-11 0)
(0.593652811744 2.17022744862e-11 0)
(0.593652811278 -1.2584576685e-11 0)
(0.593652811498 6.47505132926e-12 0)
(0.593652811396 -1.56819443699e-12 0)
(0.593652811444 1.38213212926e-12 0)
(0.593652811422 -4.1419805381e-13 0)
(0.593652811433 9.07033788739e-13 0)
(0.593652811427 3.58878156812e-13 0)
(0.593652811429 -5.27211037176e-13 0)
(0.593652811428 -4.03301866394e-13 0)
(0.593652811428 -8.3117486679e-13 0)
(0.593652811428 -7.52815964501e-13 0)
(0.593652811427 -5.72890555904e-13 0)
(0.593652811427 -6.8234109436e-13 0)
(0.593652811427 -2.66864198831e-13 0)
(0.593652811427 1.09103135696e-13 0)
(0.500103458119 0.0676714541765 0)
(0.591134448071 0.0471816234842 0)
(0.582208505782 0.0273562743258 0)
(0.602946451414 0.00984601057907 0)
(0.597507346375 0.00296451878063 0)
(0.601187060163 0.00050828394576 0)
(0.599484182368 -0.000122400762513 0)
(0.600190664792 -0.000132222764733 0)
(0.599781122211 -9.06844870868e-05 0)
(0.599938215541 -3.29073842719e-05 0)
(0.599850489219 -1.43297893061e-05 0)
(0.59988772064 -2.45442368882e-06 0)
(0.599869407045 -8.12779940233e-07 0)
(0.599878077819 3.97332986624e-07 0)
(0.599874152368 1.08479887729e-07 0)
(0.599876095371 1.50511560081e-07 0)
(0.599875225526 2.36624385913e-08 0)
(0.599875650442 2.41397537079e-08 0)
(0.599875455074 -1.07274382604e-09 0)
(0.59987554765 2.38302258517e-09 0)
(0.599875503956 -1.34588762811e-09 0)
(0.599875524284 2.02775213195e-10 0)
(0.599875514601 -3.57529146701e-10 0)
(0.5998755191 5.1187529287e-11 0)
(0.599875516965 -6.57865319942e-11 0)
(0.599875517964 1.89172824075e-11 0)
(0.599875517493 -1.08815887943e-11 0)
(0.599875517715 5.89506560284e-12 0)
(0.599875517612 -1.35443445166e-12 0)
(0.599875517661 1.22369945211e-12 0)
(0.599875517638 -1.95464731285e-13 0)
(0.599875517649 4.4456649551e-13 0)
(0.599875517643 2.81279674133e-13 0)
(0.599875517645 -8.45614894763e-13 0)
(0.599875517644 -2.28577266204e-13 0)
(0.599875517645 -3.40945647724e-13 0)
(0.599875517644 -9.35489644158e-13 0)
(0.599875517644 -4.89216502383e-13 0)
(0.599875517644 -2.23376995529e-13 0)
(0.599875517644 -5.1204352409e-14 0)
(0.599875517643 1.40622379204e-14 0)
(0.497739841942 0.0569695727101 0)
(0.589433814963 0.0413995270818 0)
(0.584589977565 0.0244570863182 0)
(0.60682037284 0.0089314604662 0)
(0.602185552518 0.00273573007109 0)
(0.606015849304 0.000474565745421 0)
(0.604328916084 -0.000104759163139 0)
(0.605016245684 -0.000121124000301 0)
(0.604589703593 -8.26856065653e-05 0)
(0.604739888946 -3.0624023067e-05 0)
(0.604648563841 -1.31678148558e-05 0)
(0.604685123058 -2.36611535391e-06 0)
(0.60466646938 -7.43650605254e-07 0)
(0.604675211287 3.46679832811e-07 0)
(0.604671283985 1.03951162022e-07 0)
(0.604673263839 1.35788305977e-07 0)
(0.604672396321 2.32241450846e-08 0)
(0.604672828452 2.17654117641e-08 0)
(0.604672632468 -6.43042655017e-10 0)
(0.604672726028 2.08878272732e-09 0)
(0.604672681936 -1.16955503305e-09 0)
(0.604672702394 1.59512034241e-10 0)
(0.604672692601 -3.15776674382e-10 0)
(0.604672697126 4.04943695239e-11 0)
(0.60467269497 -5.76446166942e-11 0)
(0.604672695976 1.60715661108e-11 0)
(0.604672695501 -9.72367924306e-12 0)
(0.604672695725 5.30721403873e-12 0)
(0.60467269562 -1.10682527348e-12 0)
(0.60467269567 1.05120192281e-12 0)
(0.604672695647 -6.97194090014e-15 0)
(0.604672695658 2.40131975784e-13 0)
(0.604672695652 -2.47928442383e-14 0)
(0.604672695654 -7.05152314497e-13 0)
(0.604672695653 -1.55942582416e-13 0)
(0.604672695654 -7.39248757457e-14 0)
(0.604672695653 -5.75786708052e-13 0)
(0.604672695653 -7.05046273602e-13 0)
(0.604672695653 1.43431436438e-13 0)
(0.604672695653 2.42114953403e-13 0)
(0.604672695652 -6.57451947431e-14 0)
(0.495625386592 0.046712097316 0)
(0.587686898285 0.035138490871 0)
(0.58615201374 0.0210789960456 0)
(0.609658219683 0.00779318786397 0)
(0.605731099005 0.00242037408881 0)
(0.60969807635 0.000424215305757 0)
(0.608028115024 -8.6931030113e-05 0)
(0.608698614298 -0.000106533437639 0)
(0.608257134763 -7.25061059234e-05 0)
(0.608400998805 -2.72900513625e-05 0)
(0.608306445052 -1.16242926691e-05 0)
(0.608342357868 -2.1663664147e-06 0)
(0.608323398498 -6.55138615764e-07 0)
(0.608332196741 2.92937200317e-07 0)
(0.608328269073 9.45634768676e-08 0)
(0.608330281019 1.18094949881e-07 0)
(0.608329416121 2.15164929504e-08 0)
(0.608329854582 1.8928422064e-08 0)
(0.608329658175 -3.29320789651e-10 0)
(0.608329752582 1.77505395713e-09 0)
(0.608329708159 -9.85479403071e-10 0)
(0.608329728725 1.21926832424e-10 0)
(0.608329718837 -2.69588676405e-10 0)
(0.608329723385 3.12347392875e-11 0)
(0.608329721209 -4.88157549118e-11 0)
(0.608329722221 1.31265047965e-11 0)
(0.608329721743 -7.96724610825e-12 0)
(0.608329721968 4.68327137164e-12 0)
(0.608329721863 -7.59323196277e-13 0)
(0.608329721913 9.7838795287e-13 0)
(0.60832972189 2.27749188183e-13 0)
(0.608329721901 1.77315114479e-13 0)
(0.608329721895 -2.09776291618e-13 0)
(0.608329721897 -4.15939306412e-13 0)
(0.608329721896 -1.32041981833e-13 0)
(0.608329721897 1.04368748627e-13 0)
(0.608329721896 -8.95368735851e-14 0)
(0.608329721896 -3.81037716332e-13 0)
(0.608329721896 7.84477154434e-14 0)
(0.608329721895 2.06154501829e-13 0)
(0.608329721895 -1.81653628956e-13 0)
(0.493835629544 0.0368548705371 0)
(0.586073531197 0.028509128027 0)
(0.587141980985 0.017312490387 0)
(0.611697971676 0.00646542373435 0)
(0.608366969608 0.00203004730237 0)
(0.612452044539 0.000358900764071 0)
(0.610798345405 -6.91613964044e-05 0)
(0.611454675785 -8.89453961081e-05 0)
(0.611000595079 -6.04207045468e-05 0)
(0.611138960857 -2.30264914004e-05 0)
(0.611041636941 -9.74057605853e-06 0)
(0.611076967102 -1.86581326953e-06 0)
(0.611057744723 -5.48595261012e-07 0)
(0.611066586397 2.36840595403e-07 0)
(0.611062659185 8.09550452751e-08 0)
(0.611064698038 9.77962655409e-08 0)
(0.611063835724 1.86776012551e-08 0)
(0.611064279527 1.56788383648e-08 0)
(0.611064082839 -1.22338125131e-10 0)
(0.611064177953 1.44360908087e-09 0)
(0.611064133261 -7.95689516163e-10 0)
(0.611064153914 9.04034523942e-11 0)
(0.611064143949 -2.20326111416e-10 0)
(0.611064148513 2.35990922683e-11 0)
(0.611064146321 -3.9309970276e-11 0)
(0.611064147338 1.03989231778e-11 0)
(0.611064146857 -6.10872792883e-12 0)
(0.611064147084 3.95889610067e-12 0)
(0.611064146978 -2.95811132815e-13 0)
(0.611064147028 1.13028854378e-12 0)
(0.611064147006 1.46326178516e-13 0)
(0.611064147016 1.25360979866e-13 0)
(0.61106414701 -3.89302249412e-13 0)
(0.611064147013 -3.40747309713e-13 0)
(0.611064147012 -5.37296966069e-14 0)
(0.611064147012 3.10208005713e-13 0)
(0.611064147011 1.49331834692e-13 0)
(0.611064147011 -2.99797581223e-13 0)
(0.611064147011 3.53843189153e-14 0)
(0.611064147011 3.05892905842e-13 0)
(0.61106414701 -3.98312695464e-13 0)
(0.492414885185 0.0273343872214 0)
(0.584716517789 0.021605013947 0)
(0.587742955976 0.0132427626236 0)
(0.613117704811 0.00498438601073 0)
(0.610260267605 0.0015779933375 0)
(0.61444105876 0.000280898121252 0)
(0.612801486201 -5.15805063648e-05 0)
(0.613446560419 -6.89036425204e-05 0)
(0.61298244148 -4.67521771182e-05 0)
(0.613116326719 -1.7983494219e-05 0)
(0.61301676657 -7.56983719213e-06 0)
(0.613051609611 -1.47930957393e-06 0)
(0.613032174319 -4.2634761852e-07 0)
(0.613041048094 1.79011366196e-07 0)
(0.613037121675 6.38607009652e-08 0)
(0.613039181874 7.53254059583e-08 0)
(0.613038321845 1.48854210906e-08 0)
(0.613038769907 1.20813660958e-08 0)
(0.613038573043 -6.54847826265e-12 0)
(0.613038668716 1.0972136393e-09 0)
(0.613038623817 -6.00694122543e-10 0)
(0.613038644536 6.31505577797e-11 0)
(0.61303863451 -1.6808903171e-10 0)
(0.613038639087 1.68777179883e-11 0)
(0.613038636882 -2.95896668599e-11 0)
(0.613038637903 7.7285621261e-12 0)
(0.61303863742 -4.1396773743e-12 0)
(0.613038637648 2.97746530184e-12 0)
(0.613038637541 -1.46441631325e-13 0)
(0.613038637592 1.22107906974e-12 0)
(0.613038637569 1.68928795185e-13 0)
(0.61303863758 7.85740075729e-14 0)
(0.613038637574 -6.92727674353e-13 0)
(0.613038637576 -3.9216045244e-13 0)
(0.613038637575 1.35582983538e-13 0)
(0.613038637576 1.92593925156e-13 0)
(0.613038637575 -2.55876807173e-13 0)
(0.613038637575 9.88090669669e-14 0)
(0.613038637575 1.18723269518e-14 0)
(0.613038637574 2.2821380922e-14 0)
(0.613038637574 -2.91603218494e-13 0)
(0.491387938825 0.0180748046638 0)
(0.583697376667 0.0145063531513 0)
(0.588085842034 0.00895021666427 0)
(0.614046038659 0.00338756310409 0)
(0.611531875854 0.00107867116917 0)
(0.615783084067 0.000192964901974 0)
(0.614154392913 -3.42246590451e-05 0)
(0.614791305186 -4.69897746309e-05 0)
(0.614319888498 -3.18620698332e-05 0)
(0.614450463466 -1.23348701012e-05 0)
(0.614349261571 -5.17501532281e-06 0)
(0.614383738268 -1.0251941787e-06 0)
(0.614364146292 -2.9155265243e-07 0)
(0.614373042084 1.19973650681e-07 0)
(0.614369116457 4.40885580418e-08 0)
(0.614371192133 5.11731974706e-08 0)
(0.614370333883 1.03496926604e-08 0)
(0.614370785046 8.21111351477e-09 0)
(0.614370588077 3.68420624008e-11 0)
(0.614370684154 7.3840798988e-10 0)
(0.614370639108 -4.02395924325e-10 0)
(0.614370659873 4.02104384136e-11 0)
(0.614370649804 -1.13432163445e-10 0)
(0.61437065439 1.06884362271e-11 0)
(0.614370652176 -1.97110188321e-11 0)
(0.6143706532 5.41107454997e-12 0)
(0.614370652715 -2.47340320644e-12 0)
(0.614370652944 1.98580125904e-12 0)
(0.614370652837 6.85119143573e-14 0)
(0.614370652888 1.3916268121e-12 0)
(0.614370652864 -2.2744516456e-13 0)
(0.614370652875 3.67875517447e-14 0)
(0.614370652869 -7.19394720437e-13 0)
(0.614370652872 -6.23672105265e-13 0)
(0.614370652871 7.11190173781e-14 0)
(0.614370652871 2.42597568726e-13 0)
(0.61437065287 -4.35055314205e-13 0)
(0.61437065287 5.73901990385e-13 0)
(0.61437065287 1.86231354159e-14 0)
(0.61437065287 -3.41328556315e-13 0)
(0.61437065287 1.9800948764e-13 0)
(0.490767781686 0.00899268039324 0)
(0.583067292714 0.00728348157984 0)
(0.588258191672 0.00451137592191 0)
(0.614569734241 0.00171321239954 0)
(0.612263454388 0.000547390784973 0)
(0.616557723972 9.82156343897e-05 0)
(0.61493587747 -1.7058771376e-05 0)
(0.615567845037 -2.38128897751e-05 0)
(0.615091998537 -1.61412079402e-05 0)
(0.615220543201 -6.27240076755e-06 0)
(0.61511833828 -2.6265538218e-06 0)
(0.615152587743 -5.24484474089e-07 0)
(0.615132899879 -1.48018129524e-07 0)
(0.615141808512 6.01746386687e-08 0)
(0.615137883448 2.2501932694e-08 0)
(0.615139968504 2.58750032335e-08 0)
(0.615139111379 5.30461811016e-09 0)
(0.615139564426 4.15355080305e-09 0)
(0.615139367403 3.03467477961e-11 0)
(0.615139463725 3.71187299101e-10 0)
(0.615139418591 -2.02032782005e-10 0)
(0.615139439384 1.9565844469e-11 0)
(0.615139429288 -5.69554387966e-11 0)
(0.61513943388 4.9564008191e-12 0)
(0.615139431661 -9.84042184198e-12 0)
(0.615139432686 2.88688902076e-12 0)
(0.6151394322 -7.09013722781e-13 0)
(0.615139432429 1.19129554839e-12 0)
(0.615139432322 2.62184541649e-13 0)
(0.615139432373 1.32670022174e-12 0)
(0.61513943235 -3.00070473752e-13 0)
(0.615139432361 4.04400463127e-14 0)
(0.615139432355 -4.53795869744e-13 0)
(0.615139432358 -5.80016089463e-13 0)
(0.615139432357 2.31199287877e-13 0)
(0.615139432357 3.30404879057e-14 0)
(0.615139432356 5.2911092288e-14 0)
(0.615139432356 3.66983524031e-13 0)
(0.615139432355 7.76731967672e-14 0)
(0.615139432355 -6.77527334321e-14 0)
(0.615139432355 3.22885467221e-13 0)
(0.490560471921 -9.03965183487e-10 0)
(0.582854289386 -2.02675830377e-10 0)
(0.588310195913 6.7334764624e-10 0)
(0.614738848823 -1.35726580063e-11 0)
(0.612502173412 -3.01608766306e-10 0)
(0.616810930493 7.7565699485e-11 0)
(0.61519141797 1.31859971594e-10 0)
(0.615821729492 -5.01322574903e-11 0)
(0.615344397853 -4.08259749066e-11 0)
(0.615472258359 3.46751050986e-11 0)
(0.615369716069 1.3091161107e-11 0)
(0.615403888543 -1.60106269443e-11 0)
(0.615384168402 3.83211152558e-13 0)
(0.615393081251 8.69607122239e-12 0)
(0.615389156387 -1.46856383414e-12 0)
(0.615391244586 -3.62389942586e-12 0)
(0.615390387847 3.52607503041e-13 0)
(0.615390841525 5.78248446507e-13 0)
(0.615390644487 -1.89364039782e-12 0)
(0.615390740891 -8.67104146967e-13 0)
(0.615390695727 -4.85831493527e-13 0)
(0.61539071653 1.9414126523e-13 0)
(0.615390706425 -9.32101877024e-14 0)
(0.615390711019 -2.76152207641e-14 0)
(0.615390708797 2.39584745937e-13 0)
(0.615390709823 4.65115637873e-13 0)
(0.615390709337 5.66505304745e-13 0)
(0.615390709566 3.76918544512e-13 0)
(0.615390709459 3.63328465418e-13 0)
(0.61539070951 1.05729705306e-12 0)
(0.615390709486 -1.25105520065e-13 0)
(0.615390709498 5.32062919603e-14 0)
(0.615390709492 -2.39723052842e-13 0)
(0.615390709494 -2.28919332431e-13 0)
(0.615390709493 2.21935153718e-13 0)
(0.615390709493 -8.19776395268e-14 0)
(0.615390709493 -2.50008095551e-14 0)
(0.615390709492 4.03315544684e-13 0)
(0.615390709492 2.58230612303e-13 0)
(0.615390709492 -5.70577969323e-14 0)
(0.615390709492 1.49875276245e-13 0)
(0.490767781834 -0.00899268219723 0)
(0.583067293029 -0.00728348193537 0)
(0.588258191702 -0.00451137461311 0)
(0.614569734049 -0.00171321243962 0)
(0.612263454406 -0.000547391366691 0)
(0.616557724058 -9.8215478615e-05 0)
(0.614935877446 1.70590246464e-05 0)
(0.615567845003 2.38127914478e-05 0)
(0.615091998554 1.61411308918e-05 0)
(0.615220543212 6.27246772582e-06 0)
(0.61511833827 2.62657836636e-06 0)
(0.615152587741 5.24453945225e-07 0)
(0.615132899884 1.48019585366e-07 0)
(0.615141808512 -6.01575734329e-08 0)
(0.615137883445 -2.2504774471e-08 0)
(0.615139968504 -2.58820983506e-08 0)
(0.61513911138 -5.30435752155e-09 0)
(0.615139564425 -4.15272541342e-09 0)
(0.615139367403 -3.38943087318e-11 0)
(0.615139463725 -3.72730109396e-10 0)
(0.615139418591 2.01166385773e-10 0)
(0.615139439384 -1.93671649925e-11 0)
(0.615139429288 5.65638790051e-11 0)
(0.61513943388 -5.29411970947e-12 0)
(0.615139431661 1.0234096271e-11 0)
(0.615139432686 -1.96046030194e-12 0)
(0.6151394322 2.02323772781e-12 0)
(0.615139432429 -6.85067398319e-13 0)
(0.615139432322 2.83298435443e-13 0)
(0.615139432373 1.01487434501e-12 0)
(0.615139432349 -1.57525085957e-13 0)
(0.615139432361 -4.57849465522e-13 0)
(0.615139432355 -4.85701840585e-15 0)
(0.615139432358 1.06381082405e-13 0)
(0.615139432357 2.08745749786e-14 0)
(0.615139432357 -1.23958308667e-13 0)
(0.615139432356 -2.06616676178e-13 0)
(0.615139432356 1.97777201151e-13 0)
(0.615139432355 6.77529902738e-13 0)
(0.615139432355 2.45937618714e-13 0)
(0.615139432355 1.44857120774e-13 0)
(0.491387939129 -0.0180748064553 0)
(0.583697377287 -0.0145063533631 0)
(0.588085842082 -0.00895021546679 0)
(0.614046038285 -0.00338756318067 0)
(0.611531875891 -0.00107867168919 0)
(0.615783084232 -0.000192964743051 0)
(0.614154392865 3.42248816636e-05 0)
(0.614791305122 4.69896819415e-05 0)
(0.614319888531 3.18620066325e-05 0)
(0.614450463487 1.23349314524e-05 0)
(0.614349261552 5.1750353548e-06 0)
(0.614383738263 1.02516839254e-06 0)
(0.614364146301 2.91555331582e-07 0)
(0.614373042083 -1.19958197248e-07 0)
(0.614369116453 -4.40915369628e-08 0)
(0.614371192134 -5.11800798786e-08 0)
(0.614370333884 -1.03500107441e-08 0)
(0.614370785045 -8.2110016664e-09 0)
(0.614370588077 -4.00737321674e-11 0)
(0.614370684155 -7.40194318171e-10 0)
(0.614370639108 4.01853262033e-10 0)
(0.614370659873 -4.06761040059e-11 0)
(0.614370649804 1.12874655167e-10 0)
(0.61437065439 -1.04911324334e-11 0)
(0.614370652177 2.03461980561e-11 0)
(0.6143706532 -4.47961338811e-12 0)
(0.614370652715 3.90551915424e-12 0)
(0.614370652943 -1.77677982261e-12 0)
(0.614370652837 3.64160711131e-13 0)
(0.614370652887 6.75802978148e-13 0)
(0.614370652864 9.3270431053e-14 0)
(0.614370652875 -7.41472064533e-13 0)
(0.61437065287 -1.3005663107e-13 0)
(0.614370652872 8.4331632895e-14 0)
(0.614370652871 -4.81093286561e-13 0)
(0.614370652871 -7.80505450129e-14 0)
(0.614370652871 -4.88449227305e-13 0)
(0.61437065287 1.20320318195e-13 0)
(0.61437065287 6.06885536508e-13 0)
(0.61437065287 5.36482049455e-13 0)
(0.614370652869 2.7139902363e-13 0)
(0.492414885662 -0.0273343889851 0)
(0.5847165187 -0.0216050139346 0)
(0.587742956019 -0.013242761605 0)
(0.613117704279 -0.00498438614378 0)
(0.610260267668 -0.00157799375902 0)
(0.614441058993 -0.000280897959445 0)
(0.612801486129 5.15806817404e-05 0)
(0.61344656033 6.89035590199e-05 0)
(0.612982441527 4.67521346984e-05 0)
(0.613116326747 1.79835468273e-05 0)
(0.613016766543 7.56985016856e-06 0)
(0.613051609605 1.47929036704e-06 0)
(0.613032174332 4.26352231333e-07 0)
(0.613041048093 -1.78999179305e-07 0)
(0.613037121669 -6.38637514855e-08 0)
(0.613039181875 -7.53308243486e-08 0)
(0.613038321847 -1.48863550877e-08 0)
(0.613038769906 -1.20819617778e-08 0)
(0.613038573043 3.46924421919e-12 0)
(0.613038668717 -1.09884776143e-09 0)
(0.613038623817 6.0030125862e-10 0)
(0.613038644536 -6.4172020167e-11 0)
(0.61303863451 1.67379055282e-10 0)
(0.613038639087 -1.65643700236e-11 0)
(0.613038636883 3.0327928408e-11 0)
(0.613038637903 -7.22162149276e-12 0)
(0.61303863742 5.17281520119e-12 0)
(0.613038637648 -2.69148956268e-12 0)
(0.613038637542 5.63242591439e-13 0)
(0.613038637592 -1.50291326914e-13 0)
(0.613038637568 3.12943677861e-13 0)
(0.61303863758 -9.59601882714e-13 0)
(0.613038637574 -1.77577280041e-13 0)
(0.613038637577 -3.0348348698e-13 0)
(0.613038637576 -4.94880546461e-13 0)
(0.613038637576 1.75375346748e-13 0)
(0.613038637575 -4.90042379321e-13 0)
(0.613038637575 1.25730529115e-13 0)
(0.613038637574 5.11386116123e-13 0)
(0.613038637574 5.287426669e-13 0)
(0.613038637574 2.780685136e-14 0)
(0.493835630215 -0.0368548722488 0)
(0.586073532373 -0.0285091277318 0)
(0.587141980991 -0.0173124896059 0)
(0.611697971017 -0.00646542393626 0)
(0.608366969703 -0.0020300475938 0)
(0.612452044823 -0.00035890060149 0)
(0.61079834531 6.91615103371e-05 0)
(0.611454675678 8.8945326005e-05 0)
(0.611000595138 6.04206876978e-05 0)
(0.611138960888 2.30265321596e-05 0)
(0.611041636908 9.74058023316e-06 0)
(0.611076967096 1.86580195504e-06 0)
(0.611057744739 5.48601086402e-07 0)
(0.611066586395 -2.36833114051e-07 0)
(0.611062659177 -8.09576997341e-08 0)
(0.611064698038 -9.78000989822e-08 0)
(0.611063835726 -1.86787312585e-08 0)
(0.611064279525 -1.56808295505e-08 0)
(0.611064082839 1.19401922157e-10 0)
(0.611064177954 -1.44547703954e-09 0)
(0.611064133262 7.94662037277e-10 0)
(0.611064153914 -9.17592831083e-11 0)
(0.611064143949 2.19459369234e-10 0)
(0.611064148514 -2.35602756294e-11 0)
(0.611064146322 3.95315163464e-11 0)
(0.611064147338 -1.03988278528e-11 0)
(0.611064146857 6.98347173288e-12 0)
(0.611064147084 -3.6031934493e-12 0)
(0.611064146979 4.79743481254e-13 0)
(0.611064147028 -8.02214369942e-13 0)
(0.611064147005 6.88119216405e-13 0)
(0.611064147016 -7.04311827606e-13 0)
(0.611064147011 -1.98001994026e-13 0)
(0.611064147013 -7.69504433881e-13 0)
(0.611064147012 -7.66322084715e-14 0)
(0.611064147012 2.66228321684e-13 0)
(0.611064147011 -7.09106423257e-13 0)
(0.611064147012 1.66036417917e-13 0)
(0.611064147011 3.59448609032e-13 0)
(0.611064147011 7.94374186083e-13 0)
(0.61106414701 -2.09241245266e-13 0)
(0.49562538748 -0.0467120989407 0)
(0.587686899695 -0.0351384902614 0)
(0.586152013672 -0.0210789955487 0)
(0.609658218937 -0.00779318813784 0)
(0.605731099138 -0.00242037422789 0)
(0.609698076664 -0.000424215146842 0)
(0.608028114908 8.69310738409e-05 0)
(0.608698614183 0.000106533384953 0)
(0.608257134832 7.25061178211e-05 0)
(0.608400998836 2.72900770501e-05 0)
(0.608306445015 1.16242873559e-05 0)
(0.608342357862 2.16636440617e-06 0)
(0.608323398515 6.55146298284e-07 0)
(0.608332196737 -2.92935070463e-07 0)
(0.608328269064 -9.45657812363e-08 0)
(0.60833028102 -1.18096956115e-07 0)
(0.608329416123 -2.1518287956e-08 0)
(0.608329854581 -1.89311616221e-08 0)
(0.608329658174 3.267660939e-10 0)
(0.608329752583 -1.77658835744e-09 0)
(0.608329708159 9.84112612372e-10 0)
(0.608329728725 -1.23678731375e-10 0)
(0.608329718838 2.684347244e-10 0)
(0.608329723385 -3.14851634174e-11 0)
(0.608329721209 4.85592919843e-11 0)
(0.608329722221 -1.34484633909e-11 0)
(0.608329721743 8.2748985656e-12 0)
(0.608329721968 -4.13381779177e-12 0)
(0.608329721863 1.11176162882e-12 0)
(0.608329721913 -1.07723622147e-12 0)
(0.608329721889 9.8700135365e-13 0)
(0.6083297219 -3.87170565195e-13 0)
(0.608329721895 -2.94504951943e-13 0)
(0.608329721898 -6.15696173109e-13 0)
(0.608329721897 -7.546674135e-14 0)
(0.608329721896 2.70304153723e-13 0)
(0.608329721896 -7.76027772415e-13 0)
(0.608329721896 2.33821919713e-13 0)
(0.608329721895 -3.75928810534e-14 0)
(0.608329721895 5.31514325132e-13 0)
(0.608329721895 -5.56338224849e-14 0)
(0.497739843067 -0.0569695742011 0)
(0.589433816566 -0.0413995261569 0)
(0.584589977385 -0.024457086137 0)
(0.606820372053 -0.00893146080427 0)
(0.602185552697 -0.00273573004441 0)
(0.606015849625 -0.000474565597425 0)
(0.604328915949 0.000104759132169 0)
(0.605016245572 0.000121123968864 0)
(0.604589703668 8.26856469334e-05 0)
(0.604739888974 3.06240320224e-05 0)
(0.604648563803 1.31678003178e-05 0)
(0.604685123054 2.36612333903e-06 0)
(0.604666469396 7.43660113584e-07 0)
(0.604675211283 -3.46682529352e-07 0)
(0.604671283976 -1.03953523033e-07 0)
(0.60467326384 -1.35787916258e-07 0)
(0.604672396323 -2.32267223451e-08 0)
(0.604672828451 -2.17691445668e-08 0)
(0.604672632468 6.40884986067e-10 0)
(0.604672726029 -2.09009605687e-09 0)
(0.604672681936 1.16785166794e-09 0)
(0.604672702394 -1.6102958392e-10 0)
(0.604672692601 3.13968600878e-10 0)
(0.604672697127 -4.11856690788e-11 0)
(0.60467269497 5.71611835651e-11 0)
(0.604672695976 -1.67923750194e-11 0)
(0.604672695501 9.68828752118e-12 0)
(0.604672695725 -4.71515794947e-12 0)
(0.604672695621 1.75998556477e-12 0)
(0.60467269567 -1.59571622195e-12 0)
(0.604672695646 8.44461076965e-13 0)
(0.604672695657 -2.94713147174e-13 0)
(0.604672695652 -5.79016184211e-13 0)
(0.604672695655 -3.12544085442e-13 0)
(0.604672695654 -9.15496378002e-14 0)
(0.604672695654 1.93211771569e-13 0)
(0.604672695653 -6.49786243999e-13 0)
(0.604672695653 -1.46249010859e-13 0)
(0.604672695653 -3.55635053584e-13 0)
(0.604672695652 1.01546058537e-13 0)
(0.604672695652 1.08648849626e-14 0)
(0.500103459495 -0.0676714554788 0)
(0.59113444982 -0.0471816222759 0)
(0.582208505453 -0.027356274475 0)
(0.602946450635 -0.00984601096331 0)
(0.597507346605 -0.00296451858499 0)
(0.601187060467 -0.000508283818588 0)
(0.599484182217 0.000122400659277 0)
(0.600190664692 0.000132222759501 0)
(0.599781122288 9.06845531811e-05 0)
(0.599938215562 3.29073753973e-05 0)
(0.599850489182 1.43297675839e-05 0)
(0.599887720639 2.45444118798e-06 0)
(0.59986940706 8.12790577314e-07 0)
(0.599878077813 -3.97340509212e-07 0)
(0.59987415236 -1.08481827483e-07 0)
(0.599876095372 -1.50509040625e-07 0)
(0.599875225528 -2.36661688799e-08 0)
(0.59987565044 -2.41442411537e-08 0)
(0.599875455074 1.07141255634e-09 0)
(0.599875547651 -2.38456705673e-09 0)
(0.599875503957 1.3441169071e-09 0)
(0.599875524284 -2.04438705852e-10 0)
(0.599875514601 3.55781390685e-10 0)
(0.5998755191 -5.21105573782e-11 0)
(0.599875516966 6.51508033034e-11 0)
(0.599875517964 -1.999566557e-11 0)
(0.599875517494 1.0976721539e-11 0)
(0.599875517715 -5.26177737421e-12 0)
(0.599875517612 2.25205793537e-12 0)
(0.599875517661 -1.63781676118e-12 0)
(0.599875517637 8.03230467631e-13 0)
(0.599875517648 -3.16402036482e-13 0)
(0.599875517643 -1.59470984938e-13 0)
(0.599875517646 -1.65845870322e-13 0)
(0.599875517645 -1.92474604517e-13 0)
(0.599875517645 -2.64527443884e-14 0)
(0.599875517644 -2.2073316252e-13 0)
(0.599875517644 -8.33446616179e-14 0)
(0.599875517644 -3.0157159322e-13 0)
(0.599875517643 -1.8986135273e-13 0)
(0.599875517643 -3.665086349e-15 0)
(0.50259218106 -0.0788323260522 0)
(0.592529974938 -0.052353462544 0)
(0.578679941479 -0.0296809248205 0)
(0.597724723058 -0.0105055990847 0)
(0.591404746738 -0.00309730542968 0)
(0.594925497997 -0.0005244347306 0)
(0.593209739871 0.000139477958644 0)
(0.593937243771 0.000139398497935 0)
(0.593546443849 9.62852201427e-05 0)
(0.59371075337 3.40534436036e-05 0)
(0.593626897383 1.50824422999e-05 0)
(0.593664783069 2.42554733139e-06 0)
(0.593646835366 8.62254913597e-07 0)
(0.593655417949 -4.44050643731e-07 0)
(0.59365149676 -1.07632228446e-07 0)
(0.593653398602 -1.61977285655e-07 0)
(0.593652527126 -2.27447231761e-08 0)
(0.593652944042 -2.60230200752e-08 0)
(0.593652749546 1.62179998262e-09 0)
(0.593652841009 -2.65979630354e-09 0)
(0.593652797783 1.51138513364e-09 0)
(0.593652817954 -2.54392003779e-10 0)
(0.593652808397 3.93672445354e-10 0)
(0.593652812864 -6.45722388185e-11 0)
(0.593652810755 7.24498975865e-11 0)
(0.593652811745 -2.34552728632e-11 0)
(0.593652811279 1.28426816922e-11 0)
(0.593652811498 -5.72683884228e-12 0)
(0.593652811396 2.8234206285e-12 0)
(0.593652811444 -1.68061126709e-12 0)
(0.593652811421 8.32212935738e-13 0)
(0.593652811432 -3.63185931953e-13 0)
(0.593652811427 2.17624198422e-13 0)
(0.593652811429 -3.79374331948e-14 0)
(0.593652811429 -5.22724978111e-13 0)
(0.593652811428 -7.09996875152e-14 0)
(0.593652811428 2.52734722504e-13 0)
(0.593652811428 -6.23100624618e-14 0)
(0.593652811427 -3.53468359416e-13 0)
(0.593652811427 -5.39820044171e-13 0)
(0.593652811426 -1.11250490176e-13 0)
(0.505008101833 -0.0904223729612 0)
(0.593252428758 -0.0567595943026 0)
(0.573575727606 -0.0313313764972 0)
(0.590751730626 -0.0108833416204 0)
(0.58350046081 -0.00312742877273 0)
(0.586860117974 -0.000522934311064 0)
(0.585136864671 0.000155467530305 0)
(0.585886648147 0.000142299602918 0)
(0.585515974502 9.93359110814e-05 0)
(0.585687486401 3.40149490479e-05 0)
(0.585607667424 1.54131258937e-05 0)
(0.585646139875 2.27909728867e-06 0)
(0.585628575765 8.92876752053e-07 0)
(0.585637050479 -4.85825860512e-07 0)
(0.585633137265 -1.01036583579e-07 0)
(0.585634994036 -1.69997162892e-07 0)
(0.585634122111 -2.04250419159e-08 0)
(0.585634530343 -2.73876063911e-08 0)
(0.585634337046 2.28895772028e-09 0)
(0.585634427263 -2.91557434867e-09 0)
(0.585634384583 1.6677397016e-09 0)
(0.585634404569 -3.11263412975e-10 0)
(0.585634395154 4.26660817812e-10 0)
(0.585634399581 -7.83584991359e-11 0)
(0.585634397502 7.94453221774e-11 0)
(0.585634398481 -2.6606819649e-11 0)
(0.585634398021 1.38189911392e-11 0)
(0.585634398237 -6.47547383687e-12 0)
(0.585634398136 3.22203761757e-12 0)
(0.585634398184 -1.81754912305e-12 0)
(0.585634398161 4.8971438107e-13 0)
(0.585634398172 -4.36534025226e-13 0)
(0.585634398167 2.64334663067e-13 0)
(0.585634398169 2.41548052679e-13 0)
(0.585634398168 -8.06754606179e-13 0)
(0.585634398168 -5.80886818721e-14 0)
(0.585634398167 2.91836404231e-15 0)
(0.585634398168 9.77544971147e-15 0)
(0.585634398167 -1.66143495257e-13 0)
(0.585634398167 -6.71131725349e-13 0)
(0.585634398166 -3.00168995201e-13 0)
(0.507042510339 -0.102346112149 0)
(0.592783717239 -0.0602176646949 0)
(0.566340321959 -0.0322065130033 0)
(0.581509247199 -0.01095850472 0)
(0.573309942596 -0.0030517129438 0)
(0.576513097995 -0.000504649923377 0)
(0.574790312728 0.000169694116216 0)
(0.575562804421 0.000140675199571 0)
(0.57521325024 9.9759184973e-05 0)
(0.575391580426 3.27888404352e-05 0)
(0.57531585893 1.53251813757e-05 0)
(0.575354795206 2.02063380926e-06 0)
(0.57533762601 9.06536043121e-07 0)
(0.575345969889 -5.21547611326e-07 0)
(0.575342070224 -8.85177747911e-08 0)
(0.575343878339 -1.74464957935e-07 0)
(0.575343007755 -1.67316696021e-08 0)
(0.575343406676 -2.82372390666e-08 0)
(0.575343215006 3.06207587539e-09 0)
(0.575343303835 -3.15307888891e-09 0)
(0.575343261788 1.81116424481e-09 0)
(0.575343281553 -3.75262287767e-10 0)
(0.575343272298 4.54659003203e-10 0)
(0.575343276677 -9.35738860974e-11 0)
(0.575343274631 8.56974509936e-11 0)
(0.575343275598 -2.96350220239e-11 0)
(0.575343275144 1.550495903e-11 0)
(0.575343275357 -7.06354672256e-12 0)
(0.575343275257 3.61361894132e-12 0)
(0.575343275305 -2.03622719114e-12 0)
(0.575343275282 5.32346967492e-13 0)
(0.575343275293 -4.80971012487e-13 0)
(0.575343275288 5.15199907144e-13 0)
(0.57534327529 8.61542848078e-13 0)
(0.575343275289 -7.70275978624e-13 0)
(0.575343275289 -5.13689059918e-14 0)
(0.575343275288 -7.05786830537e-15 0)
(0.575343275289 2.4531242092e-13 0)
(0.575343275288 -1.90255286513e-13 0)
(0.575343275288 -7.25511550226e-13 0)
(0.575343275288 -6.45420883874e-13 0)
(0.508222046412 -0.11441220249 0)
(0.590400234879 -0.0625170779396 0)
(0.556258688611 -0.0322084276409 0)
(0.569334973051 -0.0107187787067 0)
(0.560213582773 -0.00287128369057 0)
(0.563271565804 -0.000471465863158 0)
(0.561560022871 0.000181334800893 0)
(0.562354508757 0.000134402579223 0)
(0.562026661162 9.75597161159e-05 0)
(0.562210998634 3.04211462058e-05 0)
(0.562139335483 1.48384739364e-05 0)
(0.562178550129 1.66197277629e-06 0)
(0.562161784181 9.06005158702e-07 0)
(0.562169970037 -5.49962881326e-07 0)
(0.562166092217 -7.01404112183e-08 0)
(0.562167848192 -1.7536896889e-07 0)
(0.562166981514 -1.17589429236e-08 0)
(0.5621673705 -2.8586445985e-08 0)
(0.562167181011 3.91991427592e-09 0)
(0.562167268286 -3.37173986147e-09 0)
(0.562167226975 1.93843475103e-09 0)
(0.562167246476 -4.45556849474e-10 0)
(0.5621672374 4.77133408006e-10 0)
(0.562167241721 -1.09723274172e-10 0)
(0.562167239711 9.06820726284e-11 0)
(0.562167240664 -3.26220049434e-11 0)
(0.562167240217 1.67542174747e-11 0)
(0.562167240427 -7.51520984425e-12 0)
(0.562167240328 3.63713517864e-12 0)
(0.562167240375 -1.93353628486e-12 0)
(0.562167240353 4.4198368881e-13 0)
(0.562167240363 -5.29213747957e-13 0)
(0.562167240358 5.92579392253e-13 0)
(0.56216724036 6.90214308139e-13 0)
(0.56216724036 -4.84467903251e-13 0)
(0.56216724036 -1.33673050352e-13 0)
(0.562167240359 1.84413485259e-13 0)
(0.562167240359 -1.34259294319e-13 0)
(0.562167240358 -5.01475244201e-13 0)
(0.562167240358 -8.05774843413e-13 0)
(0.562167240358 -2.7082921379e-13 0)
(0.507830241327 -0.126290686025 0)
(0.585098433682 -0.063420325705 0)
(0.542416369216 -0.0312501473589 0)
(0.553385431164 -0.0101630504555 0)
(0.543421215947 -0.00259247359195 0)
(0.546351311239 -0.000426286871578 0)
(0.544664814026 0.000189436245476 0)
(0.545478983105 0.000123524208566 0)
(0.545173036757 9.28310278299e-05 0)
(0.545362071304 2.70120962706e-05 0)
(0.545294345802 1.3989026993e-05 0)
(0.545333581434 1.22154100592e-06 0)
(0.545317230084 8.94621951985e-07 0)
(0.545325224879 -5.69668921765e-07 0)
(0.545321381264 -4.62876491245e-08 0)
(0.545323081301 -1.72780327265e-07 0)
(0.545322222128 -5.68627258339e-09 0)
(0.545322600446 -2.84601273439e-08 0)
(0.54532241387 4.83137271956e-09 0)
(0.545322499371 -3.57165712476e-09 0)
(0.545322458931 2.04609989752e-09 0)
(0.545322478105 -5.20482789354e-10 0)
(0.545322469234 4.94275256724e-10 0)
(0.545322473482 -1.26488110147e-10 0)
(0.545322471515 9.51715682354e-11 0)
(0.545322472449 -3.59965309067e-11 0)
(0.545322472012 1.77259300248e-11 0)
(0.545322472218 -7.93568221788e-12 0)
(0.545322472121 3.71191377305e-12 0)
(0.545322472166 -2.33812064048e-12 0)
(0.545322472145 4.99963846474e-13 0)
(0.545322472155 -5.96469138736e-13 0)
(0.54532247215 5.78069248145e-13 0)
(0.545322472152 6.33674688142e-13 0)
(0.545322472151 -3.30657623141e-13 0)
(0.545322472151 -4.3639824424e-13 0)
(0.545322472151 -3.64022016542e-13 0)
(0.545322472151 -3.18365745001e-13 0)
(0.54532247215 -6.48222291651e-13 0)
(0.54532247215 -9.72833490468e-13 0)
(0.54532247215 -5.26067154342e-14 0)
(0.504792971552 -0.137450952996 0)
(0.575495188183 -0.0626693590075 0)
(0.523651237448 -0.0292679284633 0)
(0.532589119174 -0.00930465833708 0)
(0.521926940897 -0.00222779048856 0)
(0.524750303126 -0.000372940121421 0)
(0.523105927368 0.000192949614927 0)
(0.523935205575 0.00010829899184 0)
(0.52365102827 8.57605946455e-05 0)
(0.523842851234 2.27220189739e-05 0)
(0.523778896798 1.28276121696e-05 0)
(0.523817810064 7.24743484629e-07 0)
(0.523801897616 8.75729208126e-07 0)
(0.523809659662 -5.79065936201e-07 0)
(0.523805868758 -1.77735627518e-08 0)
(0.523807508022 -1.66830327418e-07 0)
(0.523806661391 1.20603587647e-09 0)
(0.523807028014 -2.78863302881e-08 0)
(0.523806845345 5.74978752062e-09 0)
(0.523806928759 -3.74766248785e-09 0)
(0.523806889365 2.1291628613e-09 0)
(0.523806908128 -5.96750258206e-10 0)
(0.523806899497 5.04666932346e-10 0)
(0.523806903651 -1.43288516052e-10 0)
(0.523806901735 9.85713054393e-11 0)
(0.523806902648 -3.88052949739e-11 0)
(0.523806902221 1.85031967906e-11 0)
(0.523806902421 -8.89904848489e-12 0)
(0.523806902327 3.78232691254e-12 0)
(0.523806902371 -2.38178799002e-12 0)
(0.52380690235 6.57648434215e-13 0)
(0.52380690236 -7.21266562081e-13 0)
(0.523806902356 4.54652205816e-13 0)
(0.523806902357 6.00761752441e-13 0)
(0.523806902356 -1.62169378769e-13 0)
(0.523806902357 -6.57145623537e-13 0)
(0.523806902356 -4.46324136296e-13 0)
(0.523806902356 -4.13618422573e-13 0)
(0.523806902355 -1.56138299142e-13 0)
(0.523806902355 -8.53660728521e-13 0)
(0.523806902355 8.81613913162e-14 0)
(0.497510419587 -0.147070535637 0)
(0.559694654142 -0.0600015039 0)
(0.498496402916 -0.0262399930313 0)
(0.505587453145 -0.00817504211251 0)
(0.494451712978 -0.00179687099084 0)
(0.497189205308 -0.000315931462356 0)
(0.495607663356 0.000190792974389 0)
(0.49644422856 8.92717047455e-05 0)
(0.496181518409 7.66334073449e-05 0)
(0.496373478331 1.77781876882e-05 0)
(0.496313145631 1.14171191003e-05 0)
(0.4963512848 2.04346064408e-07 0)
(0.496335864539 8.51843622912e-07 0)
(0.496343338648 -5.76288312189e-07 0)
(0.496339628406 1.40034529879e-08 0)
(0.496341199781 -1.57675343791e-07 0)
(0.496340372811 8.5126590886e-09 0)
(0.496340726109 -2.68836868229e-08 0)
(0.496340548732 6.61131765013e-09 0)
(0.496340629582 -3.88930846856e-09 0)
(0.496340591487 2.18029968724e-09 0)
(0.496340609714 -6.70294792826e-10 0)
(0.496340601372 5.07594531183e-10 0)
(0.496340605405 -1.59162152416e-10 0)
(0.496340603551 1.01152532149e-10 0)
(0.496340604435 -4.14071990662e-11 0)
(0.496340604022 1.91799713636e-11 0)
(0.496340604216 -9.7801091709e-12 0)
(0.496340604124 4.27500421751e-12 0)
(0.496340604167 -2.49265657704e-12 0)
(0.496340604147 8.60384601701e-13 0)
(0.496340604156 -9.57224116226e-13 0)
(0.496340604152 5.48569507256e-13 0)
(0.496340604153 4.65486977944e-13 0)
(0.496340604153 -2.83461385399e-13 0)
(0.496340604153 -9.31000129238e-13 0)
(0.496340604152 -5.98670830131e-13 0)
(0.496340604152 -5.77764886669e-13 0)
(0.496340604151 2.57587812722e-13 0)
(0.496340604151 -8.38601807731e-13 0)
(0.496340604152 1.77549296003e-13 0)
(0.483609231018 -0.153915841747 0)
(0.535110872435 -0.0551798149951 0)
(0.465114572796 -0.0222120862142 0)
(0.470660289596 -0.00682719570565 0)
(0.45937049053 -0.00132721969511 0)
(0.462035273432 -0.000260008365799 0)
(0.460541605222 0.000181945167833 0)
(0.461372916814 6.73581072351e-05 0)
(0.461131519279 6.5831778356e-05 0)
(0.461320002531 1.24816628371e-05 0)
(0.461263266252 9.82831118975e-06 0)
(0.461300034109 -2.99223965734e-07 0)
(0.461285213868 8.23531027875e-07 0)
(0.461292322997 -5.59098367812e-07 0)
(0.461288736055 4.68657497062e-08 0)
(0.461290228026 -1.4544022737e-07 0)
(0.461289430957 1.56722987144e-08 0)
(0.461289768196 -2.54452217886e-08 0)
(0.461289598106 7.32721678504e-09 0)
(0.461289675637 -3.97557347303e-09 0)
(0.461289639217 2.18772345634e-09 0)
(0.461289656718 -7.33249756439e-10 0)
(0.461289648744 5.01015204684e-10 0)
(0.461289652613 -1.71853680659e-10 0)
(0.461289650838 1.01702678879e-10 0)
(0.461289651685 -4.31822216699e-11 0)
(0.461289651289 1.98663145409e-11 0)
(0.461289651474 -9.92869110685e-12 0)
(0.461289651386 4.3582269761e-12 0)
(0.461289651428 -2.17601084757e-12 0)
(0.461289651408 6.93542721531e-13 0)
(0.461289651417 -9.22122634355e-13 0)
(0.461289651413 2.86541753561e-13 0)
(0.461289651414 7.09452641166e-14 0)
(0.461289651414 -1.20448503809e-13 0)
(0.461289651414 -1.34470446031e-12 0)
(0.461289651413 -4.09863609743e-13 0)
(0.461289651413 -5.013501941e-13 0)
(0.461289651412 3.68151202122e-13 0)
(0.461289651413 -4.41388237659e-13 0)
(0.461289651413 2.67359038172e-13 0)
(0.45957827852 -0.156228372397 0)
(0.498235703243 -0.0480338636249 0)
(0.421225242291 -0.0173288359236 0)
(0.425631435176 -0.00533678137945 0)
(0.414619801273 -0.000854590956588 0)
(0.417204950295 -0.000209349398335 0)
(0.415829958683 0.000165497697489 0)
(0.416636541639 4.39573580582e-05 0)
(0.416417041897 5.38112519618e-05 0)
(0.41659712858 7.21726651771e-06 0)
(0.416544263909 8.13028606695e-06 0)
(0.416578855555 -7.36513818344e-07 0)
(0.416564838036 7.87398006272e-07 0)
(0.41657146898 -5.24431791818e-07 0)
(0.416568071007 7.75075123634e-08 0)
(0.416569464155 -1.30075585333e-07 0)
(0.416568712048 2.19074504478e-08 0)
(0.416569028557 -2.3502415345e-08 0)
(0.416568868724 7.77314970284e-09 0)
(0.416568941718 -3.96739346252e-09 0)
(0.416568907553 2.13352836085e-09 0)
(0.416568924036 -7.74124259573e-10 0)
(0.416568916551 4.81848560174e-10 0)
(0.41656892019 -1.79262081124e-10 0)
(0.416568918522 9.96004281038e-11 0)
(0.416568919319 -4.33819576619e-11 0)
(0.416568918946 1.98428661989e-11 0)
(0.41656891912 -9.9175775364e-12 0)
(0.416568919037 4.53198497212e-12 0)
(0.416568919076 -2.20183790036e-12 0)
(0.416568919058 5.9542651875e-13 0)
(0.416568919067 -6.33889189025e-13 0)
(0.416568919063 -3.48036735513e-14 0)
(0.416568919064 -3.04599449815e-13 0)
(0.416568919063 -3.21040543124e-14 0)
(0.416568919064 -1.06960331294e-12 0)
(0.416568919063 -3.0339799613e-13 0)
(0.416568919063 -6.89263596049e-13 0)
(0.416568919062 2.49261348063e-13 0)
(0.416568919062 -4.01701932824e-13 0)
(0.416568919063 3.97186575156e-13 0)
(0.420240367219 -0.15156855036 0)
(0.444346484562 -0.0385079460721 0)
(0.364026238762 -0.0118880260025 0)
(0.367747655764 -0.00379821989223 0)
(0.357580303508 -0.000423919113331 0)
(0.360039120217 -0.000165742830646 0)
(0.358822299944 0.000140462921521 0)
(0.359574404724 2.12205094123e-05 0)
(0.359379174129 4.10082251947e-05 0)
(0.35954409193 2.49333991973e-06 0)
(0.35949595965 6.36491934908e-06 0)
(0.359527257193 -1.04129329101e-06 0)
(0.359514404499 7.30600145218e-07 0)
(0.359520383832 -4.66475912213e-07 0)
(0.359517276814 1.00412822692e-07 0)
(0.359518538045 -1.10875507511e-07 0)
(0.359517853521 2.60063729866e-08 0)
(0.359518141357 -2.08133495185e-08 0)
(0.359517996314 7.74136011698e-09 0)
(0.359518062796 -3.78376334663e-09 0)
(0.359518031804 1.98142297186e-09 0)
(0.359518046805 -7.72643453849e-10 0)
(0.359518040008 4.42970137979e-10 0)
(0.359518043317 -1.76862176661e-10 0)
(0.3595180418 9.32049964781e-11 0)
(0.359518042524 -4.18613640166e-11 0)
(0.359518042185 1.920417875e-11 0)
(0.359518042343 -9.34417089717e-12 0)
(0.359518042268 4.43749540114e-12 0)
(0.359518042303 -1.99753443996e-12 0)
(0.359518042286 5.27262821589e-13 0)
(0.359518042294 -4.53329108228e-13 0)
(0.359518042291 -9.33692491465e-14 0)
(0.359518042292 -3.82802871906e-13 0)
(0.359518042291 2.71656583967e-14 0)
(0.359518042292 -9.54265471621e-13 0)
(0.359518042291 -2.08277950272e-13 0)
(0.359518042291 -8.0508325393e-13 0)
(0.35951804229 -1.102467828e-13 0)
(0.35951804229 -2.39452457931e-13 0)
(0.359518042291 6.20946015004e-13 0)
(0.357968267752 -0.136051008836 0)
(0.367129584408 -0.026845105626 0)
(0.290113505163 -0.00648377262813 0)
(0.293525475249 -0.00232299655393 0)
(0.284927588052 -9.25547700307e-05 0)
(0.287143391744 -0.000125379610627 0)
(0.286138419165 0.000105625993639 0)
(0.286791057479 2.6879694467e-06 0)
(0.286626002698 2.77539128135e-05 0)
(0.28676627554 -9.58016464391e-07 0)
(0.286724769566 4.51178906098e-06 0)
(0.286751171951 -1.11505197044e-06 0)
(0.286740104823 6.2128266071e-07 0)
(0.286745159924 -3.73631627778e-07 0)
(0.286742502831 1.057790079e-07 0)
(0.286743576168 -8.57370811474e-08 0)
(0.286742993735 2.59078350666e-08 0)
(0.28674323958 -1.6778277438e-08 0)
(0.286743116364 6.85354598672e-09 0)
(0.286743173134 -3.25861669861e-09 0)
(0.286743146777 1.65959130703e-09 0)
(0.286743159567 -6.88232751214e-10 0)
(0.286743153777 3.6836154446e-10 0)
(0.286743156594 -1.56053644771e-10 0)
(0.286743155301 7.86229857294e-11 0)
(0.286743155917 -3.63594613404e-11 0)
(0.286743155629 1.6573980386e-11 0)
(0.286743155763 -8.13967844312e-12 0)
(0.286743155699 4.07556066499e-12 0)
(0.286743155729 -1.46075721534e-12 0)
(0.286743155715 4.42284676072e-13 0)
(0.286743155722 -3.11609023914e-13 0)
(0.286743155719 7.20119880936e-14 0)
(0.286743155719 -6.60518408626e-13 0)
(0.286743155719 5.16587530929e-14 0)
(0.286743155719 -4.21637027767e-13 0)
(0.286743155719 -9.838799654e-15 0)
(0.286743155719 -8.4804359835e-13 0)
(0.286743155718 -4.03834012619e-13 0)
(0.286743155718 -3.19174869744e-13 0)
(0.286743155718 5.4383504515e-13 0)
(0.261383904413 -0.102230111765 0)
(0.258090326296 -0.0143135480269 0)
(0.195428690036 -0.0022088982184 0)
(0.198566141466 -0.00106787253413 0)
(0.192444659638 7.26852238616e-05 0)
(0.19418376092 -7.89862872633e-05 0)
(0.193468050477 6.1951268711e-05 0)
(0.193953540552 -6.5598636407e-06 0)
(0.193830981306 1.47373340482e-05 0)
(0.19393311806 -2.22730420692e-06 0)
(0.193901870073 2.55486219917e-06 0)
(0.193921022141 -8.53275881757e-07 0)
(0.193912774811 4.18070127437e-07 0)
(0.193916471396 -2.35682590142e-07 0)
(0.19391451243 8.14488674396e-08 0)
(0.193915304378 -5.2659160561e-08 0)
(0.193914877232 1.92152566596e-08 0)
(0.193915059064 -1.07260390473e-08 0)
(0.193914968703 4.69688682823e-09 0)
(0.193915010605 -2.19780149044e-09 0)
(0.193914991228 1.09148065808e-09 0)
(0.193915000644 -4.75309194801e-10 0)
(0.193914996379 2.40733701642e-10 0)
(0.193914998451 -1.06771289599e-10 0)
(0.193914997498 5.20996229497e-11 0)
(0.193914997951 -2.42641333841e-11 0)
(0.193914997738 1.10508916955e-11 0)
(0.193914997837 -5.70425683349e-12 0)
(0.19391499779 2.88440777116e-12 0)
(0.193914997812 -9.08753191291e-13 0)
(0.193914997802 2.92961447974e-13 0)
(0.193914997807 -1.32962152962e-13 0)
(0.193914997804 9.67085886263e-14 0)
(0.193914997805 -2.84994315321e-13 0)
(0.193914997805 5.04243463379e-14 0)
(0.193914997805 -1.70600296637e-13 0)
(0.193914997805 -5.00915348022e-14 0)
(0.193914997805 -3.64800068274e-13 0)
(0.193914997804 -2.69502217114e-13 0)
(0.193914997804 -1.80712070561e-13 0)
(0.193914997804 1.78919742899e-13 0)
(0.113095983595 -0.0397627773109 0)
(0.105593732354 -0.00404140605436 0)
(0.0753206980643 -0.000263626446797 0)
(0.0773212183738 -0.000259727170832 0)
(0.0747911179904 5.25904815979e-05 0)
(0.0756236076488 -2.64594560424e-05 0)
(0.0753165685246 1.91561751138e-05 0)
(0.0755320396248 -4.07547295451e-06 0)
(0.0754759289669 4.21383658927e-06 0)
(0.0755201603528 -1.09956361172e-06 0)
(0.0755057850287 7.77045109432e-07 0)
(0.0755140984349 -3.1367399478e-07 0)
(0.0755103863551 1.44098121656e-07 0)
(0.0755120175322 -7.7400867754e-08 0)
(0.0755111499909 3.02002277706e-08 0)
(0.0755115037389 -1.7006233457e-08 0)
(0.0755113156431 6.97443855774e-09 0)
(0.0755113969247 -3.56616265988e-09 0)
(0.0755113570499 1.6294392014e-09 0)
(0.0755113756953 -7.5642773303e-10 0)
(0.0755113671062 3.69274765466e-10 0)
(0.07551137128 -1.65797644883e-10 0)
(0.0755113693845 8.12616566996e-11 0)
(0.0755113703017 -3.71904929731e-11 0)
(0.0755113698783 1.79342340985e-11 0)
(0.0755113700789 -8.17355480306e-12 0)
(0.0755113699846 3.91021843941e-12 0)
(0.0755113700286 -2.06427145184e-12 0)
(0.0755113700075 1.02195211665e-12 0)
(0.0755113700172 -3.15945698711e-13 0)
(0.0755113700126 1.06355119231e-13 0)
(0.0755113700149 9.13304753988e-14 0)
(0.0755113700139 4.44297002412e-14 0)
(0.0755113700141 -7.01862267361e-14 0)
(0.075511370014 1.94427762787e-14 0)
(0.0755113700143 -4.30636756563e-14 0)
(0.0755113700142 9.92763612759e-14 0)
(0.075511370014 -8.86360912509e-14 0)
(0.0755113700137 -2.23114965309e-13 0)
(0.0755113700138 -1.85113264545e-13 0)
(0.075511370014 -9.60432051919e-14 0)
)
;

boundaryField
{
    in
    {
        type            fixedValue;
        value           uniform (0.5 0 0);
    }
    out
    {
        type            zeroGradient;
    }
    top
    {
        type            fixedValue;
        value           uniform (0 0 0);
    }
    bottom
    {
        type            fixedValue;
        value           uniform (0 0 0);
    }
    frontback
    {
        type            empty;
    }
}


// ************************************************************************* //
