/*--------------------------------*- C++ -*----------------------------------*\
| =========                 |                                                 |
| \\      /  F ield         | OpenFOAM: The Open Source CFD Toolbox           |
|  \\    /   O peration     | Version:  2112                                  |
|   \\  /    A nd           | Website:  www.openfoam.com                      |
|    \\/     M anipulation  |                                                 |
\*---------------------------------------------------------------------------*/
FoamFile
{
    version     2.0;
    format      ascii;
    arch        "LSB;label=32;scalar=64";
    class       volScalarField;
    location    "10";
    object      T;
}
// * * * * * * * * * * * * * * * * * * * * * * * * * * * * * * * * * * * * * //

dimensions      [0 0 0 1 0 0 0];

internalField   nonuniform List<scalar> 
12013
(
300.004
300.011
300.019
300.026
300.035
300.043
300.052
300.061
300.071
300.081
300.091
300.102
300.113
300.124
300.136
300.148
300.16
300.173
300.187
300.2
300.215
300.229
300.244
300.26
300.276
300.292
300.309
300.327
300.345
300.363
300.382
300.402
300.422
300.443
300.464
300.486
300.508
300.532
300.555
300.58
300.605
300.63
300.657
300.684
300.712
300.741
300.77
300.8
300.831
300.863
300.896
300.93
300.964
301
301.036
301.074
301.112
301.152
301.193
301.235
301.278
301.322
301.368
301.416
301.464
301.515
301.567
301.621
301.676
301.734
301.795
301.857
301.923
301.991
302.063
302.139
302.22
302.308
302.402
302.508
302.631
300.004
300.011
300.019
300.026
300.035
300.043
300.052
300.061
300.071
300.081
300.091
300.102
300.113
300.124
300.136
300.148
300.16
300.173
300.187
300.2
300.215
300.229
300.244
300.26
300.276
300.292
300.309
300.327
300.345
300.363
300.382
300.402
300.422
300.443
300.464
300.486
300.508
300.532
300.555
300.58
300.605
300.63
300.657
300.684
300.712
300.74
300.77
300.8
300.831
300.863
300.896
300.929
300.964
300.999
301.036
301.073
301.112
301.152
301.192
301.234
301.277
301.322
301.368
301.415
301.464
301.514
301.566
301.62
301.675
301.733
301.793
301.856
301.921
301.989
302.06
302.136
302.216
302.301
302.393
302.493
302.602
300.004
300.011
300.019
300.026
300.035
300.043
300.052
300.061
300.071
300.081
300.091
300.102
300.113
300.124
300.136
300.148
300.16
300.173
300.187
300.2
300.215
300.229
300.244
300.26
300.276
300.292
300.309
300.327
300.345
300.363
300.382
300.402
300.422
300.443
300.464
300.486
300.508
300.531
300.555
300.58
300.605
300.63
300.657
300.684
300.712
300.74
300.77
300.8
300.831
300.863
300.895
300.929
300.964
300.999
301.035
301.073
301.111
301.151
301.192
301.234
301.277
301.321
301.367
301.414
301.462
301.512
301.564
301.618
301.673
301.73
301.79
301.852
301.916
301.984
302.054
302.128
302.206
302.288
302.375
302.467
302.563
300.004
300.011
300.019
300.026
300.035
300.043
300.052
300.061
300.071
300.081
300.091
300.102
300.113
300.124
300.136
300.148
300.16
300.173
300.187
300.2
300.215
300.229
300.244
300.26
300.276
300.292
300.309
300.327
300.345
300.363
300.382
300.402
300.422
300.443
300.464
300.486
300.508
300.531
300.555
300.579
300.604
300.63
300.656
300.684
300.711
300.74
300.769
300.8
300.831
300.862
300.895
300.928
300.963
300.998
301.035
301.072
301.11
301.15
301.191
301.232
301.275
301.319
301.365
301.412
301.46
301.51
301.561
301.614
301.669
301.726
301.785
301.846
301.909
301.975
302.044
302.116
302.191
302.269
302.35
302.434
302.52
300.004
300.011
300.019
300.026
300.035
300.043
300.052
300.061
300.071
300.081
300.091
300.102
300.113
300.124
300.136
300.148
300.16
300.173
300.187
300.2
300.215
300.229
300.244
300.26
300.276
300.292
300.309
300.327
300.345
300.363
300.382
300.402
300.422
300.443
300.464
300.486
300.508
300.531
300.555
300.579
300.604
300.63
300.656
300.683
300.711
300.74
300.769
300.799
300.83
300.862
300.894
300.928
300.962
300.997
301.034
301.071
301.109
301.148
301.189
301.23
301.273
301.317
301.362
301.409
301.457
301.506
301.557
301.61
301.664
301.72
301.778
301.838
301.9
301.964
302.03
302.099
302.17
302.244
302.32
302.397
302.474
300.004
300.011
300.019
300.026
300.035
300.043
300.052
300.061
300.071
300.081
300.091
300.102
300.113
300.124
300.136
300.148
300.16
300.173
300.187
300.2
300.215
300.229
300.244
300.26
300.276
300.292
300.309
300.327
300.345
300.363
300.382
300.402
300.422
300.442
300.464
300.485
300.508
300.531
300.555
300.579
300.604
300.629
300.656
300.683
300.711
300.739
300.768
300.798
300.829
300.861
300.893
300.927
300.961
300.996
301.032
301.069
301.107
301.146
301.187
301.228
301.27
301.314
301.359
301.405
301.452
301.501
301.551
301.603
301.657
301.711
301.768
301.827
301.887
301.949
302.013
302.078
302.146
302.215
302.285
302.355
302.426
300.004
300.011
300.019
300.026
300.035
300.043
300.052
300.061
300.071
300.081
300.091
300.102
300.113
300.124
300.136
300.148
300.16
300.173
300.187
300.2
300.214
300.229
300.244
300.26
300.276
300.292
300.309
300.327
300.344
300.363
300.382
300.401
300.422
300.442
300.463
300.485
300.508
300.531
300.554
300.578
300.603
300.629
300.655
300.682
300.71
300.738
300.767
300.797
300.828
300.86
300.892
300.925
300.959
300.994
301.03
301.067
301.105
301.144
301.184
301.225
301.267
301.31
301.354
301.4
301.447
301.495
301.544
301.595
301.647
301.701
301.756
301.813
301.871
301.93
301.991
302.054
302.117
302.182
302.247
302.312
302.376
300.004
300.011
300.019
300.026
300.035
300.043
300.052
300.061
300.071
300.081
300.091
300.102
300.113
300.124
300.136
300.148
300.16
300.173
300.187
300.2
300.214
300.229
300.244
300.26
300.276
300.292
300.309
300.326
300.344
300.363
300.382
300.401
300.421
300.442
300.463
300.485
300.507
300.53
300.554
300.578
300.603
300.628
300.654
300.681
300.709
300.737
300.766
300.796
300.827
300.858
300.89
300.923
300.957
300.992
301.028
301.064
301.102
301.14
301.18
301.22
301.262
301.305
301.348
301.393
301.439
301.486
301.535
301.585
301.635
301.688
301.741
301.796
301.852
301.909
301.967
302.026
302.085
302.145
302.206
302.266
302.325
300.004
300.011
300.019
300.026
300.035
300.043
300.052
300.061
300.071
300.081
300.091
300.102
300.113
300.124
300.136
300.148
300.16
300.173
300.186
300.2
300.214
300.229
300.244
300.26
300.275
300.292
300.309
300.326
300.344
300.363
300.381
300.401
300.421
300.442
300.463
300.484
300.507
300.53
300.553
300.577
300.602
300.627
300.654
300.68
300.708
300.736
300.765
300.795
300.825
300.856
300.888
300.921
300.955
300.989
301.024
301.061
301.098
301.136
301.175
301.215
301.256
301.298
301.341
301.385
301.43
301.476
301.524
301.572
301.621
301.672
301.723
301.776
301.829
301.884
301.939
301.994
302.05
302.106
302.162
302.218
302.273
300.004
300.011
300.019
300.026
300.035
300.043
300.052
300.061
300.071
300.081
300.091
300.102
300.112
300.124
300.136
300.148
300.16
300.173
300.186
300.2
300.214
300.229
300.244
300.259
300.275
300.292
300.309
300.326
300.344
300.362
300.381
300.401
300.421
300.441
300.462
300.484
300.506
300.529
300.552
300.576
300.601
300.626
300.652
300.679
300.706
300.734
300.763
300.793
300.823
300.854
300.886
300.918
300.951
300.986
301.021
301.056
301.093
301.131
301.169
301.209
301.249
301.29
301.332
301.375
301.419
301.464
301.51
301.557
301.605
301.654
301.703
301.753
301.804
301.856
301.908
301.96
302.012
302.065
302.117
302.168
302.219
300.004
300.011
300.018
300.026
300.035
300.043
300.052
300.061
300.071
300.081
300.091
300.101
300.112
300.124
300.135
300.148
300.16
300.173
300.186
300.2
300.214
300.229
300.244
300.259
300.275
300.292
300.308
300.326
300.344
300.362
300.381
300.4
300.42
300.441
300.462
300.483
300.505
300.528
300.551
300.575
300.6
300.625
300.651
300.677
300.705
300.733
300.761
300.79
300.82
300.851
300.882
300.915
300.948
300.981
301.016
301.051
301.087
301.124
301.162
301.201
301.24
301.281
301.322
301.364
301.407
301.451
301.495
301.54
301.586
301.633
301.68
301.728
301.776
301.825
301.874
301.923
301.972
302.021
302.069
302.117
302.165
300.004
300.011
300.018
300.026
300.035
300.043
300.052
300.061
300.071
300.081
300.091
300.101
300.112
300.124
300.135
300.148
300.16
300.173
300.186
300.2
300.214
300.229
300.244
300.259
300.275
300.291
300.308
300.325
300.343
300.362
300.38
300.4
300.42
300.44
300.461
300.482
300.504
300.527
300.55
300.574
300.599
300.624
300.649
300.676
300.703
300.73
300.759
300.787
300.817
300.848
300.879
300.91
300.943
300.976
301.01
301.045
301.081
301.117
301.154
301.192
301.23
301.27
301.31
301.351
301.392
301.434
301.477
301.521
301.565
301.61
301.655
301.7
301.746
301.792
301.838
301.884
301.93
301.975
302.02
302.065
302.109
300.004
300.011
300.018
300.026
300.035
300.043
300.052
300.061
300.071
300.081
300.091
300.101
300.112
300.124
300.135
300.147
300.16
300.173
300.186
300.2
300.214
300.228
300.243
300.259
300.275
300.291
300.308
300.325
300.343
300.361
300.38
300.399
300.419
300.439
300.46
300.481
300.503
300.526
300.549
300.573
300.597
300.622
300.647
300.673
300.7
300.727
300.755
300.784
300.813
300.843
300.874
300.906
300.938
300.97
301.004
301.038
301.073
301.108
301.145
301.181
301.219
301.257
301.296
301.336
301.376
301.416
301.458
301.499
301.541
301.584
301.627
301.67
301.713
301.756
301.799
301.843
301.885
301.928
301.97
302.012
302.053
300.004
300.011
300.018
300.026
300.035
300.043
300.052
300.061
300.071
300.081
300.091
300.101
300.112
300.124
300.135
300.147
300.16
300.173
300.186
300.2
300.214
300.228
300.243
300.258
300.274
300.291
300.307
300.325
300.342
300.36
300.379
300.398
300.418
300.438
300.459
300.48
300.502
300.524
300.547
300.571
300.595
300.62
300.645
300.671
300.697
300.724
300.752
300.78
300.809
300.839
300.869
300.9
300.931
300.963
300.996
301.03
301.064
301.098
301.134
301.169
301.206
301.243
301.28
301.319
301.357
301.396
301.436
301.475
301.515
301.556
301.596
301.637
301.678
301.718
301.759
301.799
301.84
301.879
301.919
301.957
301.996
300.004
300.011
300.018
300.026
300.035
300.043
300.052
300.061
300.071
300.08
300.091
300.101
300.112
300.123
300.135
300.147
300.16
300.172
300.186
300.199
300.213
300.228
300.243
300.258
300.274
300.29
300.307
300.324
300.342
300.36
300.378
300.397
300.417
300.437
300.458
300.479
300.5
300.523
300.545
300.569
300.593
300.617
300.642
300.668
300.694
300.72
300.748
300.776
300.804
300.833
300.863
300.893
300.924
300.955
300.987
301.02
301.053
301.087
301.121
301.156
301.191
301.227
301.263
301.3
301.337
301.374
301.412
301.449
301.488
301.526
301.564
301.602
301.641
301.679
301.717
301.755
301.792
301.829
301.866
301.902
301.938
300.004
300.011
300.018
300.026
300.035
300.043
300.052
300.061
300.071
300.08
300.091
300.101
300.112
300.123
300.135
300.147
300.159
300.172
300.185
300.199
300.213
300.227
300.242
300.258
300.273
300.29
300.306
300.323
300.341
300.359
300.377
300.396
300.416
300.436
300.456
300.477
300.499
300.521
300.543
300.566
300.59
300.614
300.639
300.664
300.69
300.716
300.743
300.77
300.798
300.827
300.856
300.885
300.916
300.946
300.977
301.009
301.041
301.074
301.107
301.141
301.175
301.209
301.244
301.279
301.314
301.35
301.386
301.422
301.458
301.494
301.53
301.566
301.602
301.638
301.673
301.709
301.744
301.779
301.813
301.847
301.88
300.004
300.011
300.018
300.026
300.035
300.043
300.052
300.061
300.071
300.08
300.091
300.101
300.112
300.123
300.135
300.147
300.159
300.172
300.185
300.199
300.213
300.227
300.242
300.257
300.273
300.289
300.305
300.322
300.34
300.358
300.376
300.395
300.414
300.434
300.454
300.475
300.496
300.518
300.541
300.563
300.587
300.61
300.635
300.66
300.685
300.711
300.737
300.764
300.792
300.819
300.848
300.877
300.906
300.936
300.966
300.997
301.028
301.06
301.092
301.124
301.157
301.19
301.223
301.256
301.29
301.324
301.358
301.392
301.426
301.46
301.494
301.528
301.562
301.595
301.629
301.662
301.695
301.727
301.759
301.79
301.822
300.004
300.011
300.018
300.026
300.034
300.043
300.052
300.061
300.07
300.08
300.09
300.101
300.112
300.123
300.135
300.147
300.159
300.172
300.185
300.198
300.212
300.227
300.241
300.257
300.272
300.288
300.305
300.321
300.339
300.357
300.375
300.394
300.413
300.432
300.452
300.473
300.494
300.516
300.538
300.56
300.583
300.606
300.63
300.655
300.68
300.705
300.731
300.757
300.784
300.811
300.839
300.867
300.896
300.924
300.954
300.984
301.014
301.044
301.075
301.106
301.137
301.168
301.2
301.232
301.264
301.296
301.328
301.36
301.393
301.425
301.457
301.489
301.52
301.552
301.583
301.614
301.644
301.675
301.705
301.734
301.763
300.004
300.011
300.018
300.026
300.034
300.043
300.052
300.061
300.07
300.08
300.09
300.101
300.112
300.123
300.134
300.146
300.159
300.171
300.184
300.198
300.212
300.226
300.241
300.256
300.271
300.287
300.304
300.32
300.338
300.355
300.373
300.392
300.411
300.43
300.45
300.47
300.491
300.512
300.534
300.556
300.579
300.602
300.625
300.649
300.674
300.699
300.724
300.75
300.776
300.802
300.829
300.856
300.884
300.912
300.94
300.969
300.998
301.027
301.056
301.086
301.116
301.146
301.176
301.206
301.237
301.267
301.297
301.328
301.358
301.388
301.418
301.448
301.478
301.507
301.536
301.565
301.594
301.622
301.65
301.678
301.705
300.004
300.011
300.018
300.026
300.034
300.043
300.052
300.061
300.07
300.08
300.09
300.101
300.111
300.123
300.134
300.146
300.158
300.171
300.184
300.197
300.211
300.225
300.24
300.255
300.27
300.286
300.302
300.319
300.336
300.354
300.372
300.39
300.409
300.428
300.448
300.468
300.488
300.509
300.53
300.552
300.574
300.597
300.62
300.643
300.667
300.691
300.716
300.741
300.766
300.792
300.818
300.844
300.871
300.898
300.925
300.953
300.981
301.008
301.037
301.065
301.093
301.122
301.15
301.179
301.208
301.237
301.265
301.294
301.322
301.351
301.379
301.407
301.435
301.462
301.489
301.516
301.543
301.57
301.596
301.621
301.647
300.004
300.011
300.018
300.026
300.034
300.043
300.052
300.061
300.07
300.08
300.09
300.1
300.111
300.122
300.134
300.146
300.158
300.171
300.183
300.197
300.211
300.225
300.239
300.254
300.269
300.285
300.301
300.318
300.335
300.352
300.37
300.388
300.406
300.425
300.445
300.464
300.484
300.505
300.526
300.547
300.569
300.591
300.614
300.636
300.66
300.683
300.707
300.731
300.756
300.781
300.806
300.831
300.857
300.883
300.909
300.936
300.962
300.989
301.016
301.043
301.07
301.097
301.124
301.151
301.178
301.205
301.232
301.259
301.286
301.312
301.339
301.365
301.391
301.417
301.442
301.468
301.492
301.517
301.541
301.565
301.589
300.004
300.011
300.018
300.026
300.034
300.043
300.051
300.061
300.07
300.08
300.09
300.1
300.111
300.122
300.133
300.145
300.157
300.17
300.183
300.196
300.21
300.224
300.238
300.253
300.268
300.284
300.3
300.316
300.333
300.35
300.367
300.385
300.404
300.422
300.441
300.461
300.48
300.501
300.521
300.542
300.563
300.585
300.607
300.629
300.652
300.675
300.698
300.721
300.745
300.769
300.793
300.818
300.842
300.867
300.892
300.917
300.943
300.968
300.994
301.019
301.045
301.071
301.096
301.122
301.147
301.173
301.198
301.223
301.249
301.273
301.298
301.323
301.347
301.371
301.395
301.419
301.442
301.465
301.488
301.51
301.532
300.004
300.011
300.018
300.026
300.034
300.043
300.051
300.06
300.07
300.079
300.09
300.1
300.111
300.122
300.133
300.145
300.157
300.169
300.182
300.195
300.209
300.223
300.237
300.252
300.267
300.282
300.298
300.314
300.331
300.348
300.365
300.383
300.401
300.419
300.438
300.457
300.476
300.496
300.516
300.536
300.557
300.578
300.599
300.621
300.643
300.665
300.687
300.71
300.733
300.756
300.779
300.803
300.827
300.85
300.874
300.898
300.922
300.947
300.971
300.995
301.019
301.044
301.068
301.092
301.116
301.14
301.164
301.188
301.211
301.234
301.258
301.281
301.303
301.326
301.348
301.37
301.392
301.414
301.435
301.456
301.476
300.004
300.011
300.018
300.026
300.034
300.042
300.051
300.06
300.07
300.079
300.089
300.1
300.11
300.121
300.133
300.144
300.156
300.169
300.182
300.195
300.208
300.222
300.236
300.251
300.265
300.281
300.296
300.312
300.329
300.345
300.362
300.379
300.397
300.415
300.434
300.452
300.471
300.49
300.51
300.53
300.55
300.571
300.591
300.612
300.633
300.655
300.677
300.698
300.72
300.743
300.765
300.788
300.81
300.833
300.856
300.879
300.901
300.924
300.947
300.97
300.993
301.016
301.039
301.062
301.084
301.107
301.129
301.152
301.174
301.196
301.217
301.239
301.26
301.281
301.302
301.323
301.343
301.363
301.383
301.402
301.422
300.004
300.011
300.018
300.026
300.034
300.042
300.051
300.06
300.069
300.079
300.089
300.099
300.11
300.121
300.132
300.144
300.156
300.168
300.181
300.194
300.207
300.221
300.235
300.249
300.264
300.279
300.294
300.31
300.326
300.342
300.359
300.376
300.394
300.411
300.429
300.447
300.466
300.485
300.504
300.523
300.543
300.563
300.583
300.603
300.623
300.644
300.665
300.686
300.707
300.729
300.75
300.771
300.793
300.815
300.836
300.858
300.88
300.902
300.924
300.945
300.967
300.989
301.01
301.031
301.053
301.074
301.095
301.116
301.137
301.157
301.178
301.198
301.218
301.237
301.257
301.276
301.295
301.314
301.332
301.351
301.369
300.004
300.011
300.018
300.026
300.034
300.042
300.051
300.06
300.069
300.079
300.089
300.099
300.109
300.12
300.132
300.143
300.155
300.167
300.18
300.193
300.206
300.219
300.233
300.247
300.262
300.277
300.292
300.308
300.323
300.339
300.356
300.373
300.39
300.407
300.424
300.442
300.46
300.479
300.497
300.516
300.535
300.554
300.574
300.593
300.613
300.633
300.653
300.673
300.694
300.714
300.734
300.755
300.776
300.796
300.817
300.838
300.858
300.879
300.9
300.92
300.941
300.961
300.981
301.001
301.021
301.041
301.061
301.081
301.1
301.119
301.139
301.157
301.176
301.195
301.213
301.231
301.249
301.266
301.284
301.301
301.318
300.003
300.011
300.018
300.026
300.034
300.042
300.051
300.06
300.069
300.078
300.088
300.098
300.109
300.12
300.131
300.142
300.154
300.166
300.179
300.192
300.205
300.218
300.232
300.246
300.26
300.275
300.29
300.305
300.32
300.336
300.352
300.369
300.385
300.402
300.419
300.437
300.454
300.472
300.49
300.509
300.527
300.546
300.564
300.583
300.602
300.622
300.641
300.66
300.68
300.699
300.719
300.738
300.758
300.778
300.797
300.817
300.837
300.856
300.876
300.895
300.914
300.934
300.953
300.972
300.991
301.009
301.028
301.047
301.065
301.083
301.101
301.119
301.136
301.153
301.171
301.187
301.204
301.221
301.237
301.253
301.269
300.003
300.011
300.018
300.026
300.034
300.042
300.05
300.059
300.069
300.078
300.088
300.098
300.108
300.119
300.13
300.142
300.153
300.165
300.178
300.19
300.203
300.217
300.23
300.244
300.258
300.272
300.287
300.302
300.317
300.333
300.349
300.365
300.381
300.398
300.414
300.431
300.448
300.466
300.483
300.501
300.519
300.537
300.555
300.573
300.591
300.61
300.628
300.647
300.666
300.684
300.703
300.722
300.741
300.759
300.778
300.797
300.815
300.834
300.852
300.871
300.889
300.907
300.925
300.943
300.961
300.979
300.996
301.014
301.031
301.048
301.065
301.081
301.098
301.114
301.13
301.146
301.162
301.177
301.192
301.207
301.222
300.003
300.011
300.018
300.026
300.033
300.042
300.05
300.059
300.068
300.078
300.087
300.097
300.108
300.119
300.13
300.141
300.152
300.164
300.177
300.189
300.202
300.215
300.228
300.242
300.256
300.27
300.285
300.299
300.314
300.33
300.345
300.361
300.377
300.393
300.409
300.425
300.442
300.459
300.476
300.493
300.51
300.528
300.545
300.563
300.581
300.598
300.616
300.634
300.652
300.67
300.688
300.706
300.723
300.741
300.759
300.777
300.794
300.812
300.83
300.847
300.864
300.882
300.899
300.916
300.933
300.949
300.966
300.982
300.998
301.014
301.03
301.046
301.062
301.077
301.092
301.107
301.122
301.136
301.151
301.165
301.179
300.003
300.01
300.018
300.025
300.033
300.042
300.05
300.059
300.068
300.077
300.087
300.097
300.107
300.118
300.129
300.14
300.151
300.163
300.175
300.188
300.2
300.213
300.226
300.24
300.254
300.268
300.282
300.296
300.311
300.326
300.341
300.356
300.372
300.388
300.404
300.42
300.436
300.452
300.469
300.485
300.502
300.519
300.536
300.553
300.57
300.587
300.604
300.621
300.638
300.656
300.673
300.69
300.707
300.724
300.741
300.758
300.775
300.791
300.808
300.825
300.841
300.858
300.874
300.89
300.906
300.922
300.937
300.953
300.968
300.983
300.998
301.013
301.028
301.042
301.057
301.071
301.085
301.099
301.112
301.125
301.139
300.003
300.01
300.018
300.025
300.033
300.041
300.05
300.059
300.068
300.077
300.087
300.096
300.107
300.117
300.128
300.139
300.15
300.162
300.174
300.186
300.199
300.212
300.225
300.238
300.251
300.265
300.279
300.293
300.308
300.323
300.337
300.352
300.368
300.383
300.398
300.414
300.43
300.446
300.462
300.478
300.494
300.51
300.527
300.543
300.56
300.576
300.593
300.609
300.626
300.642
300.659
300.675
300.691
300.708
300.724
300.74
300.756
300.772
300.788
300.804
300.82
300.835
300.851
300.866
300.881
300.896
300.911
300.926
300.94
300.955
300.969
300.983
300.997
301.011
301.024
301.038
301.051
301.064
301.077
301.09
301.102
300.003
300.01
300.018
300.025
300.033
300.041
300.05
300.058
300.067
300.076
300.086
300.096
300.106
300.116
300.127
300.138
300.15
300.161
300.173
300.185
300.197
300.21
300.223
300.236
300.249
300.263
300.277
300.291
300.305
300.319
300.334
300.348
300.363
300.378
300.393
300.409
300.424
300.44
300.455
300.471
300.487
300.502
300.518
300.534
300.55
300.566
300.582
300.598
300.614
300.63
300.645
300.661
300.677
300.693
300.708
300.724
300.739
300.754
300.77
300.785
300.8
300.815
300.83
300.844
300.859
300.873
300.887
300.901
300.915
300.929
300.943
300.956
300.969
300.982
300.995
301.008
301.021
301.033
301.045
301.058
301.069
300.003
300.01
300.018
300.025
300.033
300.041
300.049
300.058
300.067
300.076
300.086
300.095
300.105
300.116
300.126
300.137
300.149
300.16
300.172
300.184
300.196
300.208
300.221
300.234
300.247
300.261
300.274
300.288
300.302
300.316
300.33
300.345
300.359
300.374
300.389
300.404
300.419
300.434
300.449
300.464
300.48
300.495
300.51
300.526
300.541
300.557
300.572
300.588
300.603
300.618
300.634
300.649
300.664
300.679
300.694
300.709
300.724
300.739
300.753
300.768
300.782
300.797
300.811
300.825
300.839
300.853
300.866
300.88
300.893
300.906
300.919
300.932
300.945
300.958
300.97
300.982
300.994
301.006
301.018
301.03
301.041
300.003
300.01
300.017
300.025
300.033
300.041
300.049
300.058
300.066
300.076
300.085
300.095
300.105
300.115
300.126
300.137
300.148
300.159
300.171
300.183
300.195
300.207
300.22
300.232
300.245
300.258
300.272
300.285
300.299
300.313
300.327
300.341
300.356
300.37
300.385
300.399
300.414
300.429
300.444
300.459
300.474
300.489
300.504
300.519
300.534
300.549
300.564
300.579
300.594
300.609
300.623
300.638
300.653
300.668
300.682
300.697
300.711
300.725
300.74
300.754
300.768
300.781
300.795
300.809
300.822
300.835
300.849
300.862
300.875
300.887
300.9
300.912
300.925
300.937
300.949
300.96
300.972
300.984
300.995
301.006
301.017
300.003
300.01
300.017
300.025
300.033
300.041
300.049
300.057
300.066
300.075
300.085
300.094
300.104
300.115
300.125
300.136
300.147
300.158
300.17
300.181
300.193
300.206
300.218
300.231
300.244
300.257
300.27
300.283
300.297
300.311
300.324
300.338
300.353
300.367
300.381
300.395
300.41
300.424
300.439
300.454
300.468
300.483
300.498
300.513
300.527
300.542
300.557
300.571
300.586
300.6
300.615
300.629
300.644
300.658
300.672
300.686
300.7
300.714
300.728
300.742
300.755
300.769
300.782
300.795
300.808
300.821
300.834
300.847
300.859
300.872
300.884
300.896
300.908
300.92
300.931
300.943
300.954
300.965
300.976
300.987
300.998
300.003
300.01
300.017
300.025
300.032
300.04
300.049
300.057
300.066
300.075
300.084
300.094
300.104
300.114
300.125
300.135
300.146
300.157
300.169
300.181
300.192
300.205
300.217
300.23
300.242
300.255
300.268
300.282
300.295
300.309
300.322
300.336
300.35
300.364
300.378
300.392
300.407
300.421
300.435
300.45
300.464
300.479
300.493
300.508
300.522
300.537
300.551
300.566
300.58
300.594
300.608
300.623
300.637
300.651
300.665
300.678
300.692
300.706
300.719
300.733
300.746
300.759
300.772
300.785
300.798
300.811
300.823
300.836
300.848
300.86
300.872
300.884
300.895
300.907
300.918
300.93
300.941
300.952
300.962
300.973
300.984
300.003
300.01
300.017
300.025
300.032
300.04
300.048
300.057
300.066
300.075
300.084
300.094
300.104
300.114
300.124
300.135
300.146
300.157
300.168
300.18
300.192
300.204
300.216
300.229
300.241
300.254
300.267
300.28
300.294
300.307
300.321
300.334
300.348
300.362
300.376
300.39
300.404
300.419
300.433
300.447
300.461
300.476
300.49
300.504
300.519
300.533
300.547
300.562
300.576
300.59
300.604
300.618
300.632
300.646
300.659
300.673
300.687
300.7
300.713
300.727
300.74
300.753
300.766
300.778
300.791
300.803
300.816
300.828
300.84
300.852
300.864
300.875
300.887
300.898
300.91
300.921
300.932
300.942
300.953
300.963
300.974
300.003
300.01
300.017
300.025
300.032
300.04
300.048
300.057
300.065
300.075
300.084
300.093
300.103
300.113
300.124
300.134
300.145
300.156
300.168
300.179
300.191
300.203
300.216
300.228
300.241
300.253
300.266
300.28
300.293
300.306
300.32
300.333
300.347
300.361
300.375
300.389
300.403
300.417
300.431
300.446
300.46
300.474
300.488
300.503
300.517
300.531
300.545
300.559
300.573
300.587
300.601
300.615
300.629
300.643
300.656
300.67
300.683
300.697
300.71
300.723
300.736
300.749
300.762
300.774
300.787
300.799
300.812
300.824
300.836
300.847
300.859
300.871
300.882
300.893
300.905
300.916
300.926
300.937
300.948
300.958
300.968
300.003
300.01
300.017
300.025
300.032
300.04
300.048
300.057
300.065
300.074
300.084
300.093
300.103
300.113
300.124
300.134
300.145
300.156
300.168
300.179
300.191
300.203
300.215
300.228
300.24
300.253
300.266
300.279
300.292
300.306
300.319
300.333
300.347
300.361
300.374
300.388
300.403
300.417
300.431
300.445
300.459
300.473
300.488
300.502
300.516
300.53
300.544
300.558
300.572
300.586
300.6
300.614
300.628
300.642
300.655
300.669
300.682
300.696
300.709
300.722
300.735
300.748
300.76
300.773
300.786
300.798
300.81
300.822
300.834
300.846
300.858
300.869
300.881
300.892
300.903
300.914
300.925
300.935
300.946
300.956
300.966
300.003
300.01
300.017
300.024
300.032
300.04
300.048
300.057
300.065
300.074
300.084
300.093
300.103
300.113
300.123
300.134
300.145
300.156
300.167
300.179
300.191
300.203
300.215
300.228
300.24
300.253
300.266
300.279
300.292
300.306
300.319
300.333
300.347
300.361
300.375
300.389
300.403
300.417
300.431
300.445
300.459
300.474
300.488
300.502
300.516
300.53
300.544
300.559
300.573
300.587
300.601
300.614
300.628
300.642
300.656
300.669
300.683
300.696
300.709
300.722
300.735
300.748
300.761
300.773
300.786
300.798
300.811
300.823
300.835
300.847
300.858
300.87
300.881
300.892
300.904
300.915
300.925
300.936
300.947
300.957
300.967
300.003
300.01
300.017
300.024
300.032
300.04
300.048
300.057
300.065
300.074
300.084
300.093
300.103
300.113
300.123
300.134
300.145
300.156
300.168
300.179
300.191
300.203
300.215
300.228
300.24
300.253
300.266
300.279
300.293
300.306
300.32
300.333
300.347
300.361
300.375
300.389
300.403
300.417
300.431
300.445
300.46
300.474
300.488
300.502
300.517
300.531
300.545
300.559
300.573
300.587
300.601
300.615
300.629
300.643
300.656
300.67
300.683
300.697
300.71
300.723
300.736
300.749
300.762
300.775
300.787
300.799
300.812
300.824
300.836
300.848
300.859
300.871
300.882
300.894
300.905
300.916
300.927
300.937
300.948
300.958
300.969
302.786
302.907
303.008
303.097
303.177
303.249
303.314
303.375
303.43
303.482
303.53
303.574
303.616
303.654
303.69
303.724
303.756
303.786
303.815
303.842
303.869
303.895
303.922
303.949
303.977
304.005
304.033
304.061
304.089
304.116
304.143
304.17
304.197
304.224
304.251
304.277
304.303
304.329
304.355
304.38
304.406
304.431
304.456
304.482
304.507
304.532
304.557
304.582
304.607
304.632
304.657
304.682
304.706
304.731
304.755
304.78
304.804
304.829
304.853
304.878
304.902
304.926
304.951
304.975
304.999
305.024
305.048
305.072
305.096
305.121
305.145
305.169
305.193
305.218
305.242
305.266
305.291
305.315
305.339
305.364
305.388
305.412
305.437
305.461
305.486
305.51
305.535
305.559
305.584
305.609
305.633
305.658
305.683
305.708
305.733
305.758
305.782
305.807
305.833
305.858
305.883
305.908
305.933
305.958
305.984
306.009
306.035
306.06
306.085
306.111
306.136
306.162
306.187
306.213
306.239
306.264
306.29
306.315
306.34
306.366
306.391
306.416
306.441
306.466
306.491
306.515
306.539
306.563
306.587
306.61
306.633
306.655
306.676
306.697
306.718
306.737
306.756
306.773
306.79
306.805
306.819
306.831
306.841
306.85
306.856
306.861
306.862
306.861
306.857
306.85
306.838
306.824
306.804
306.779
306.748
306.712
306.673
306.624
306.554
306.447
306.282
302.72
302.828
302.925
303.012
303.091
303.163
303.23
303.291
303.348
303.4
303.45
303.495
303.538
303.579
303.616
303.652
303.685
303.717
303.748
303.777
303.805
303.833
303.861
303.89
303.918
303.947
303.975
304.003
304.032
304.059
304.087
304.115
304.142
304.169
304.196
304.223
304.249
304.275
304.301
304.327
304.353
304.379
304.405
304.43
304.456
304.481
304.507
304.532
304.557
304.582
304.607
304.632
304.657
304.682
304.707
304.732
304.756
304.781
304.806
304.83
304.855
304.88
304.904
304.929
304.953
304.978
305.002
305.027
305.051
305.076
305.1
305.125
305.149
305.173
305.198
305.222
305.247
305.271
305.296
305.321
305.345
305.37
305.394
305.419
305.444
305.469
305.493
305.518
305.543
305.568
305.593
305.618
305.643
305.668
305.693
305.718
305.743
305.768
305.794
305.819
305.844
305.87
305.895
305.921
305.946
305.972
305.998
306.023
306.049
306.075
306.1
306.126
306.152
306.178
306.204
306.229
306.255
306.281
306.307
306.332
306.358
306.383
306.408
306.434
306.459
306.483
306.508
306.532
306.556
306.579
306.602
306.625
306.647
306.668
306.689
306.708
306.727
306.745
306.762
306.777
306.791
306.804
306.814
306.823
306.83
306.834
306.836
306.835
306.831
306.823
306.812
306.797
306.777
306.752
306.72
306.683
306.642
306.59
306.516
306.406
306.239
302.662
302.757
302.847
302.93
303.007
303.078
303.145
303.206
303.263
303.317
303.367
303.414
303.458
303.5
303.539
303.576
303.612
303.645
303.677
303.708
303.738
303.768
303.797
303.826
303.855
303.884
303.913
303.942
303.971
303.999
304.027
304.055
304.083
304.111
304.138
304.165
304.192
304.218
304.245
304.271
304.298
304.324
304.35
304.376
304.401
304.427
304.453
304.478
304.504
304.529
304.555
304.58
304.605
304.63
304.655
304.68
304.705
304.73
304.755
304.78
304.805
304.83
304.854
304.879
304.904
304.929
304.953
304.978
305.003
305.027
305.052
305.077
305.101
305.126
305.151
305.176
305.2
305.225
305.25
305.275
305.299
305.324
305.349
305.374
305.399
305.424
305.449
305.474
305.499
305.524
305.549
305.574
305.6
305.625
305.65
305.676
305.701
305.727
305.752
305.778
305.803
305.829
305.855
305.88
305.906
305.932
305.958
305.984
306.01
306.036
306.062
306.088
306.114
306.14
306.166
306.192
306.218
306.244
306.27
306.296
306.322
306.348
306.373
306.399
306.424
306.449
306.474
306.499
306.523
306.546
306.57
306.593
306.615
306.637
306.657
306.678
306.697
306.715
306.732
306.748
306.762
306.775
306.786
306.795
306.802
306.806
306.808
306.807
306.803
306.796
306.784
306.769
306.748
306.723
306.691
306.653
306.609
306.554
306.476
306.364
306.197
302.606
302.692
302.774
302.852
302.926
302.995
303.06
303.121
303.178
303.232
303.283
303.331
303.376
303.419
303.46
303.498
303.535
303.57
303.603
303.636
303.667
303.698
303.729
303.759
303.789
303.819
303.848
303.877
303.907
303.935
303.964
303.992
304.021
304.048
304.076
304.104
304.131
304.158
304.185
304.212
304.238
304.265
304.291
304.317
304.343
304.37
304.395
304.421
304.447
304.473
304.498
304.524
304.549
304.575
304.6
304.625
304.651
304.676
304.701
304.726
304.751
304.776
304.801
304.826
304.851
304.876
304.901
304.926
304.951
304.976
305.001
305.026
305.051
305.076
305.101
305.126
305.151
305.176
305.201
305.226
305.251
305.276
305.301
305.326
305.351
305.376
305.402
305.427
305.452
305.477
305.503
305.528
305.554
305.579
305.605
305.63
305.656
305.682
305.708
305.734
305.759
305.785
305.811
305.837
305.863
305.89
305.916
305.942
305.968
305.995
306.021
306.047
306.074
306.1
306.126
306.153
306.179
306.205
306.232
306.258
306.284
306.31
306.336
306.362
306.387
306.413
306.438
306.463
306.487
306.512
306.535
306.558
306.581
306.603
306.624
306.645
306.664
306.683
306.7
306.716
306.731
306.744
306.755
306.764
306.771
306.776
306.778
306.778
306.774
306.766
306.755
306.739
306.718
306.692
306.66
306.621
306.575
306.516
306.436
306.321
306.157
302.551
302.628
302.704
302.777
302.847
302.913
302.977
303.036
303.093
303.147
303.198
303.246
303.292
303.336
303.377
303.417
303.455
303.491
303.526
303.56
303.593
303.625
303.656
303.687
303.718
303.749
303.779
303.809
303.838
303.868
303.897
303.926
303.954
303.983
304.011
304.039
304.066
304.094
304.121
304.148
304.175
304.202
304.229
304.255
304.282
304.308
304.335
304.361
304.387
304.413
304.439
304.464
304.49
304.516
304.542
304.567
304.593
304.618
304.643
304.669
304.694
304.72
304.745
304.77
304.795
304.821
304.846
304.871
304.896
304.921
304.946
304.972
304.997
305.022
305.047
305.072
305.098
305.123
305.148
305.173
305.199
305.224
305.249
305.275
305.3
305.326
305.351
305.377
305.402
305.428
305.453
305.479
305.505
305.531
305.556
305.582
305.608
305.634
305.66
305.686
305.713
305.739
305.765
305.791
305.818
305.844
305.871
305.897
305.924
305.95
305.977
306.004
306.03
306.057
306.084
306.11
306.137
306.164
306.19
306.217
306.244
306.27
306.296
306.322
306.348
306.374
306.4
306.425
306.45
306.474
306.498
306.522
306.545
306.567
306.589
306.61
306.63
306.649
306.666
306.683
306.698
306.711
306.723
306.732
306.74
306.745
306.747
306.746
306.742
306.735
306.723
306.707
306.686
306.66
306.627
306.587
306.539
306.477
306.394
306.279
306.117
302.496
302.566
302.636
302.704
302.77
302.833
302.894
302.952
303.008
303.061
303.112
303.16
303.207
303.251
303.293
303.333
303.372
303.41
303.446
303.481
303.515
303.548
303.58
303.612
303.644
303.675
303.706
303.736
303.767
303.796
303.826
303.855
303.884
303.913
303.942
303.97
303.998
304.026
304.054
304.081
304.109
304.136
304.163
304.19
304.217
304.243
304.27
304.296
304.323
304.349
304.375
304.401
304.427
304.453
304.479
304.505
304.531
304.557
304.582
304.608
304.634
304.659
304.685
304.71
304.736
304.761
304.787
304.812
304.838
304.863
304.889
304.914
304.939
304.965
304.99
305.016
305.041
305.067
305.092
305.118
305.143
305.169
305.195
305.22
305.246
305.272
305.297
305.323
305.349
305.375
305.401
305.427
305.453
305.479
305.505
305.531
305.557
305.584
305.61
305.636
305.663
305.689
305.716
305.743
305.769
305.796
305.823
305.85
305.876
305.903
305.93
305.957
305.984
306.011
306.038
306.065
306.093
306.12
306.147
306.173
306.2
306.227
306.254
306.28
306.307
306.333
306.359
306.384
306.41
306.435
306.459
306.483
306.506
306.529
306.551
306.573
306.593
306.612
306.63
306.647
306.662
306.676
306.688
306.698
306.706
306.711
306.713
306.713
306.709
306.702
306.69
306.674
306.653
306.626
306.592
306.551
306.501
306.437
306.352
306.237
306.079
302.441
302.505
302.569
302.632
302.694
302.754
302.813
302.869
302.923
302.975
303.025
303.074
303.12
303.164
303.207
303.248
303.287
303.326
303.363
303.398
303.433
303.467
303.501
303.534
303.566
303.598
303.629
303.66
303.691
303.721
303.751
303.781
303.811
303.84
303.869
303.898
303.926
303.954
303.982
304.01
304.038
304.066
304.093
304.12
304.148
304.175
304.201
304.228
304.255
304.282
304.308
304.334
304.361
304.387
304.413
304.439
304.466
304.492
304.518
304.544
304.569
304.595
304.621
304.647
304.673
304.698
304.724
304.75
304.776
304.801
304.827
304.853
304.878
304.904
304.93
304.956
304.981
305.007
305.033
305.059
305.085
305.11
305.136
305.162
305.188
305.214
305.24
305.266
305.292
305.319
305.345
305.371
305.397
305.424
305.45
305.477
305.503
305.53
305.556
305.583
305.61
305.637
305.664
305.69
305.717
305.745
305.772
305.799
305.826
305.853
305.881
305.908
305.935
305.963
305.99
306.018
306.045
306.072
306.1
306.127
306.154
306.181
306.209
306.235
306.262
306.289
306.315
306.341
306.367
306.392
306.417
306.442
306.465
306.489
306.511
306.533
306.554
306.573
306.592
306.609
306.625
306.639
306.651
306.661
306.67
306.675
306.678
306.678
306.674
306.667
306.655
306.639
306.617
306.59
306.555
306.513
306.462
306.396
306.31
306.194
306.041
302.384
302.444
302.503
302.562
302.62
302.677
302.733
302.787
302.839
302.89
302.939
302.986
303.032
303.076
303.119
303.16
303.2
303.239
303.277
303.313
303.349
303.384
303.418
303.452
303.484
303.517
303.549
303.58
303.612
303.643
303.673
303.703
303.733
303.763
303.792
303.821
303.85
303.879
303.907
303.936
303.964
303.992
304.02
304.047
304.075
304.102
304.129
304.156
304.183
304.21
304.237
304.264
304.29
304.317
304.344
304.37
304.396
304.423
304.449
304.475
304.501
304.528
304.554
304.58
304.606
304.632
304.658
304.684
304.71
304.736
304.762
304.788
304.814
304.84
304.866
304.892
304.918
304.944
304.97
304.996
305.022
305.048
305.074
305.101
305.127
305.153
305.18
305.206
305.232
305.259
305.285
305.312
305.338
305.365
305.392
305.419
305.446
305.472
305.499
305.526
305.554
305.581
305.608
305.635
305.663
305.69
305.717
305.745
305.772
305.8
305.828
305.855
305.883
305.911
305.939
305.967
305.994
306.022
306.05
306.078
306.105
306.133
306.16
306.188
306.215
306.242
306.269
306.295
306.321
306.347
306.373
306.398
306.422
306.446
306.469
306.491
306.512
306.532
306.551
306.569
306.585
306.6
306.612
306.623
306.631
306.637
306.64
306.64
306.637
306.629
306.618
306.602
306.58
306.552
306.517
306.474
306.421
306.354
306.266
306.152
306.005
302.328
302.383
302.438
302.493
302.547
302.601
302.653
302.705
302.755
302.805
302.852
302.899
302.944
302.988
303.03
303.072
303.112
303.151
303.189
303.226
303.262
303.297
303.332
303.366
303.4
303.433
303.465
303.497
303.529
303.56
303.591
303.622
303.652
303.682
303.712
303.741
303.771
303.8
303.829
303.857
303.886
303.914
303.942
303.97
303.998
304.026
304.053
304.081
304.108
304.135
304.162
304.189
304.216
304.243
304.27
304.297
304.323
304.35
304.376
304.403
304.429
304.456
304.482
304.509
304.535
304.561
304.588
304.614
304.64
304.667
304.693
304.719
304.745
304.772
304.798
304.824
304.851
304.877
304.903
304.93
304.956
304.983
305.009
305.035
305.062
305.089
305.115
305.142
305.169
305.195
305.222
305.249
305.276
305.303
305.33
305.357
305.384
305.412
305.439
305.466
305.494
305.521
305.549
305.576
305.604
305.632
305.66
305.688
305.716
305.744
305.772
305.8
305.828
305.856
305.884
305.912
305.941
305.969
305.997
306.025
306.053
306.081
306.109
306.137
306.165
306.192
306.219
306.246
306.273
306.299
306.325
306.351
306.375
306.4
306.423
306.446
306.468
306.488
306.508
306.526
306.543
306.558
306.571
306.582
306.591
306.597
306.6
306.601
306.597
306.59
306.579
306.562
306.541
306.512
306.477
306.433
306.379
306.31
306.222
306.11
305.968
302.27
302.321
302.372
302.424
302.475
302.525
302.575
302.624
302.672
302.72
302.766
302.811
302.856
302.899
302.941
302.982
303.022
303.061
303.099
303.136
303.173
303.208
303.244
303.278
303.312
303.345
303.378
303.411
303.443
303.474
303.506
303.537
303.567
303.598
303.628
303.658
303.687
303.717
303.746
303.775
303.804
303.832
303.861
303.889
303.917
303.945
303.973
304.001
304.028
304.056
304.083
304.111
304.138
304.165
304.192
304.219
304.246
304.273
304.3
304.327
304.354
304.38
304.407
304.434
304.46
304.487
304.514
304.54
304.567
304.593
304.62
304.647
304.673
304.7
304.726
304.753
304.779
304.806
304.833
304.859
304.886
304.913
304.94
304.967
304.993
305.02
305.047
305.074
305.101
305.128
305.156
305.183
305.21
305.237
305.265
305.292
305.32
305.347
305.375
305.403
305.431
305.458
305.486
305.514
305.542
305.571
305.599
305.627
305.655
305.684
305.712
305.741
305.769
305.798
305.826
305.855
305.884
305.912
305.941
305.969
305.998
306.027
306.055
306.083
306.111
306.139
306.167
306.195
306.222
306.249
306.275
306.301
306.326
306.351
306.375
306.398
306.421
306.442
306.462
306.48
306.498
306.513
306.527
306.539
306.548
306.554
306.558
306.559
306.556
306.549
306.538
306.521
306.499
306.471
306.435
306.39
306.335
306.266
306.178
306.068
305.932
302.212
302.259
302.307
302.355
302.403
302.45
302.497
302.544
302.59
302.636
302.68
302.724
302.767
302.809
302.851
302.891
302.931
302.97
303.008
303.045
303.081
303.117
303.153
303.187
303.221
303.255
303.288
303.321
303.353
303.385
303.417
303.448
303.479
303.51
303.54
303.571
303.6
303.63
303.66
303.689
303.718
303.747
303.776
303.804
303.833
303.861
303.889
303.917
303.945
303.973
304.001
304.028
304.056
304.083
304.111
304.138
304.165
304.193
304.22
304.247
304.274
304.301
304.328
304.355
304.382
304.409
304.436
304.463
304.489
304.516
304.543
304.57
304.597
304.624
304.651
304.678
304.705
304.731
304.758
304.785
304.812
304.84
304.867
304.894
304.921
304.948
304.975
305.003
305.03
305.058
305.085
305.113
305.14
305.168
305.196
305.224
305.251
305.279
305.307
305.335
305.364
305.392
305.42
305.449
305.477
305.506
305.534
305.563
305.592
305.62
305.649
305.678
305.707
305.736
305.765
305.794
305.823
305.852
305.881
305.91
305.94
305.968
305.997
306.026
306.055
306.083
306.112
306.14
306.167
306.195
306.222
306.248
306.274
306.299
306.324
306.348
306.371
306.392
306.413
306.432
306.45
306.466
306.48
306.493
306.502
306.509
306.514
306.515
306.512
306.505
306.494
306.478
306.456
306.427
306.391
306.346
306.29
306.221
306.134
306.027
305.897
302.153
302.197
302.242
302.286
302.331
302.376
302.42
302.465
302.509
302.552
302.595
302.637
302.679
302.72
302.76
302.8
302.839
302.877
302.915
302.952
302.988
303.024
303.06
303.094
303.128
303.162
303.196
303.229
303.261
303.293
303.325
303.357
303.388
303.419
303.45
303.48
303.51
303.54
303.57
303.599
303.629
303.658
303.687
303.716
303.745
303.773
303.802
303.83
303.858
303.886
303.914
303.942
303.97
303.998
304.026
304.053
304.081
304.108
304.136
304.163
304.19
304.218
304.245
304.272
304.299
304.327
304.354
304.381
304.408
304.435
304.462
304.49
304.517
304.544
304.571
304.598
304.626
304.653
304.68
304.708
304.735
304.762
304.79
304.817
304.845
304.872
304.9
304.928
304.955
304.983
305.011
305.039
305.067
305.095
305.123
305.151
305.179
305.208
305.236
305.265
305.293
305.322
305.35
305.379
305.408
305.437
305.466
305.495
305.524
305.553
305.583
305.612
305.641
305.671
305.7
305.73
305.759
305.789
305.819
305.848
305.878
305.907
305.936
305.966
305.995
306.024
306.053
306.081
306.11
306.138
306.165
306.192
306.219
306.245
306.27
306.294
306.318
306.34
306.361
306.381
306.4
306.416
306.431
306.444
306.454
306.462
306.467
306.468
306.466
306.46
306.449
306.433
306.411
306.382
306.346
306.3
306.244
306.175
306.09
305.985
305.862
302.094
302.135
302.176
302.218
302.26
302.302
302.344
302.386
302.428
302.469
302.51
302.551
302.591
302.631
302.67
302.709
302.747
302.784
302.822
302.858
302.894
302.93
302.965
302.999
303.034
303.067
303.101
303.134
303.166
303.199
303.231
303.262
303.294
303.325
303.356
303.386
303.417
303.447
303.477
303.507
303.536
303.566
303.595
303.624
303.653
303.682
303.71
303.739
303.768
303.796
303.824
303.852
303.88
303.908
303.936
303.964
303.992
304.02
304.048
304.075
304.103
304.13
304.158
304.186
304.213
304.241
304.268
304.295
304.323
304.35
304.378
304.405
304.433
304.46
304.488
304.515
304.543
304.57
304.598
304.626
304.653
304.681
304.709
304.737
304.765
304.792
304.82
304.848
304.877
304.905
304.933
304.961
304.989
305.018
305.046
305.075
305.103
305.132
305.161
305.19
305.219
305.248
305.277
305.306
305.335
305.365
305.394
305.424
305.453
305.483
305.513
305.542
305.572
305.602
305.632
305.662
305.692
305.722
305.752
305.782
305.812
305.842
305.872
305.902
305.932
305.961
305.991
306.02
306.049
306.077
306.105
306.133
306.16
306.187
306.213
306.238
306.262
306.285
306.307
306.327
306.346
306.364
306.379
306.393
306.403
306.412
306.417
306.419
306.417
306.411
306.401
306.385
306.363
306.335
306.299
306.253
306.197
306.129
306.045
305.944
305.827
302.034
302.072
302.111
302.15
302.19
302.229
302.269
302.308
302.348
302.387
302.426
302.465
302.503
302.542
302.58
302.617
302.654
302.691
302.727
302.763
302.799
302.834
302.869
302.903
302.937
302.971
303.004
303.037
303.069
303.102
303.134
303.165
303.197
303.228
303.259
303.29
303.32
303.35
303.381
303.411
303.44
303.47
303.499
303.529
303.558
303.587
303.616
303.645
303.673
303.702
303.73
303.759
303.787
303.815
303.844
303.872
303.9
303.928
303.956
303.984
304.012
304.039
304.067
304.095
304.123
304.151
304.178
304.206
304.234
304.262
304.289
304.317
304.345
304.373
304.401
304.428
304.456
304.484
304.512
304.54
304.568
304.596
304.624
304.652
304.681
304.709
304.737
304.765
304.794
304.822
304.851
304.88
304.908
304.937
304.966
304.995
305.024
305.053
305.082
305.111
305.141
305.17
305.2
305.229
305.259
305.289
305.319
305.349
305.379
305.409
305.439
305.469
305.499
305.53
305.56
305.591
305.621
305.652
305.682
305.713
305.743
305.774
305.804
305.835
305.865
305.895
305.925
305.955
305.984
306.013
306.042
306.071
306.098
306.126
306.152
306.178
306.203
306.226
306.249
306.27
306.29
306.308
306.324
306.338
306.35
306.359
306.365
306.367
306.366
306.361
306.351
306.335
306.314
306.286
306.25
306.205
306.149
306.082
306
305.903
305.791
301.974
302.009
302.046
302.082
302.119
302.156
302.193
302.231
302.268
302.305
302.343
302.38
302.417
302.453
302.49
302.526
302.562
302.598
302.633
302.668
302.703
302.738
302.772
302.806
302.839
302.872
302.905
302.938
302.971
303.003
303.035
303.066
303.098
303.129
303.16
303.19
303.221
303.251
303.282
303.312
303.342
303.371
303.401
303.43
303.46
303.489
303.518
303.547
303.576
303.604
303.633
303.662
303.69
303.719
303.747
303.776
303.804
303.832
303.86
303.889
303.917
303.945
303.973
304.001
304.029
304.057
304.085
304.113
304.141
304.169
304.197
304.225
304.253
304.281
304.31
304.338
304.366
304.394
304.422
304.451
304.479
304.507
304.536
304.564
304.593
304.621
304.65
304.679
304.708
304.736
304.765
304.794
304.823
304.853
304.882
304.911
304.941
304.97
305
305.029
305.059
305.089
305.119
305.149
305.179
305.209
305.24
305.27
305.3
305.331
305.362
305.392
305.423
305.454
305.485
305.516
305.547
305.578
305.609
305.64
305.671
305.702
305.733
305.764
305.795
305.826
305.856
305.887
305.917
305.946
305.976
306.005
306.033
306.061
306.088
306.115
306.14
306.165
306.188
306.21
306.23
306.249
306.266
306.281
306.293
306.303
306.31
306.313
306.312
306.308
306.298
306.283
306.262
306.235
306.199
306.155
306.101
306.034
305.955
305.862
305.756
301.913
301.947
301.981
302.015
302.049
302.084
302.119
302.154
302.189
302.225
302.26
302.295
302.33
302.366
302.401
302.436
302.47
302.505
302.539
302.573
302.607
302.641
302.674
302.708
302.741
302.773
302.806
302.838
302.87
302.902
302.934
302.965
302.996
303.028
303.058
303.089
303.12
303.15
303.18
303.21
303.24
303.27
303.3
303.329
303.358
303.388
303.417
303.446
303.475
303.504
303.533
303.562
303.59
303.619
303.648
303.676
303.705
303.733
303.762
303.79
303.818
303.847
303.875
303.903
303.932
303.96
303.988
304.016
304.045
304.073
304.101
304.13
304.158
304.186
304.215
304.243
304.272
304.3
304.329
304.357
304.386
304.415
304.444
304.472
304.501
304.53
304.559
304.588
304.617
304.647
304.676
304.705
304.735
304.764
304.794
304.824
304.854
304.883
304.913
304.943
304.974
305.004
305.034
305.065
305.095
305.126
305.157
305.188
305.219
305.25
305.281
305.312
305.343
305.375
305.406
305.437
305.469
305.5
305.532
305.564
305.595
305.627
305.658
305.69
305.721
305.753
305.784
305.815
305.845
305.876
305.906
305.935
305.965
305.993
306.021
306.048
306.074
306.1
306.124
306.146
306.168
306.187
306.205
306.221
306.234
306.244
306.252
306.256
306.256
306.252
306.243
306.229
306.209
306.182
306.147
306.104
306.051
305.987
305.91
305.822
305.721
301.853
301.884
301.916
301.948
301.98
302.013
302.045
302.078
302.112
302.145
302.178
302.212
302.245
302.279
302.312
302.346
302.379
302.412
302.446
302.479
302.512
302.544
302.577
302.609
302.642
302.674
302.706
302.738
302.769
302.801
302.832
302.863
302.894
302.925
302.955
302.986
303.016
303.047
303.077
303.107
303.136
303.166
303.196
303.225
303.255
303.284
303.313
303.343
303.372
303.401
303.43
303.459
303.487
303.516
303.545
303.574
303.602
303.631
303.659
303.688
303.717
303.745
303.774
303.802
303.831
303.859
303.888
303.916
303.945
303.973
304.002
304.031
304.059
304.088
304.117
304.145
304.174
304.203
304.232
304.261
304.29
304.319
304.348
304.377
304.406
304.435
304.465
304.494
304.524
304.553
304.583
304.613
304.643
304.673
304.703
304.733
304.763
304.793
304.824
304.854
304.885
304.915
304.946
304.977
305.008
305.039
305.07
305.102
305.133
305.165
305.196
305.228
305.26
305.292
305.323
305.355
305.387
305.42
305.452
305.484
305.516
305.548
305.58
305.612
305.644
305.676
305.708
305.739
305.771
305.802
305.832
305.863
305.893
305.922
305.95
305.978
306.005
306.031
306.056
306.08
306.102
306.122
306.141
306.157
306.171
306.183
306.191
306.196
306.197
306.194
306.186
306.173
306.153
306.127
306.094
306.052
306
305.938
305.865
305.781
305.685
301.792
301.821
301.851
301.881
301.911
301.942
301.973
302.004
302.035
302.066
302.098
302.13
302.161
302.193
302.225
302.257
302.289
302.321
302.353
302.385
302.417
302.448
302.48
302.511
302.543
302.574
302.606
302.637
302.668
302.699
302.729
302.76
302.791
302.821
302.851
302.882
302.912
302.942
302.972
303.001
303.031
303.061
303.09
303.12
303.149
303.178
303.208
303.237
303.266
303.295
303.324
303.353
303.382
303.411
303.44
303.468
303.497
303.526
303.555
303.583
303.612
303.641
303.669
303.698
303.727
303.756
303.784
303.813
303.842
303.871
303.899
303.928
303.957
303.986
304.015
304.044
304.073
304.102
304.131
304.161
304.19
304.219
304.249
304.278
304.308
304.337
304.367
304.397
304.427
304.457
304.487
304.517
304.547
304.577
304.608
304.638
304.669
304.7
304.73
304.761
304.792
304.824
304.855
304.886
304.918
304.949
304.981
305.013
305.044
305.076
305.108
305.141
305.173
305.205
305.238
305.27
305.303
305.335
305.368
305.401
305.433
305.466
305.499
305.531
305.564
305.596
305.629
305.661
305.693
305.724
305.756
305.787
305.817
305.847
305.876
305.905
305.933
305.96
305.985
306.01
306.033
306.054
306.073
306.091
306.106
306.118
306.127
306.133
306.135
306.133
306.126
306.114
306.096
306.071
306.039
305.998
305.949
305.889
305.82
305.74
305.649
301.732
301.759
301.787
301.815
301.843
301.872
301.901
301.93
301.959
301.989
302.019
302.049
302.079
302.109
302.139
302.17
302.2
302.231
302.261
302.292
302.322
302.353
302.384
302.414
302.445
302.475
302.506
302.536
302.566
302.596
302.627
302.657
302.687
302.717
302.747
302.776
302.806
302.836
302.865
302.895
302.924
302.954
302.983
303.013
303.042
303.071
303.1
303.129
303.158
303.187
303.216
303.245
303.274
303.303
303.332
303.361
303.39
303.418
303.447
303.476
303.505
303.534
303.563
303.591
303.62
303.649
303.678
303.707
303.736
303.765
303.794
303.823
303.852
303.881
303.911
303.94
303.969
303.999
304.028
304.058
304.087
304.117
304.146
304.176
304.206
304.236
304.266
304.296
304.326
304.357
304.387
304.418
304.448
304.479
304.51
304.541
304.572
304.603
304.634
304.665
304.697
304.728
304.76
304.792
304.824
304.856
304.888
304.92
304.952
304.985
305.017
305.05
305.083
305.116
305.149
305.182
305.215
305.248
305.281
305.314
305.347
305.381
305.414
305.447
305.48
305.513
305.546
305.579
305.611
305.644
305.676
305.707
305.738
305.769
305.799
305.828
305.857
305.885
305.911
305.936
305.96
305.982
306.002
306.021
306.037
306.05
306.06
306.067
306.07
306.069
306.063
306.052
306.036
306.012
305.982
305.943
305.896
305.84
305.774
305.698
305.613
301.672
301.697
301.723
301.749
301.776
301.803
301.83
301.857
301.885
301.913
301.941
301.969
301.997
302.026
302.055
302.084
302.113
302.142
302.171
302.2
302.23
302.259
302.289
302.318
302.347
302.377
302.406
302.436
302.465
302.495
302.524
302.554
302.583
302.612
302.642
302.671
302.7
302.73
302.759
302.788
302.817
302.846
302.875
302.904
302.933
302.962
302.991
303.02
303.049
303.078
303.107
303.136
303.165
303.194
303.222
303.251
303.28
303.309
303.338
303.367
303.396
303.425
303.454
303.482
303.511
303.54
303.57
303.599
303.628
303.657
303.686
303.715
303.745
303.774
303.804
303.833
303.863
303.892
303.922
303.952
303.982
304.011
304.041
304.072
304.102
304.132
304.162
304.193
304.223
304.254
304.285
304.316
304.346
304.378
304.409
304.44
304.471
304.503
304.535
304.566
304.598
304.63
304.662
304.695
304.727
304.759
304.792
304.825
304.857
304.89
304.923
304.956
304.99
305.023
305.056
305.09
305.123
305.157
305.191
305.225
305.258
305.292
305.326
305.36
305.393
305.427
305.46
305.494
305.527
305.56
305.592
305.625
305.656
305.688
305.719
305.749
305.778
305.806
305.833
305.859
305.884
305.907
305.928
305.948
305.964
305.979
305.99
305.998
306.002
306.003
305.998
305.989
305.973
305.952
305.923
305.887
305.842
305.789
305.727
305.656
305.576
301.613
301.636
301.661
301.685
301.71
301.735
301.76
301.786
301.812
301.838
301.865
301.891
301.918
301.945
301.972
302
302.027
302.055
302.083
302.111
302.139
302.167
302.195
302.223
302.252
302.28
302.309
302.337
302.366
302.394
302.423
302.452
302.48
302.509
302.538
302.566
302.595
302.624
302.652
302.681
302.71
302.738
302.767
302.796
302.824
302.853
302.882
302.911
302.939
302.968
302.997
303.025
303.054
303.083
303.112
303.14
303.169
303.198
303.227
303.256
303.285
303.314
303.343
303.372
303.401
303.43
303.459
303.488
303.518
303.547
303.576
303.606
303.635
303.665
303.694
303.724
303.754
303.784
303.814
303.844
303.874
303.904
303.934
303.964
303.995
304.025
304.056
304.087
304.118
304.149
304.18
304.211
304.242
304.274
304.305
304.337
304.369
304.401
304.433
304.465
304.497
304.529
304.562
304.595
304.627
304.66
304.693
304.726
304.76
304.793
304.826
304.86
304.894
304.928
304.961
304.995
305.029
305.064
305.098
305.132
305.166
305.201
305.235
305.269
305.303
305.338
305.372
305.406
305.439
305.473
305.506
305.539
305.571
305.603
305.635
305.665
305.695
305.724
305.752
305.779
305.805
305.829
305.851
305.871
305.889
305.904
305.917
305.926
305.932
305.933
305.93
305.922
305.909
305.889
305.863
305.829
305.787
305.738
305.679
305.613
305.538
301.554
301.576
301.599
301.622
301.645
301.669
301.692
301.716
301.741
301.765
301.79
301.815
301.841
301.866
301.892
301.918
301.944
301.97
301.996
302.023
302.05
302.077
302.104
302.131
302.158
302.185
302.213
302.24
302.268
302.295
302.323
302.351
302.379
302.406
302.434
302.462
302.49
302.518
302.547
302.575
302.603
302.631
302.659
302.688
302.716
302.744
302.772
302.801
302.829
302.858
302.886
302.915
302.943
302.972
303
303.029
303.058
303.087
303.115
303.144
303.173
303.202
303.231
303.26
303.289
303.318
303.347
303.377
303.406
303.435
303.465
303.494
303.524
303.554
303.583
303.613
303.643
303.673
303.703
303.734
303.764
303.794
303.825
303.855
303.886
303.917
303.948
303.979
304.01
304.041
304.073
304.104
304.136
304.168
304.2
304.232
304.264
304.296
304.328
304.361
304.394
304.426
304.459
304.492
304.526
304.559
304.592
304.626
304.66
304.693
304.727
304.761
304.795
304.83
304.864
304.898
304.933
304.968
305.002
305.037
305.072
305.107
305.141
305.176
305.211
305.245
305.28
305.315
305.349
305.383
305.417
305.45
305.483
305.516
305.548
305.579
305.61
305.64
305.668
305.696
305.722
305.747
305.77
305.791
305.81
305.827
305.84
305.851
305.858
305.861
305.859
305.853
305.842
305.824
305.8
305.769
305.731
305.685
305.631
305.569
305.499
301.497
301.518
301.539
301.56
301.582
301.604
301.626
301.649
301.671
301.695
301.718
301.741
301.765
301.789
301.813
301.838
301.863
301.887
301.913
301.938
301.963
301.989
302.014
302.04
302.066
302.093
302.119
302.145
302.172
302.198
302.225
302.252
302.279
302.306
302.333
302.36
302.388
302.415
302.442
302.47
302.497
302.525
302.553
302.58
302.608
302.636
302.664
302.692
302.72
302.748
302.776
302.804
302.833
302.861
302.889
302.918
302.946
302.975
303.003
303.032
303.061
303.09
303.119
303.148
303.177
303.206
303.235
303.264
303.294
303.323
303.353
303.382
303.412
303.442
303.472
303.502
303.532
303.562
303.592
303.623
303.653
303.684
303.714
303.745
303.776
303.807
303.838
303.87
303.901
303.933
303.964
303.996
304.028
304.06
304.092
304.125
304.157
304.19
304.222
304.255
304.288
304.322
304.355
304.388
304.422
304.456
304.489
304.523
304.558
304.592
304.626
304.661
304.695
304.73
304.765
304.799
304.834
304.869
304.905
304.94
304.975
305.01
305.045
305.081
305.116
305.151
305.186
305.221
305.256
305.29
305.325
305.359
305.392
305.425
305.458
305.49
305.521
305.552
305.581
305.61
305.637
305.662
305.686
305.708
305.728
305.746
305.761
305.773
305.781
305.785
305.786
305.781
305.772
305.757
305.735
305.707
305.672
305.63
305.58
305.523
305.458
301.441
301.46
301.48
301.5
301.52
301.541
301.562
301.583
301.604
301.626
301.648
301.67
301.692
301.715
301.738
301.761
301.784
301.808
301.831
301.855
301.88
301.904
301.928
301.953
301.978
302.003
302.028
302.053
302.079
302.104
302.13
302.156
302.182
302.208
302.234
302.261
302.287
302.314
302.34
302.367
302.394
302.421
302.448
302.475
302.502
302.529
302.557
302.584
302.612
302.64
302.667
302.695
302.723
302.751
302.779
302.807
302.836
302.864
302.892
302.921
302.949
302.978
303.007
303.036
303.065
303.094
303.123
303.152
303.181
303.211
303.24
303.27
303.3
303.33
303.36
303.39
303.42
303.45
303.481
303.511
303.542
303.573
303.603
303.634
303.666
303.697
303.728
303.76
303.791
303.823
303.855
303.887
303.919
303.952
303.984
304.017
304.05
304.083
304.116
304.149
304.182
304.216
304.249
304.283
304.317
304.351
304.385
304.42
304.454
304.489
304.523
304.558
304.593
304.628
304.663
304.699
304.734
304.77
304.805
304.841
304.876
304.912
304.948
304.983
305.019
305.055
305.09
305.125
305.161
305.196
305.23
305.265
305.299
305.333
305.366
305.399
305.43
305.461
305.492
305.521
305.548
305.575
305.6
305.623
305.644
305.662
305.678
305.691
305.701
305.707
305.709
305.707
305.699
305.686
305.668
305.643
305.612
305.573
305.528
305.475
305.416
301.387
301.405
301.423
301.442
301.461
301.48
301.5
301.52
301.54
301.56
301.581
301.601
301.622
301.644
301.665
301.687
301.709
301.731
301.754
301.776
301.799
301.822
301.845
301.869
301.893
301.916
301.94
301.965
301.989
302.013
302.038
302.063
302.088
302.113
302.138
302.164
302.189
302.215
302.241
302.267
302.293
302.319
302.346
302.372
302.399
302.425
302.452
302.479
302.506
302.533
302.561
302.588
302.616
302.643
302.671
302.699
302.727
302.755
302.783
302.811
302.839
302.868
302.896
302.925
302.954
302.983
303.012
303.041
303.07
303.1
303.129
303.159
303.188
303.218
303.248
303.278
303.309
303.339
303.369
303.4
303.431
303.462
303.493
303.524
303.555
303.587
303.618
303.65
303.682
303.714
303.746
303.778
303.811
303.843
303.876
303.909
303.942
303.975
304.008
304.042
304.075
304.109
304.143
304.177
304.212
304.246
304.28
304.315
304.35
304.385
304.42
304.455
304.491
304.526
304.561
304.597
304.633
304.669
304.705
304.74
304.776
304.812
304.849
304.885
304.921
304.957
304.992
305.028
305.064
305.099
305.134
305.169
305.204
305.238
305.272
305.305
305.337
305.369
305.399
305.429
305.457
305.484
305.51
305.534
305.556
305.575
305.592
305.607
305.618
305.626
305.629
305.629
305.624
305.614
305.598
305.576
305.548
305.514
305.473
305.425
305.371
301.334
301.351
301.369
301.386
301.404
301.422
301.44
301.459
301.478
301.497
301.516
301.536
301.556
301.576
301.596
301.616
301.637
301.658
301.679
301.701
301.722
301.744
301.766
301.789
301.811
301.834
301.857
301.88
301.903
301.926
301.95
301.974
301.998
302.022
302.046
302.071
302.096
302.12
302.145
302.171
302.196
302.221
302.247
302.273
302.299
302.325
302.351
302.377
302.404
302.43
302.457
302.484
302.511
302.538
302.565
302.593
302.62
302.648
302.676
302.704
302.732
302.76
302.788
302.817
302.845
302.874
302.903
302.932
302.961
302.99
303.02
303.049
303.079
303.109
303.138
303.169
303.199
303.229
303.26
303.29
303.321
303.352
303.383
303.414
303.446
303.477
303.509
303.541
303.573
303.605
303.637
303.67
303.703
303.735
303.768
303.801
303.835
303.868
303.902
303.935
303.969
304.003
304.038
304.072
304.106
304.141
304.176
304.211
304.246
304.281
304.317
304.352
304.388
304.423
304.459
304.495
304.531
304.567
304.603
304.64
304.676
304.712
304.749
304.785
304.821
304.858
304.894
304.93
304.966
305.001
305.037
305.072
305.107
305.141
305.175
305.209
305.242
305.274
305.305
305.335
305.364
305.392
305.418
305.443
305.465
305.486
305.504
305.52
305.532
305.541
305.547
305.548
305.545
305.538
305.525
305.507
305.482
305.452
305.416
305.373
305.324
301.284
301.3
301.317
301.333
301.35
301.367
301.384
301.401
301.419
301.437
301.455
301.473
301.492
301.511
301.53
301.549
301.569
301.589
301.609
301.629
301.65
301.67
301.691
301.712
301.734
301.755
301.777
301.799
301.821
301.844
301.866
301.889
301.912
301.935
301.959
301.982
302.006
302.03
302.054
302.079
302.103
302.128
302.153
302.178
302.203
302.228
302.254
302.279
302.305
302.331
302.357
302.384
302.41
302.437
302.463
302.49
302.517
302.545
302.572
302.6
302.627
302.655
302.683
302.711
302.74
302.768
302.797
302.826
302.854
302.884
302.913
302.942
302.972
303.001
303.031
303.061
303.091
303.122
303.152
303.183
303.214
303.245
303.276
303.307
303.339
303.37
303.402
303.434
303.466
303.498
303.531
303.563
303.596
303.629
303.662
303.696
303.729
303.763
303.796
303.83
303.864
303.899
303.933
303.968
304.002
304.037
304.072
304.107
304.143
304.178
304.214
304.25
304.285
304.321
304.357
304.394
304.43
304.466
304.503
304.539
304.576
304.612
304.649
304.685
304.722
304.758
304.795
304.831
304.867
304.903
304.939
304.974
305.009
305.044
305.078
305.112
305.145
305.177
305.209
305.239
305.269
305.297
305.324
305.349
305.372
305.394
305.413
305.43
305.443
305.454
305.461
305.465
305.464
305.459
305.449
305.434
305.413
305.387
305.355
305.317
305.273
301.237
301.252
301.267
301.283
301.299
301.314
301.331
301.347
301.364
301.381
301.398
301.415
301.433
301.45
301.468
301.487
301.505
301.524
301.543
301.562
301.581
301.601
301.621
301.641
301.661
301.682
301.703
301.724
301.745
301.766
301.788
301.81
301.832
301.854
301.876
301.899
301.922
301.945
301.968
301.992
302.015
302.039
302.063
302.087
302.112
302.136
302.161
302.186
302.211
302.237
302.262
302.288
302.314
302.34
302.366
302.393
302.419
302.446
302.473
302.5
302.527
302.555
302.583
302.61
302.638
302.667
302.695
302.723
302.752
302.781
302.81
302.839
302.869
302.898
302.928
302.958
302.988
303.018
303.049
303.079
303.11
303.141
303.172
303.203
303.235
303.266
303.298
303.33
303.362
303.395
303.427
303.46
303.493
303.526
303.559
303.592
303.626
303.66
303.694
303.728
303.762
303.796
303.831
303.866
303.901
303.936
303.971
304.006
304.042
304.077
304.113
304.149
304.185
304.221
304.257
304.294
304.33
304.366
304.403
304.44
304.476
304.513
304.55
304.586
304.623
304.659
304.696
304.732
304.768
304.804
304.84
304.876
304.911
304.946
304.98
305.014
305.047
305.08
305.112
305.142
305.172
305.201
305.228
305.254
305.278
305.3
305.32
305.338
305.352
305.365
305.373
305.379
305.38
305.377
305.37
305.358
305.341
305.319
305.291
305.258
305.219
301.193
301.207
301.221
301.236
301.251
301.266
301.281
301.296
301.312
301.328
301.344
301.36
301.377
301.394
301.411
301.428
301.446
301.463
301.481
301.5
301.518
301.537
301.555
301.575
301.594
301.613
301.633
301.653
301.673
301.694
301.715
301.735
301.757
301.778
301.799
301.821
301.843
301.865
301.888
301.911
301.933
301.956
301.98
302.003
302.027
302.051
302.075
302.099
302.124
302.148
302.173
302.198
302.224
302.249
302.275
302.301
302.327
302.353
302.379
302.406
302.433
302.46
302.487
302.515
302.542
302.57
302.598
302.626
302.655
302.683
302.712
302.741
302.77
302.8
302.829
302.859
302.889
302.919
302.949
302.98
303.011
303.041
303.073
303.104
303.135
303.167
303.199
303.231
303.263
303.295
303.328
303.36
303.393
303.426
303.46
303.493
303.527
303.561
303.595
303.629
303.663
303.698
303.732
303.767
303.802
303.837
303.872
303.908
303.943
303.979
304.015
304.051
304.087
304.123
304.159
304.196
304.232
304.269
304.305
304.342
304.379
304.415
304.452
304.489
304.525
304.562
304.598
304.635
304.671
304.707
304.743
304.778
304.813
304.848
304.882
304.916
304.95
304.982
305.014
305.045
305.075
305.104
305.131
305.157
305.182
305.204
305.225
305.243
305.259
305.273
305.283
305.29
305.293
305.293
305.289
305.28
305.266
305.248
305.224
305.195
305.161
301.152
301.165
301.179
301.193
301.207
301.221
301.235
301.25
301.265
301.28
301.295
301.31
301.326
301.342
301.358
301.375
301.391
301.408
301.425
301.442
301.46
301.478
301.496
301.514
301.532
301.551
301.57
301.589
301.608
301.628
301.647
301.668
301.688
301.708
301.729
301.75
301.771
301.792
301.814
301.836
301.858
301.88
301.903
301.925
301.948
301.972
301.995
302.019
302.042
302.066
302.091
302.115
302.14
302.165
302.19
302.215
302.241
302.267
302.293
302.319
302.345
302.372
302.399
302.426
302.453
302.48
302.508
302.536
302.564
302.592
302.621
302.65
302.678
302.708
302.737
302.766
302.796
302.826
302.856
302.887
302.917
302.948
302.979
303.01
303.041
303.073
303.105
303.137
303.169
303.201
303.234
303.266
303.299
303.332
303.365
303.399
303.433
303.466
303.5
303.534
303.569
303.603
303.638
303.673
303.708
303.743
303.778
303.814
303.849
303.885
303.921
303.957
303.993
304.029
304.065
304.101
304.138
304.174
304.211
304.247
304.284
304.321
304.357
304.394
304.43
304.467
304.503
304.539
304.575
304.611
304.647
304.682
304.717
304.751
304.786
304.819
304.852
304.885
304.917
304.947
304.977
305.006
305.034
305.06
305.085
305.108
305.129
305.148
305.165
305.179
305.191
305.199
305.205
305.206
305.204
305.198
305.188
305.173
305.153
305.129
305.1
301.115
301.127
301.14
301.153
301.167
301.18
301.194
301.208
301.222
301.236
301.25
301.265
301.28
301.295
301.311
301.326
301.342
301.358
301.374
301.391
301.407
301.424
301.441
301.459
301.476
301.494
301.512
301.531
301.549
301.568
301.587
301.606
301.626
301.645
301.665
301.685
301.706
301.726
301.747
301.768
301.79
301.811
301.833
301.855
301.877
301.9
301.922
301.945
301.969
301.992
302.016
302.04
302.064
302.088
302.113
302.137
302.162
302.188
302.213
302.239
302.265
302.291
302.317
302.344
302.371
302.398
302.425
302.453
302.481
302.509
302.537
302.565
302.594
302.623
302.652
302.681
302.711
302.74
302.77
302.8
302.831
302.861
302.892
302.923
302.954
302.986
303.017
303.049
303.081
303.113
303.146
303.179
303.211
303.244
303.278
303.311
303.345
303.378
303.412
303.446
303.481
303.515
303.55
303.584
303.619
303.654
303.689
303.725
303.76
303.796
303.832
303.867
303.903
303.939
303.975
304.012
304.048
304.084
304.121
304.157
304.193
304.23
304.266
304.302
304.338
304.375
304.411
304.447
304.482
304.518
304.553
304.588
304.623
304.657
304.691
304.724
304.757
304.789
304.82
304.851
304.88
304.909
304.937
304.963
304.988
305.011
305.032
305.052
305.069
305.084
305.097
305.107
305.114
305.117
305.117
305.114
305.106
305.095
305.079
305.059
305.034
301.081
301.093
301.106
301.118
301.131
301.144
301.157
301.17
301.183
301.197
301.211
301.225
301.239
301.254
301.268
301.283
301.298
301.314
301.329
301.345
301.361
301.377
301.394
301.41
301.427
301.444
301.462
301.479
301.497
301.515
301.533
301.552
301.571
301.59
301.609
301.628
301.648
301.668
301.688
301.708
301.729
301.75
301.771
301.792
301.814
301.836
301.858
301.88
301.903
301.926
301.949
301.972
301.996
302.02
302.044
302.068
302.092
302.117
302.142
302.167
302.193
302.219
302.245
302.271
302.297
302.324
302.351
302.378
302.406
302.433
302.461
302.489
302.518
302.546
302.575
302.604
302.633
302.663
302.692
302.722
302.753
302.783
302.814
302.844
302.875
302.907
302.938
302.97
303.002
303.034
303.066
303.099
303.131
303.164
303.197
303.23
303.264
303.298
303.331
303.365
303.399
303.434
303.468
303.503
303.537
303.572
303.607
303.643
303.678
303.713
303.749
303.784
303.82
303.856
303.892
303.928
303.964
304
304.036
304.072
304.108
304.144
304.18
304.215
304.251
304.287
304.323
304.358
304.393
304.428
304.463
304.497
304.531
304.565
304.598
304.631
304.663
304.695
304.726
304.756
304.785
304.814
304.841
304.867
304.891
304.915
304.936
304.956
304.974
304.989
305.003
305.014
305.022
305.027
305.029
305.028
305.023
305.014
305.002
304.986
304.965
301.053
301.064
301.076
301.088
301.1
301.112
301.125
301.137
301.15
301.163
301.177
301.19
301.204
301.218
301.232
301.246
301.261
301.275
301.29
301.306
301.321
301.337
301.352
301.368
301.385
301.401
301.418
301.435
301.452
301.469
301.487
301.505
301.523
301.541
301.56
301.579
301.598
301.617
301.637
301.657
301.677
301.697
301.718
301.738
301.76
301.781
301.802
301.824
301.846
301.869
301.891
301.914
301.937
301.96
301.984
302.008
302.032
302.056
302.081
302.105
302.13
302.156
302.181
302.207
302.233
302.26
302.286
302.313
302.34
302.367
302.395
302.423
302.451
302.479
302.508
302.536
302.565
302.595
302.624
302.654
302.684
302.714
302.744
302.775
302.806
302.837
302.868
302.9
302.931
302.963
302.995
303.028
303.06
303.093
303.126
303.159
303.192
303.225
303.259
303.293
303.327
303.361
303.395
303.429
303.464
303.498
303.533
303.568
303.603
303.638
303.673
303.708
303.744
303.779
303.815
303.85
303.886
303.921
303.957
303.992
304.028
304.063
304.099
304.134
304.169
304.205
304.24
304.274
304.309
304.343
304.377
304.411
304.444
304.477
304.51
304.542
304.574
304.604
304.635
304.664
304.693
304.72
304.747
304.772
304.797
304.82
304.841
304.861
304.879
304.895
304.909
304.92
304.929
304.936
304.939
304.94
304.937
304.932
304.922
304.909
304.893
301.028
301.039
301.051
301.062
301.074
301.086
301.098
301.11
301.123
301.135
301.148
301.161
301.174
301.188
301.201
301.215
301.229
301.244
301.258
301.273
301.288
301.303
301.318
301.333
301.349
301.365
301.381
301.398
301.415
301.431
301.449
301.466
301.484
301.501
301.519
301.538
301.556
301.575
301.594
301.614
301.633
301.653
301.673
301.693
301.714
301.735
301.756
301.777
301.799
301.821
301.843
301.865
301.888
301.911
301.934
301.957
301.981
302.005
302.029
302.053
302.078
302.103
302.128
302.154
302.179
302.205
302.232
302.258
302.285
302.312
302.339
302.367
302.394
302.422
302.451
302.479
302.508
302.537
302.566
302.595
302.625
302.655
302.685
302.716
302.746
302.777
302.808
302.839
302.871
302.902
302.934
302.966
302.999
303.031
303.064
303.096
303.129
303.163
303.196
303.229
303.263
303.297
303.331
303.365
303.399
303.433
303.468
303.502
303.537
303.571
303.606
303.641
303.676
303.711
303.746
303.781
303.816
303.851
303.886
303.921
303.955
303.99
304.025
304.06
304.094
304.129
304.163
304.197
304.23
304.264
304.297
304.33
304.363
304.395
304.426
304.457
304.488
304.518
304.547
304.576
304.604
304.631
304.656
304.681
304.705
304.727
304.748
304.768
304.785
304.801
304.816
304.828
304.837
304.845
304.85
304.852
304.851
304.848
304.841
304.831
304.818
301.009
301.02
301.031
301.042
301.053
301.065
301.076
301.088
301.1
301.113
301.125
301.138
301.151
301.164
301.177
301.19
301.204
301.218
301.232
301.246
301.261
301.276
301.29
301.306
301.321
301.336
301.352
301.368
301.385
301.401
301.418
301.435
301.452
301.469
301.487
301.505
301.523
301.542
301.56
301.579
301.598
301.618
301.637
301.657
301.678
301.698
301.719
301.74
301.761
301.782
301.804
301.826
301.848
301.871
301.894
301.917
301.94
301.964
301.987
302.012
302.036
302.061
302.085
302.111
302.136
302.162
302.188
302.214
302.24
302.267
302.294
302.321
302.349
302.377
302.405
302.433
302.461
302.49
302.519
302.548
302.578
302.607
302.637
302.667
302.698
302.728
302.759
302.79
302.821
302.852
302.884
302.916
302.948
302.98
303.012
303.045
303.077
303.11
303.143
303.176
303.21
303.243
303.276
303.31
303.344
303.378
303.412
303.446
303.48
303.514
303.548
303.582
303.617
303.651
303.685
303.72
303.754
303.788
303.823
303.857
303.891
303.925
303.959
303.993
304.026
304.06
304.093
304.126
304.159
304.191
304.224
304.255
304.287
304.318
304.348
304.379
304.408
304.437
304.465
304.493
304.519
304.545
304.57
304.594
304.617
304.639
304.659
304.678
304.695
304.711
304.725
304.737
304.747
304.756
304.761
304.765
304.766
304.764
304.759
304.752
304.742
300.994
301.005
301.015
301.026
301.038
301.049
301.06
301.072
301.084
301.096
301.108
301.12
301.133
301.146
301.159
301.172
301.185
301.199
301.213
301.227
301.241
301.255
301.27
301.285
301.3
301.315
301.331
301.346
301.362
301.378
301.395
301.412
301.428
301.446
301.463
301.481
301.498
301.517
301.535
301.554
301.572
301.592
301.611
301.631
301.65
301.671
301.691
301.712
301.733
301.754
301.775
301.797
301.819
301.841
301.864
301.887
301.91
301.933
301.957
301.98
302.004
302.029
302.054
302.078
302.104
302.129
302.155
302.181
302.207
302.233
302.26
302.287
302.314
302.342
302.37
302.398
302.426
302.454
302.483
302.512
302.541
302.571
302.6
302.63
302.66
302.691
302.721
302.752
302.783
302.814
302.845
302.876
302.908
302.94
302.972
303.004
303.036
303.069
303.101
303.134
303.167
303.2
303.233
303.266
303.299
303.332
303.366
303.399
303.433
303.466
303.5
303.534
303.567
303.601
303.634
303.668
303.702
303.735
303.768
303.802
303.835
303.868
303.901
303.934
303.967
303.999
304.031
304.063
304.095
304.126
304.157
304.188
304.218
304.248
304.277
304.306
304.335
304.362
304.389
304.416
304.441
304.466
304.49
304.513
304.534
304.555
304.575
304.593
304.61
304.625
304.639
304.651
304.661
304.67
304.676
304.68
304.682
304.682
304.679
304.674
304.666
300.984
300.995
301.005
301.016
301.027
301.038
301.049
301.061
301.073
301.084
301.096
301.109
301.121
301.134
301.146
301.159
301.173
301.186
301.2
301.213
301.227
301.242
301.256
301.271
301.286
301.301
301.316
301.332
301.347
301.363
301.38
301.396
301.413
301.43
301.447
301.464
301.482
301.5
301.518
301.537
301.555
301.574
301.593
301.613
301.632
301.652
301.673
301.693
301.714
301.735
301.756
301.778
301.799
301.821
301.844
301.866
301.889
301.912
301.936
301.96
301.983
302.008
302.032
302.057
302.082
302.107
302.133
302.158
302.184
302.211
302.237
302.264
302.291
302.318
302.346
302.374
302.402
302.43
302.459
302.487
302.516
302.545
302.575
302.604
302.634
302.664
302.694
302.725
302.755
302.786
302.817
302.848
302.879
302.911
302.942
302.974
303.006
303.038
303.07
303.102
303.135
303.167
303.2
303.232
303.265
303.298
303.33
303.363
303.396
303.429
303.462
303.495
303.527
303.56
303.593
303.626
303.659
303.691
303.724
303.756
303.788
303.82
303.852
303.884
303.916
303.947
303.978
304.009
304.039
304.07
304.099
304.129
304.158
304.186
304.214
304.242
304.269
304.295
304.321
304.346
304.37
304.394
304.417
304.438
304.459
304.479
304.497
304.515
304.531
304.545
304.559
304.57
304.58
304.589
304.595
304.6
304.603
304.604
304.602
304.599
304.593
300.978
300.989
300.999
301.01
301.021
301.032
301.043
301.055
301.066
301.078
301.09
301.102
301.114
301.127
301.14
301.153
301.166
301.179
301.192
301.206
301.22
301.234
301.249
301.263
301.278
301.293
301.308
301.324
301.339
301.355
301.371
301.388
301.404
301.421
301.438
301.455
301.473
301.491
301.509
301.527
301.546
301.565
301.584
301.603
301.623
301.643
301.663
301.683
301.704
301.725
301.746
301.767
301.789
301.811
301.833
301.856
301.878
301.901
301.925
301.948
301.972
301.996
302.021
302.045
302.07
302.095
302.121
302.146
302.172
302.198
302.225
302.251
302.278
302.305
302.333
302.36
302.388
302.416
302.444
302.473
302.502
302.531
302.56
302.589
302.619
302.648
302.678
302.708
302.738
302.769
302.799
302.83
302.861
302.892
302.923
302.955
302.986
303.017
303.049
303.081
303.113
303.145
303.176
303.208
303.241
303.273
303.305
303.337
303.369
303.401
303.433
303.465
303.497
303.529
303.561
303.593
303.625
303.657
303.688
303.72
303.751
303.782
303.813
303.844
303.874
303.904
303.934
303.964
303.993
304.022
304.051
304.079
304.107
304.134
304.161
304.187
304.213
304.238
304.262
304.286
304.309
304.331
304.353
304.373
304.393
304.411
304.429
304.445
304.46
304.474
304.487
304.498
304.508
304.516
304.523
304.528
304.531
304.533
304.532
304.53
304.526
300.977
300.987
300.998
301.008
301.019
301.03
301.041
301.053
301.064
301.076
301.088
301.1
301.112
301.125
301.138
301.15
301.163
301.177
301.19
301.204
301.218
301.232
301.246
301.261
301.276
301.29
301.306
301.321
301.337
301.353
301.369
301.385
301.402
301.419
301.436
301.453
301.47
301.488
301.506
301.525
301.543
301.562
301.581
301.6
301.62
301.64
301.66
301.68
301.701
301.722
301.743
301.764
301.786
301.808
301.83
301.853
301.875
301.898
301.922
301.945
301.969
301.993
302.017
302.042
302.066
302.092
302.117
302.142
302.168
302.194
302.221
302.247
302.274
302.301
302.328
302.356
302.383
302.411
302.439
302.467
302.496
302.525
302.554
302.583
302.612
302.641
302.671
302.701
302.731
302.761
302.791
302.821
302.852
302.883
302.913
302.944
302.975
303.006
303.037
303.068
303.1
303.131
303.162
303.194
303.225
303.257
303.288
303.32
303.351
303.383
303.414
303.445
303.477
303.508
303.539
303.57
303.601
303.632
303.663
303.693
303.723
303.753
303.783
303.813
303.842
303.872
303.9
303.929
303.957
303.985
304.012
304.039
304.066
304.092
304.118
304.143
304.167
304.191
304.214
304.237
304.258
304.28
304.3
304.319
304.338
304.355
304.372
304.387
304.402
304.415
304.427
304.437
304.447
304.455
304.461
304.466
304.47
304.472
304.472
304.47
304.467
300.977
300.988
300.998
301.009
301.02
301.031
301.042
301.054
301.065
301.077
301.089
301.101
301.113
301.126
301.139
301.151
301.165
301.178
301.191
301.205
301.219
301.233
301.248
301.262
301.277
301.292
301.307
301.323
301.338
301.354
301.37
301.387
301.403
301.42
301.437
301.455
301.472
301.49
301.508
301.527
301.545
301.564
301.583
301.602
301.622
301.642
301.662
301.682
301.703
301.724
301.745
301.767
301.788
301.81
301.832
301.855
301.878
301.901
301.924
301.947
301.971
301.995
302.019
302.044
302.069
302.094
302.119
302.144
302.17
302.196
302.222
302.249
302.275
302.302
302.329
302.357
302.384
302.412
302.44
302.468
302.496
302.525
302.554
302.583
302.612
302.641
302.67
302.7
302.729
302.759
302.789
302.819
302.849
302.88
302.91
302.94
302.971
303.002
303.032
303.063
303.094
303.125
303.156
303.187
303.218
303.249
303.28
303.31
303.341
303.372
303.403
303.434
303.464
303.495
303.525
303.556
303.586
303.616
303.646
303.676
303.705
303.735
303.764
303.792
303.821
303.849
303.877
303.905
303.932
303.959
303.985
304.011
304.037
304.062
304.087
304.111
304.134
304.157
304.179
304.201
304.222
304.242
304.261
304.28
304.297
304.314
304.33
304.344
304.358
304.37
304.382
304.392
304.401
304.409
304.415
304.42
304.424
304.426
304.426
304.425
304.423
300.979
300.989
301
301.011
301.022
301.033
301.044
301.055
301.067
301.079
301.091
301.103
301.115
301.128
301.141
301.154
301.167
301.18
301.194
301.207
301.221
301.235
301.25
301.264
301.279
301.294
301.31
301.325
301.341
301.357
301.373
301.39
301.406
301.423
301.44
301.458
301.475
301.493
301.511
301.53
301.548
301.567
301.586
301.606
301.626
301.645
301.666
301.686
301.707
301.728
301.749
301.77
301.792
301.814
301.836
301.859
301.881
301.904
301.928
301.951
301.975
301.999
302.023
302.048
302.072
302.097
302.123
302.148
302.174
302.2
302.226
302.252
302.279
302.306
302.333
302.36
302.387
302.415
302.443
302.471
302.499
302.528
302.556
302.585
302.614
302.643
302.672
302.701
302.731
302.76
302.79
302.82
302.85
302.88
302.91
302.94
302.971
303.001
303.032
303.062
303.093
303.123
303.154
303.184
303.215
303.246
303.276
303.307
303.337
303.368
303.398
303.429
303.459
303.489
303.519
303.549
303.579
303.609
303.638
303.667
303.696
303.725
303.754
303.782
303.81
303.838
303.865
303.892
303.919
303.945
303.971
303.997
304.022
304.046
304.07
304.094
304.117
304.139
304.16
304.181
304.202
304.221
304.24
304.258
304.275
304.291
304.306
304.32
304.334
304.346
304.357
304.367
304.375
304.383
304.389
304.394
304.397
304.4
304.4
304.4
304.397
305.679
305.195
304.814
304.487
304.196
303.935
303.699
303.486
303.29
303.11
302.942
302.785
302.637
302.496
302.362
302.234
302.111
301.993
301.879
301.77
301.665
301.565
301.468
301.375
301.286
301.201
301.119
301.041
300.967
300.896
300.828
300.764
300.704
300.646
300.593
300.542
300.494
300.45
300.409
300.37
300.335
300.303
300.273
300.246
300.222
300.201
300.183
300.168
300.156
300.148
300.144
305.677
305.195
304.814
304.487
304.196
303.935
303.699
303.486
303.29
303.11
302.942
302.785
302.637
302.496
302.362
302.234
302.111
301.993
301.879
301.77
301.666
301.565
301.468
301.375
301.286
301.201
301.119
301.041
300.967
300.896
300.828
300.764
300.704
300.647
300.593
300.542
300.494
300.45
300.409
300.37
300.335
300.303
300.273
300.246
300.222
300.201
300.183
300.168
300.156
300.148
300.144
305.674
305.194
304.814
304.487
304.196
303.935
303.7
303.486
303.29
303.11
302.943
302.786
302.637
302.497
302.362
302.234
302.111
301.993
301.88
301.77
301.666
301.565
301.468
301.375
301.286
301.201
301.119
301.041
300.967
300.896
300.828
300.764
300.704
300.647
300.593
300.542
300.495
300.45
300.409
300.37
300.335
300.303
300.273
300.246
300.222
300.201
300.183
300.168
300.156
300.148
300.144
305.669
305.193
304.814
304.486
304.196
303.935
303.7
303.486
303.29
303.11
302.943
302.786
302.638
302.497
302.363
302.234
302.111
301.993
301.88
301.771
301.666
301.565
301.468
301.376
301.287
301.201
301.12
301.041
300.967
300.896
300.829
300.765
300.704
300.647
300.593
300.542
300.495
300.45
300.409
300.371
300.335
300.303
300.273
300.246
300.222
300.201
300.183
300.168
300.156
300.148
300.144
305.663
305.191
304.813
304.486
304.196
303.935
303.7
303.486
303.291
303.111
302.943
302.786
302.638
302.497
302.363
302.235
302.112
301.994
301.88
301.771
301.666
301.566
301.469
301.376
301.287
301.202
301.12
301.042
300.967
300.896
300.829
300.765
300.704
300.647
300.593
300.542
300.495
300.45
300.409
300.371
300.335
300.303
300.273
300.246
300.222
300.201
300.183
300.168
300.157
300.148
300.144
305.655
305.189
304.812
304.486
304.196
303.935
303.7
303.486
303.291
303.111
302.944
302.787
302.639
302.498
302.364
302.236
302.113
301.995
301.881
301.772
301.667
301.566
301.47
301.377
301.287
301.202
301.12
301.042
300.968
300.897
300.829
300.765
300.705
300.647
300.593
300.543
300.495
300.451
300.409
300.371
300.336
300.303
300.273
300.247
300.223
300.201
300.183
300.168
300.157
300.149
300.144
305.645
305.187
304.811
304.486
304.196
303.936
303.701
303.487
303.292
303.112
302.945
302.788
302.64
302.499
302.365
302.237
302.114
301.995
301.882
301.773
301.668
301.567
301.47
301.377
301.288
301.203
301.121
301.043
300.968
300.897
300.83
300.766
300.705
300.648
300.594
300.543
300.496
300.451
300.41
300.371
300.336
300.303
300.274
300.247
300.223
300.202
300.183
300.168
300.157
300.149
300.144
305.634
305.183
304.81
304.485
304.196
303.936
303.701
303.488
303.293
303.113
302.946
302.789
302.641
302.5
302.366
302.238
302.115
301.997
301.883
301.774
301.669
301.568
301.471
301.378
301.289
301.204
301.122
301.044
300.969
300.898
300.831
300.767
300.706
300.649
300.594
300.544
300.496
300.452
300.41
300.372
300.336
300.304
300.274
300.247
300.223
300.202
300.184
300.169
300.157
300.149
300.144
305.621
305.179
304.809
304.485
304.196
303.937
303.702
303.489
303.294
303.115
302.948
302.791
302.643
302.502
302.368
302.24
302.117
301.998
301.885
301.776
301.671
301.57
301.473
301.38
301.291
301.205
301.123
301.045
300.97
300.899
300.832
300.768
300.707
300.649
300.595
300.544
300.497
300.452
300.411
300.372
300.337
300.304
300.274
300.247
300.223
300.202
300.184
300.169
300.157
300.149
300.145
305.606
305.175
304.807
304.485
304.197
303.938
303.704
303.491
303.296
303.117
302.95
302.793
302.645
302.504
302.37
302.242
302.119
302.001
301.887
301.778
301.673
301.572
301.475
301.382
301.292
301.207
301.125
301.046
300.972
300.901
300.833
300.769
300.708
300.65
300.596
300.545
300.498
300.453
300.411
300.373
300.337
300.305
300.275
300.248
300.224
300.202
300.184
300.169
300.157
300.149
300.145
305.59
305.169
304.806
304.485
304.198
303.939
303.706
303.493
303.299
303.119
302.953
302.796
302.648
302.507
302.373
302.245
302.122
302.003
301.89
301.78
301.675
301.574
301.477
301.384
301.294
301.209
301.127
301.048
300.973
300.902
300.834
300.77
300.709
300.652
300.597
300.546
300.498
300.454
300.412
300.374
300.338
300.305
300.275
300.248
300.224
300.203
300.184
300.169
300.158
300.149
300.145
305.573
305.163
304.804
304.485
304.199
303.941
303.708
303.496
303.302
303.123
302.956
302.8
302.652
302.511
302.377
302.248
302.125
302.007
301.893
301.783
301.678
301.577
301.48
301.387
301.297
301.211
301.129
301.051
300.976
300.904
300.836
300.772
300.711
300.653
300.599
300.548
300.5
300.455
300.413
300.375
300.339
300.306
300.276
300.249
300.225
300.203
300.185
300.17
300.158
300.15
300.145
305.555
305.157
304.802
304.486
304.201
303.944
303.712
303.5
303.306
303.127
302.961
302.804
302.656
302.516
302.381
302.253
302.129
302.011
301.897
301.787
301.682
301.581
301.483
301.39
301.3
301.214
301.132
301.053
300.978
300.907
300.838
300.774
300.713
300.655
300.6
300.549
300.501
300.456
300.414
300.376
300.34
300.307
300.277
300.25
300.225
300.204
300.185
300.17
300.158
300.15
300.145
305.535
305.149
304.8
304.486
304.203
303.948
303.716
303.505
303.312
303.133
302.966
302.81
302.662
302.521
302.387
302.258
302.135
302.016
301.902
301.792
301.687
301.585
301.488
301.394
301.304
301.218
301.135
301.056
300.981
300.909
300.841
300.776
300.715
300.657
300.602
300.551
300.503
300.458
300.416
300.377
300.341
300.308
300.278
300.25
300.226
300.204
300.186
300.171
300.159
300.15
300.146
305.514
305.142
304.799
304.488
304.207
303.952
303.721
303.511
303.318
303.14
302.973
302.817
302.669
302.528
302.394
302.265
302.141
302.022
301.908
301.798
301.692
301.59
301.493
301.399
301.309
301.222
301.139
301.06
300.985
300.913
300.844
300.779
300.718
300.66
300.605
300.553
300.505
300.46
300.417
300.378
300.342
300.309
300.279
300.251
300.227
300.205
300.187
300.171
300.159
300.151
300.146
305.493
305.133
304.797
304.49
304.211
303.958
303.728
303.518
303.326
303.148
302.982
302.825
302.677
302.537
302.402
302.273
302.149
302.03
301.915
301.805
301.699
301.597
301.499
301.404
301.314
301.227
301.144
301.065
300.989
300.917
300.848
300.783
300.721
300.663
300.607
300.556
300.507
300.462
300.419
300.38
300.344
300.311
300.28
300.253
300.228
300.206
300.187
300.172
300.16
300.151
300.147
305.47
305.125
304.796
304.493
304.216
303.965
303.736
303.527
303.336
303.158
302.992
302.836
302.687
302.546
302.411
302.282
302.158
302.038
301.923
301.813
301.706
301.604
301.506
301.411
301.32
301.233
301.15
301.07
300.994
300.921
300.852
300.787
300.725
300.666
300.611
300.559
300.51
300.464
300.422
300.382
300.346
300.312
300.282
300.254
300.229
300.207
300.188
300.173
300.16
300.152
300.147
305.446
305.116
304.795
304.496
304.223
303.973
303.746
303.538
303.347
303.17
303.004
302.848
302.699
302.558
302.423
302.293
302.169
302.049
301.934
301.823
301.716
301.613
301.514
301.419
301.328
301.24
301.157
301.077
301
300.927
300.858
300.792
300.729
300.67
300.614
300.562
300.513
300.467
300.424
300.385
300.348
300.314
300.283
300.255
300.23
300.208
300.189
300.173
300.161
300.152
300.148
305.422
305.106
304.794
304.501
304.231
303.984
303.758
303.551
303.361
303.184
303.018
302.862
302.713
302.572
302.436
302.306
302.181
302.061
301.945
301.834
301.727
301.623
301.524
301.428
301.337
301.249
301.165
301.084
301.007
300.933
300.864
300.797
300.734
300.675
300.619
300.566
300.517
300.47
300.427
300.387
300.35
300.316
300.285
300.257
300.232
300.21
300.19
300.174
300.162
300.153
300.148
305.396
305.096
304.794
304.507
304.241
303.996
303.772
303.566
303.377
303.2
303.035
302.878
302.73
302.588
302.452
302.322
302.196
302.075
301.959
301.847
301.739
301.635
301.535
301.439
301.347
301.258
301.174
301.092
301.015
300.941
300.87
300.804
300.74
300.68
300.624
300.571
300.521
300.474
300.431
300.39
300.353
300.319
300.287
300.259
300.233
300.211
300.192
300.176
300.163
300.154
300.149
305.369
305.086
304.795
304.514
304.252
304.01
303.788
303.584
303.395
303.219
303.054
302.897
302.749
302.607
302.47
302.339
302.213
302.092
301.975
301.862
301.754
301.649
301.549
301.452
301.359
301.27
301.184
301.102
301.024
300.949
300.878
300.811
300.747
300.687
300.63
300.576
300.525
300.478
300.434
300.394
300.356
300.321
300.29
300.261
300.235
300.213
300.193
300.177
300.164
300.155
300.15
305.341
305.074
304.795
304.522
304.265
304.027
303.807
303.604
303.416
303.241
303.076
302.92
302.771
302.628
302.491
302.36
302.233
302.111
301.993
301.88
301.77
301.665
301.564
301.466
301.373
301.283
301.196
301.114
301.035
300.959
300.888
300.82
300.755
300.694
300.636
300.582
300.531
300.483
300.439
300.398
300.359
300.324
300.292
300.263
300.237
300.215
300.195
300.178
300.165
300.156
300.151
305.311
305.061
304.795
304.531
304.28
304.046
303.829
303.628
303.441
303.266
303.101
302.945
302.795
302.652
302.515
302.383
302.255
302.133
302.014
301.9
301.79
301.684
301.581
301.483
301.388
301.297
301.21
301.127
301.047
300.971
300.898
300.829
300.764
300.702
300.644
300.589
300.537
300.489
300.444
300.402
300.363
300.328
300.296
300.266
300.24
300.217
300.196
300.18
300.166
300.157
300.152
305.28
305.046
304.794
304.54
304.296
304.066
303.853
303.654
303.468
303.294
303.13
302.973
302.824
302.68
302.542
302.409
302.281
302.157
302.038
301.923
301.812
301.705
301.601
301.502
301.406
301.314
301.226
301.142
301.061
300.984
300.91
300.84
300.774
300.711
300.652
300.596
300.544
300.495
300.449
300.407
300.368
300.332
300.299
300.269
300.242
300.219
300.198
300.181
300.168
300.158
300.153
305.246
305.029
304.792
304.549
304.313
304.089
303.879
303.683
303.499
303.326
303.162
303.005
302.855
302.711
302.573
302.439
302.31
302.185
302.065
301.949
301.837
301.728
301.624
301.523
301.427
301.334
301.244
301.159
301.077
300.998
300.924
300.853
300.786
300.722
300.662
300.605
300.552
300.502
300.456
300.413
300.373
300.336
300.303
300.273
300.245
300.221
300.201
300.183
300.17
300.16
300.155
305.21
305.01
304.788
304.557
304.331
304.113
303.907
303.714
303.532
303.36
303.197
303.041
302.891
302.746
302.607
302.473
302.343
302.217
302.096
301.978
301.865
301.755
301.65
301.548
301.45
301.355
301.265
301.178
301.095
301.015
300.939
300.867
300.799
300.734
300.672
300.615
300.561
300.51
300.463
300.419
300.378
300.341
300.307
300.276
300.249
300.224
300.203
300.185
300.171
300.161
300.156
305.17
304.988
304.781
304.564
304.347
304.137
303.937
303.748
303.569
303.398
303.236
303.08
302.93
302.785
302.645
302.51
302.379
302.252
302.13
302.011
301.897
301.786
301.679
301.575
301.476
301.38
301.288
301.2
301.115
301.034
300.957
300.883
300.813
300.747
300.685
300.626
300.57
300.519
300.471
300.426
300.384
300.346
300.312
300.28
300.252
300.227
300.206
300.188
300.173
300.163
300.158
305.127
304.962
304.772
304.569
304.363
304.162
303.968
303.783
303.607
303.439
303.277
303.122
302.972
302.827
302.687
302.551
302.419
302.291
302.168
302.048
301.932
301.82
301.711
301.606
301.505
301.408
301.314
301.224
301.138
301.055
300.976
300.901
300.83
300.762
300.698
300.638
300.581
300.529
300.479
300.434
300.391
300.352
300.317
300.285
300.256
300.231
300.209
300.19
300.176
300.165
300.16
305.081
304.932
304.758
304.57
304.376
304.185
303.998
303.819
303.646
303.481
303.321
303.167
303.018
302.873
302.732
302.596
302.463
302.334
302.209
302.088
301.971
301.857
301.747
301.64
301.538
301.438
301.343
301.251
301.163
301.079
300.998
300.921
300.848
300.779
300.713
300.652
300.594
300.54
300.489
300.442
300.399
300.359
300.323
300.29
300.26
300.234
300.212
300.193
300.178
300.167
300.161
305.029
304.897
304.74
304.567
304.387
304.205
304.027
303.854
303.687
303.524
303.367
303.214
303.066
302.921
302.781
302.644
302.51
302.381
302.255
302.132
302.013
301.898
301.786
301.678
301.573
301.472
301.375
301.281
301.191
301.105
301.022
300.943
300.868
300.797
300.73
300.667
300.607
300.552
300.5
300.452
300.407
300.366
300.329
300.295
300.265
300.238
300.215
300.196
300.181
300.17
300.164
304.974
304.858
304.717
304.559
304.393
304.223
304.054
303.888
303.726
303.568
303.414
303.263
303.116
302.972
302.832
302.695
302.561
302.431
302.304
302.18
302.06
301.943
301.829
301.719
301.613
301.51
301.41
301.314
301.222
301.133
301.049
300.968
300.891
300.818
300.749
300.684
300.622
300.565
300.512
300.462
300.416
300.374
300.336
300.301
300.27
300.243
300.219
300.199
300.183
300.172
300.166
304.914
304.813
304.688
304.546
304.393
304.236
304.077
303.919
303.763
303.61
303.46
303.312
303.167
303.025
302.885
302.748
302.614
302.484
302.356
302.231
302.109
301.991
301.876
301.764
301.655
301.55
301.448
301.35
301.256
301.165
301.078
300.995
300.915
300.84
300.769
300.702
300.639
300.58
300.525
300.474
300.426
300.383
300.344
300.308
300.276
300.248
300.223
300.203
300.186
300.175
300.168
304.851
304.764
304.654
304.527
304.388
304.243
304.095
303.946
303.798
303.651
303.505
303.361
303.218
303.078
302.94
302.803
302.67
302.539
302.41
302.285
302.162
302.042
301.925
301.811
301.701
301.593
301.489
301.389
301.292
301.199
301.109
301.024
300.942
300.865
300.791
300.722
300.657
300.595
300.539
300.486
300.437
300.392
300.352
300.315
300.282
300.253
300.227
300.206
300.19
300.178
300.171
304.784
304.71
304.614
304.502
304.377
304.245
304.108
303.968
303.828
303.687
303.547
303.407
303.268
303.13
302.994
302.859
302.726
302.595
302.466
302.34
302.216
302.095
301.977
301.861
301.749
301.639
301.533
301.43
301.331
301.235
301.143
301.055
300.971
300.891
300.815
300.743
300.676
300.612
300.554
300.499
300.449
300.402
300.36
300.322
300.288
300.258
300.232
300.21
300.193
300.181
300.174
304.715
304.652
304.57
304.471
304.36
304.24
304.115
303.985
303.853
303.72
303.585
303.451
303.316
303.181
303.047
302.914
302.782
302.652
302.523
302.397
302.272
302.15
302.03
301.913
301.798
301.687
301.578
301.473
301.371
301.273
301.178
301.087
301.001
300.918
300.84
300.765
300.696
300.63
300.569
300.513
300.461
300.413
300.369
300.33
300.295
300.264
300.237
300.214
300.196
300.184
300.177
304.645
304.593
304.522
304.436
304.338
304.23
304.116
303.996
303.873
303.747
303.619
303.49
303.359
303.229
303.098
302.967
302.837
302.707
302.579
302.453
302.328
302.205
302.084
301.965
301.849
301.735
301.625
301.517
301.413
301.312
301.215
301.121
301.032
300.946
300.865
300.789
300.716
300.649
300.586
300.527
300.473
300.424
300.379
300.338
300.301
300.269
300.242
300.218
300.2
300.187
300.179
304.576
304.533
304.473
304.398
304.312
304.215
304.111
304.001
303.887
303.769
303.648
303.524
303.399
303.272
303.144
303.016
302.888
302.76
302.633
302.507
302.382
302.258
302.136
302.016
301.899
301.783
301.671
301.561
301.454
301.351
301.251
301.155
301.063
300.975
300.891
300.812
300.737
300.667
300.602
300.542
300.486
300.434
300.388
300.346
300.308
300.275
300.246
300.222
300.203
300.19
300.182
304.513
304.477
304.425
304.36
304.283
304.197
304.103
304.002
303.896
303.785
303.67
303.553
303.432
303.309
303.185
303.06
302.934
302.808
302.682
302.556
302.431
302.308
302.185
302.065
301.946
301.829
301.715
301.603
301.494
301.388
301.286
301.188
301.093
301.002
300.916
300.835
300.758
300.685
300.618
300.555
300.498
300.445
300.397
300.353
300.315
300.28
300.251
300.226
300.207
300.193
300.185
304.457
304.427
304.382
304.325
304.257
304.179
304.093
304
303.901
303.797
303.688
303.575
303.459
303.34
303.219
303.097
302.973
302.849
302.724
302.599
302.475
302.351
302.228
302.107
301.987
301.869
301.753
301.64
301.529
301.422
301.318
301.217
301.12
301.027
300.939
300.855
300.776
300.702
300.632
300.568
300.509
300.454
300.405
300.36
300.32
300.285
300.255
300.23
300.209
300.195
300.187
304.414
304.388
304.348
304.297
304.235
304.163
304.083
303.996
303.903
303.804
303.699
303.591
303.478
303.363
303.245
303.124
303.003
302.88
302.756
302.632
302.508
302.384
302.262
302.14
302.019
301.901
301.784
301.669
301.557
301.448
301.343
301.24
301.142
301.047
300.957
300.872
300.791
300.715
300.644
300.578
300.517
300.462
300.411
300.366
300.325
300.289
300.258
300.232
300.212
300.197
300.189
304.39
304.365
304.328
304.28
304.221
304.154
304.077
303.994
303.904
303.807
303.706
303.599
303.489
303.375
303.259
303.14
303.019
302.897
302.774
302.651
302.527
302.404
302.281
302.159
302.038
301.919
301.802
301.686
301.574
301.464
301.357
301.254
301.154
301.059
300.968
300.881
300.799
300.723
300.651
300.584
300.523
300.466
300.415
300.369
300.328
300.291
300.26
300.234
300.213
300.198
300.19
)
;

boundaryField
{
    inlet
    {
        type            fixedValue;
        value           uniform 300;
    }
    outlet
    {
        type            zeroGradient;
    }
    top
    {
        type            zeroGradient;
    }
    slip-bottom
    {
        type            zeroGradient;
    }
    bottom
    {
        type            zeroGradient;
    }
    interface
    {
        type            fixedGradient;
        gradient        nonuniform List<scalar> 
161
(
41.1865
40.5499
39.9069
39.2573
38.6012
37.9385
37.2691
36.5929
35.9099
35.22
34.5231
33.8191
33.0613
32.2709
31.4724
30.6659
29.8512
29.0283
28.197
27.3574
26.5093
25.6526
24.8341
24.6654
24.4949
24.3228
24.1489
23.9732
23.7958
23.6166
23.4355
23.2527
23.0821
22.924
22.7643
22.603
22.4401
22.2755
22.1093
21.9413
21.7717
21.6435
21.5267
21.4087
21.2895
21.1691
21.0474
20.9246
20.8005
20.6938
20.5923
20.4897
20.386
20.2814
20.1756
20.0688
19.9665
19.8742
19.7811
19.687
19.592
19.496
19.399
19.3057
19.2179
19.1292
19.0396
18.949
18.8576
18.7652
18.6794
18.593
18.5056
18.4174
18.3284
18.2384
18.1524
18.066
17.9788
17.8908
17.8018
17.7127
17.626
17.5384
17.4499
17.3606
17.2703
17.1816
17.0925
17.0026
16.9118
16.82
16.7287
16.6371
16.5446
16.4511
16.3567
16.2626
16.168
16.0723
15.9757
15.8783
15.7807
15.6821
15.5825
15.4819
15.3806
15.2785
15.1753
15.071
14.9658
14.8597
14.7526
14.6443
14.5348
14.4241
14.3123
14.1993
14.0852
13.9699
13.8535
13.7359
13.6171
13.4972
13.376
13.2537
13.1312
13.0075
12.8825
12.7576
12.6324
12.506
12.3794
12.256
12.1315
12.0057
11.8883
11.7708
11.652
11.5443
11.4396
11.3339
11.245
11.1638
11.0817
11.0271
10.9839
10.9404
10.9463
10.964
10.9823
11.122
11.2632
11.4312
11.6694
11.9099
13.0439
14.7532
16.4765
18.0911
19.722
)
;
    }
    defaultFaces
    {
        type            empty;
    }
}


// ************************************************************************* //
