/*--------------------------------*- C++ -*----------------------------------*\
| =========                 |                                                 |
| \\      /  F ield         | OpenFOAM: The Open Source CFD Toolbox           |
|  \\    /   O peration     | Version:  2112                                  |
|   \\  /    A nd           | Website:  www.openfoam.com                      |
|    \\/     M anipulation  |                                                 |
\*---------------------------------------------------------------------------*/
FoamFile
{
    version     2.0;
    format      ascii;
    arch        "LSB;label=32;scalar=64";
    class       volScalarField;
    location    "7";
    object      T;
}
// * * * * * * * * * * * * * * * * * * * * * * * * * * * * * * * * * * * * * //

dimensions      [0 0 0 1 0 0 0];

internalField   nonuniform List<scalar> 
12013
(
300.003
300.01
300.017
300.025
300.033
300.041
300.049
300.058
300.067
300.076
300.086
300.096
300.106
300.117
300.129
300.14
300.152
300.165
300.178
300.191
300.205
300.219
300.234
300.249
300.265
300.281
300.298
300.316
300.333
300.352
300.371
300.39
300.41
300.431
300.452
300.474
300.497
300.52
300.544
300.569
300.594
300.62
300.646
300.674
300.702
300.731
300.761
300.791
300.823
300.855
300.888
300.922
300.957
300.993
301.03
301.068
301.108
301.148
301.189
301.232
301.275
301.321
301.367
301.415
301.464
301.515
301.568
301.622
301.679
301.737
301.798
301.861
301.927
301.996
302.069
302.145
302.227
302.314
302.41
302.516
302.639
300.003
300.01
300.017
300.025
300.033
300.041
300.049
300.058
300.067
300.076
300.086
300.096
300.106
300.117
300.129
300.14
300.152
300.165
300.178
300.191
300.205
300.219
300.234
300.249
300.265
300.281
300.298
300.316
300.333
300.352
300.371
300.39
300.41
300.431
300.452
300.474
300.497
300.52
300.544
300.568
300.594
300.62
300.646
300.674
300.702
300.731
300.761
300.791
300.823
300.855
300.888
300.922
300.957
300.993
301.03
301.068
301.107
301.147
301.189
301.231
301.275
301.32
301.366
301.414
301.464
301.514
301.567
301.621
301.678
301.736
301.796
301.859
301.925
301.994
302.066
302.142
302.222
302.308
302.4
302.5
302.61
300.003
300.01
300.017
300.025
300.033
300.041
300.049
300.058
300.067
300.076
300.086
300.096
300.106
300.117
300.129
300.14
300.152
300.165
300.178
300.191
300.205
300.219
300.234
300.249
300.265
300.281
300.298
300.315
300.333
300.352
300.371
300.39
300.41
300.431
300.452
300.474
300.497
300.52
300.544
300.568
300.594
300.62
300.646
300.674
300.702
300.731
300.761
300.791
300.822
300.855
300.888
300.922
300.957
300.993
301.03
301.068
301.107
301.147
301.188
301.23
301.274
301.319
301.365
301.413
301.462
301.513
301.565
301.619
301.675
301.733
301.793
301.856
301.921
301.988
302.059
302.134
302.212
302.295
302.382
302.474
302.571
300.003
300.01
300.017
300.025
300.033
300.041
300.049
300.058
300.067
300.076
300.086
300.096
300.106
300.117
300.129
300.14
300.152
300.165
300.178
300.191
300.205
300.219
300.234
300.249
300.265
300.281
300.298
300.315
300.333
300.352
300.371
300.39
300.41
300.431
300.452
300.474
300.497
300.52
300.544
300.568
300.593
300.619
300.646
300.673
300.702
300.73
300.76
300.791
300.822
300.854
300.887
300.921
300.956
300.992
301.029
301.067
301.106
301.146
301.187
301.229
301.273
301.317
301.364
301.411
301.46
301.51
301.562
301.616
301.671
301.729
301.788
301.85
301.914
301.98
302.049
302.121
302.197
302.275
302.357
302.442
302.528
300.003
300.01
300.017
300.025
300.033
300.041
300.049
300.058
300.067
300.076
300.086
300.096
300.106
300.117
300.129
300.14
300.152
300.165
300.178
300.191
300.205
300.219
300.234
300.249
300.265
300.281
300.298
300.315
300.333
300.352
300.37
300.39
300.41
300.431
300.452
300.474
300.496
300.52
300.543
300.568
300.593
300.619
300.646
300.673
300.701
300.73
300.76
300.79
300.821
300.854
300.887
300.92
300.955
300.991
301.028
301.066
301.104
301.144
301.185
301.227
301.271
301.315
301.361
301.408
301.456
301.506
301.558
301.611
301.666
301.722
301.781
301.841
301.904
301.968
302.035
302.105
302.177
302.251
302.326
302.404
302.482
300.003
300.01
300.017
300.025
300.032
300.041
300.049
300.058
300.067
300.076
300.086
300.096
300.106
300.117
300.128
300.14
300.152
300.165
300.178
300.191
300.205
300.219
300.234
300.249
300.265
300.281
300.298
300.315
300.333
300.351
300.37
300.39
300.41
300.431
300.452
300.474
300.496
300.519
300.543
300.568
300.593
300.619
300.645
300.672
300.701
300.729
300.759
300.789
300.821
300.853
300.886
300.919
300.954
300.99
301.026
301.064
301.102
301.142
301.183
301.225
301.268
301.312
301.357
301.404
301.452
301.501
301.552
301.604
301.658
301.714
301.771
301.83
301.891
301.953
302.018
302.084
302.152
302.221
302.292
302.363
302.433
300.003
300.01
300.017
300.025
300.032
300.041
300.049
300.058
300.067
300.076
300.086
300.096
300.106
300.117
300.128
300.14
300.152
300.165
300.178
300.191
300.205
300.219
300.234
300.249
300.265
300.281
300.298
300.315
300.333
300.351
300.37
300.39
300.41
300.43
300.451
300.473
300.496
300.519
300.543
300.567
300.592
300.618
300.645
300.672
300.7
300.728
300.758
300.788
300.819
300.851
300.884
300.918
300.952
300.988
301.024
301.062
301.1
301.139
301.18
301.221
301.264
301.308
301.352
301.399
301.446
301.495
301.545
301.596
301.649
301.703
301.759
301.816
301.875
301.935
301.996
302.059
302.123
302.188
302.253
302.319
302.384
300.003
300.01
300.017
300.025
300.032
300.041
300.049
300.058
300.067
300.076
300.086
300.096
300.106
300.117
300.128
300.14
300.152
300.165
300.178
300.191
300.205
300.219
300.234
300.249
300.265
300.281
300.298
300.315
300.333
300.351
300.37
300.389
300.409
300.43
300.451
300.473
300.495
300.518
300.542
300.567
300.592
300.617
300.644
300.671
300.699
300.727
300.757
300.787
300.818
300.85
300.882
300.916
300.95
300.985
301.022
301.059
301.097
301.136
301.176
301.217
301.259
301.302
301.346
301.392
301.438
301.486
301.535
301.585
301.637
301.69
301.744
301.799
301.855
301.913
301.971
302.031
302.091
302.151
302.212
302.272
302.332
300.003
300.01
300.017
300.025
300.032
300.041
300.049
300.058
300.067
300.076
300.086
300.096
300.106
300.117
300.128
300.14
300.152
300.165
300.177
300.191
300.205
300.219
300.234
300.249
300.265
300.281
300.297
300.315
300.332
300.351
300.37
300.389
300.409
300.43
300.451
300.472
300.495
300.518
300.541
300.566
300.591
300.616
300.643
300.67
300.698
300.726
300.755
300.785
300.816
300.848
300.88
300.913
300.947
300.982
301.018
301.055
301.093
301.131
301.171
301.211
301.253
301.295
301.339
301.384
301.429
301.476
301.524
301.573
301.623
301.674
301.726
301.779
301.833
301.887
301.943
301.999
302.055
302.112
302.168
302.224
302.28
300.003
300.01
300.017
300.025
300.032
300.04
300.049
300.058
300.067
300.076
300.086
300.096
300.106
300.117
300.128
300.14
300.152
300.164
300.177
300.191
300.204
300.219
300.233
300.249
300.264
300.281
300.297
300.314
300.332
300.35
300.369
300.389
300.408
300.429
300.45
300.472
300.494
300.517
300.541
300.565
300.59
300.615
300.641
300.668
300.696
300.724
300.753
300.783
300.814
300.845
300.877
300.91
300.944
300.979
301.014
301.051
301.088
301.126
301.165
301.205
301.246
301.287
301.33
301.374
301.418
301.464
301.51
301.558
301.606
301.655
301.705
301.756
301.807
301.859
301.912
301.964
302.017
302.07
302.122
302.174
302.226
300.003
300.01
300.017
300.025
300.032
300.04
300.049
300.057
300.066
300.076
300.086
300.096
300.106
300.117
300.128
300.14
300.152
300.164
300.177
300.191
300.204
300.219
300.233
300.248
300.264
300.28
300.297
300.314
300.332
300.35
300.369
300.388
300.408
300.428
300.449
300.471
300.493
300.516
300.539
300.564
300.588
300.614
300.64
300.667
300.694
300.722
300.751
300.781
300.811
300.842
300.874
300.907
300.94
300.974
301.009
301.045
301.082
301.119
301.158
301.197
301.237
301.278
301.319
301.362
301.405
301.45
301.495
301.54
301.587
301.634
301.682
301.73
301.779
301.828
301.877
301.927
301.976
302.026
302.075
302.123
302.171
300.003
300.01
300.017
300.025
300.032
300.04
300.049
300.057
300.066
300.076
300.086
300.096
300.106
300.117
300.128
300.14
300.152
300.164
300.177
300.19
300.204
300.218
300.233
300.248
300.264
300.28
300.296
300.314
300.331
300.349
300.368
300.387
300.407
300.428
300.448
300.47
300.492
300.515
300.538
300.562
300.587
300.612
300.638
300.664
300.692
300.72
300.748
300.778
300.808
300.838
300.87
300.902
300.935
300.969
301.003
301.039
301.075
301.111
301.149
301.187
301.226
301.266
301.307
301.348
301.39
301.433
301.476
301.52
301.565
301.61
301.656
301.702
301.748
301.794
301.841
301.887
301.934
301.98
302.025
302.07
302.115
300.003
300.01
300.017
300.025
300.032
300.04
300.049
300.057
300.066
300.076
300.085
300.095
300.106
300.117
300.128
300.14
300.152
300.164
300.177
300.19
300.204
300.218
300.233
300.248
300.263
300.279
300.296
300.313
300.331
300.349
300.367
300.387
300.406
300.427
300.447
300.469
300.491
300.513
300.537
300.56
300.585
300.61
300.636
300.662
300.689
300.717
300.745
300.774
300.804
300.834
300.865
300.897
300.929
300.963
300.996
301.031
301.066
301.102
301.139
301.176
301.215
301.253
301.293
301.333
301.373
301.414
301.456
301.498
301.541
301.584
301.627
301.671
301.714
301.758
301.802
301.845
301.889
301.932
301.974
302.016
302.058
300.003
300.01
300.017
300.025
300.032
300.04
300.049
300.057
300.066
300.076
300.085
300.095
300.106
300.117
300.128
300.139
300.151
300.164
300.177
300.19
300.204
300.218
300.232
300.247
300.263
300.279
300.295
300.312
300.33
300.348
300.366
300.386
300.405
300.425
300.446
300.467
300.489
300.512
300.535
300.558
300.583
300.607
300.633
300.659
300.686
300.713
300.741
300.77
300.799
300.829
300.859
300.891
300.923
300.955
300.988
301.022
301.057
301.092
301.128
301.164
301.201
301.238
301.276
301.315
301.354
301.394
301.434
301.474
301.514
301.555
301.596
301.637
301.679
301.72
301.761
301.802
301.842
301.882
301.922
301.961
302
300.003
300.01
300.017
300.025
300.032
300.04
300.049
300.057
300.066
300.076
300.085
300.095
300.106
300.116
300.128
300.139
300.151
300.163
300.176
300.189
300.203
300.217
300.232
300.247
300.262
300.278
300.295
300.312
300.329
300.347
300.365
300.384
300.404
300.424
300.445
300.466
300.487
300.51
300.533
300.556
300.58
300.605
300.63
300.655
300.682
300.709
300.736
300.765
300.793
300.823
300.853
300.884
300.915
300.947
300.979
301.012
301.046
301.08
301.115
301.15
301.185
301.222
301.258
301.295
301.333
301.371
301.409
301.447
301.486
301.524
301.563
301.602
301.641
301.679
301.718
301.756
301.794
301.831
301.869
301.905
301.941
300.003
300.01
300.017
300.025
300.032
300.04
300.049
300.057
300.066
300.075
300.085
300.095
300.105
300.116
300.127
300.139
300.151
300.163
300.176
300.189
300.203
300.217
300.231
300.246
300.262
300.278
300.294
300.311
300.328
300.346
300.364
300.383
300.402
300.422
300.443
300.464
300.485
300.507
300.53
300.553
300.577
300.601
300.626
300.651
300.677
300.704
300.731
300.759
300.787
300.816
300.845
300.875
300.906
300.937
300.968
301.001
301.033
301.066
301.1
301.134
301.168
301.203
301.238
301.274
301.31
301.346
301.382
301.418
301.455
301.491
301.528
301.565
301.601
301.637
301.673
301.709
301.745
301.78
301.814
301.848
301.882
300.003
300.01
300.017
300.025
300.032
300.04
300.048
300.057
300.066
300.075
300.085
300.095
300.105
300.116
300.127
300.139
300.15
300.163
300.175
300.189
300.202
300.216
300.231
300.245
300.261
300.277
300.293
300.31
300.327
300.345
300.363
300.382
300.401
300.42
300.441
300.461
300.483
300.505
300.527
300.55
300.573
300.597
300.622
300.647
300.672
300.698
300.725
300.752
300.78
300.808
300.837
300.866
300.896
300.926
300.957
300.988
301.019
301.051
301.084
301.116
301.149
301.183
301.216
301.25
301.284
301.319
301.353
301.388
301.422
301.457
301.491
301.525
301.56
301.594
301.627
301.661
301.694
301.727
301.759
301.791
301.822
300.003
300.01
300.017
300.024
300.032
300.04
300.048
300.057
300.066
300.075
300.085
300.095
300.105
300.116
300.127
300.138
300.15
300.162
300.175
300.188
300.202
300.215
300.23
300.245
300.26
300.276
300.292
300.308
300.325
300.343
300.361
300.38
300.399
300.418
300.438
300.459
300.48
300.501
300.523
300.546
300.569
300.593
300.617
300.641
300.666
300.692
300.718
300.744
300.772
300.799
300.827
300.855
300.884
300.914
300.943
300.973
301.004
301.035
301.066
301.097
301.129
301.161
301.193
301.225
301.257
301.29
301.322
301.355
301.388
301.42
301.453
301.485
301.517
301.549
301.58
301.612
301.643
301.673
301.703
301.733
301.762
300.003
300.01
300.017
300.024
300.032
300.04
300.048
300.057
300.066
300.075
300.084
300.094
300.105
300.115
300.126
300.138
300.15
300.162
300.174
300.187
300.201
300.215
300.229
300.244
300.259
300.274
300.29
300.307
300.324
300.341
300.359
300.378
300.396
300.416
300.435
300.456
300.476
300.498
300.519
300.542
300.564
300.587
300.611
300.635
300.66
300.685
300.71
300.736
300.762
300.789
300.816
300.844
300.872
300.9
300.929
300.957
300.987
301.016
301.046
301.076
301.106
301.137
301.167
301.198
301.229
301.259
301.29
301.321
301.352
301.382
301.413
301.443
301.473
301.503
301.532
301.562
301.59
301.619
301.647
301.675
301.702
300.003
300.01
300.017
300.024
300.032
300.04
300.048
300.057
300.065
300.075
300.084
300.094
300.104
300.115
300.126
300.137
300.149
300.161
300.174
300.187
300.2
300.214
300.228
300.243
300.258
300.273
300.289
300.305
300.322
300.339
300.357
300.375
300.394
300.413
300.432
300.452
300.473
300.493
300.515
300.537
300.559
300.581
300.605
300.628
300.652
300.676
300.701
300.726
300.752
300.778
300.804
300.831
300.858
300.885
300.912
300.94
300.968
300.997
301.025
301.054
301.082
301.111
301.14
301.169
301.198
301.227
301.256
301.285
301.314
301.343
301.371
301.4
301.428
301.456
301.483
301.511
301.538
301.564
301.591
301.617
301.642
300.003
300.01
300.017
300.024
300.032
300.04
300.048
300.056
300.065
300.074
300.084
300.094
300.104
300.115
300.125
300.137
300.148
300.16
300.173
300.186
300.199
300.213
300.227
300.241
300.256
300.271
300.287
300.303
300.32
300.337
300.354
300.372
300.391
300.409
300.429
300.448
300.468
300.489
300.51
300.531
300.553
300.575
300.597
300.62
300.644
300.667
300.691
300.716
300.74
300.765
300.791
300.817
300.842
300.869
300.895
300.922
300.948
300.975
301.003
301.03
301.057
301.084
301.112
301.139
301.167
301.194
301.221
301.249
301.276
301.303
301.329
301.356
301.382
301.408
301.434
301.46
301.485
301.51
301.534
301.559
301.583
300.003
300.01
300.017
300.024
300.032
300.04
300.048
300.056
300.065
300.074
300.084
300.093
300.103
300.114
300.125
300.136
300.148
300.16
300.172
300.185
300.198
300.211
300.225
300.24
300.254
300.27
300.285
300.301
300.317
300.334
300.351
300.369
300.387
300.406
300.424
300.444
300.463
300.483
300.504
300.525
300.546
300.567
300.589
300.612
300.634
300.657
300.681
300.704
300.728
300.752
300.777
300.801
300.826
300.851
300.876
300.902
300.927
300.953
300.979
301.005
301.03
301.056
301.082
301.108
301.134
301.16
301.185
301.211
301.236
301.262
301.287
301.311
301.336
301.36
301.385
301.408
301.432
301.455
301.478
301.501
301.523
300.003
300.01
300.017
300.024
300.032
300.039
300.048
300.056
300.065
300.074
300.083
300.093
300.103
300.113
300.124
300.135
300.147
300.159
300.171
300.184
300.197
300.21
300.224
300.238
300.253
300.268
300.283
300.299
300.315
300.331
300.348
300.366
300.383
300.401
300.42
300.439
300.458
300.477
300.497
300.518
300.538
300.559
300.581
300.602
300.624
300.646
300.669
300.691
300.714
300.738
300.761
300.785
300.808
300.832
300.857
300.881
300.905
300.929
300.954
300.978
301.003
301.027
301.052
301.076
301.1
301.125
301.149
301.173
301.196
301.22
301.243
301.267
301.29
301.312
301.335
301.357
301.379
301.401
301.422
301.443
301.464
300.003
300.01
300.017
300.024
300.031
300.039
300.047
300.056
300.064
300.073
300.083
300.092
300.102
300.113
300.123
300.134
300.146
300.158
300.17
300.182
300.195
300.208
300.222
300.236
300.25
300.265
300.28
300.296
300.312
300.328
300.345
300.362
300.379
300.397
300.415
300.433
300.452
300.471
300.49
300.51
300.53
300.55
300.571
300.592
300.613
300.634
300.656
300.678
300.7
300.722
300.745
300.767
300.79
300.813
300.836
300.859
300.882
300.905
300.928
300.951
300.974
300.997
301.02
301.043
301.066
301.089
301.111
301.134
301.156
301.178
301.2
301.222
301.243
301.264
301.285
301.306
301.327
301.347
301.367
301.387
301.406
300.003
300.01
300.017
300.024
300.031
300.039
300.047
300.055
300.064
300.073
300.082
300.092
300.102
300.112
300.123
300.133
300.145
300.156
300.168
300.181
300.194
300.207
300.22
300.234
300.248
300.263
300.277
300.293
300.308
300.324
300.34
300.357
300.374
300.391
300.409
300.427
300.445
300.464
300.483
300.502
300.521
300.541
300.561
300.581
300.601
300.622
300.643
300.664
300.685
300.706
300.727
300.749
300.77
300.792
300.814
300.836
300.858
300.879
300.901
300.923
300.945
300.967
300.988
301.01
301.031
301.052
301.074
301.095
301.115
301.136
301.157
301.177
301.197
301.217
301.236
301.256
301.275
301.294
301.313
301.331
301.349
300.003
300.01
300.017
300.024
300.031
300.039
300.047
300.055
300.063
300.072
300.082
300.091
300.101
300.111
300.122
300.132
300.144
300.155
300.167
300.179
300.192
300.205
300.218
300.231
300.245
300.26
300.274
300.289
300.304
300.32
300.336
300.352
300.369
300.386
300.403
300.42
300.438
300.456
300.474
300.493
300.512
300.53
300.55
300.569
300.589
300.608
300.628
300.648
300.669
300.689
300.709
300.73
300.75
300.771
300.792
300.812
300.833
300.853
300.874
300.895
300.915
300.935
300.956
300.976
300.996
301.016
301.036
301.056
301.075
301.094
301.114
301.133
301.151
301.17
301.188
301.206
301.224
301.242
301.259
301.276
301.293
300.003
300.01
300.016
300.023
300.031
300.038
300.046
300.054
300.063
300.072
300.081
300.09
300.1
300.11
300.12
300.131
300.142
300.154
300.165
300.177
300.19
300.202
300.215
300.229
300.242
300.256
300.271
300.285
300.3
300.316
300.331
300.347
300.363
300.38
300.396
300.413
300.43
300.448
300.465
300.483
300.501
300.52
300.538
300.557
300.575
300.594
300.613
300.633
300.652
300.671
300.691
300.71
300.73
300.749
300.769
300.788
300.808
300.827
300.847
300.866
300.885
300.904
300.923
300.942
300.961
300.98
300.999
301.017
301.035
301.053
301.071
301.089
301.106
301.124
301.141
301.158
301.175
301.191
301.207
301.223
301.239
300.003
300.01
300.016
300.023
300.031
300.038
300.046
300.054
300.062
300.071
300.08
300.089
300.099
300.109
300.119
300.13
300.141
300.152
300.164
300.175
300.188
300.2
300.213
300.226
300.239
300.253
300.267
300.281
300.296
300.311
300.326
300.341
300.357
300.373
300.389
300.406
300.422
300.439
300.456
300.473
300.491
300.508
300.526
300.544
300.562
300.58
300.598
300.616
300.635
300.653
300.671
300.69
300.708
300.727
300.745
300.764
300.782
300.801
300.819
300.837
300.855
300.873
300.891
300.909
300.927
300.944
300.962
300.979
300.996
301.013
301.03
301.046
301.063
301.079
301.095
301.111
301.126
301.142
301.157
301.172
301.187
300.003
300.01
300.016
300.023
300.03
300.038
300.045
300.053
300.062
300.07
300.079
300.089
300.098
300.108
300.118
300.128
300.139
300.15
300.162
300.173
300.185
300.197
300.21
300.223
300.236
300.249
300.263
300.277
300.291
300.306
300.32
300.335
300.351
300.366
300.382
300.398
300.414
300.43
300.446
300.463
300.48
300.496
300.513
300.531
300.548
300.565
300.582
300.6
300.617
300.635
300.652
300.67
300.687
300.705
300.722
300.74
300.757
300.774
300.792
300.809
300.826
300.843
300.86
300.876
300.893
300.909
300.926
300.942
300.958
300.974
300.99
301.005
301.02
301.036
301.051
301.065
301.08
301.094
301.109
301.123
301.136
300.003
300.009
300.016
300.023
300.03
300.037
300.045
300.053
300.061
300.07
300.078
300.088
300.097
300.107
300.117
300.127
300.137
300.148
300.159
300.171
300.183
300.195
300.207
300.219
300.232
300.245
300.259
300.272
300.286
300.3
300.315
300.329
300.344
300.359
300.374
300.389
300.405
300.42
300.436
300.452
300.468
300.484
300.501
300.517
300.533
300.55
300.566
300.583
300.6
300.616
300.633
300.65
300.666
300.683
300.699
300.716
300.732
300.748
300.765
300.781
300.797
300.813
300.829
300.845
300.86
300.876
300.891
300.906
300.921
300.936
300.951
300.965
300.98
300.994
301.008
301.022
301.035
301.049
301.062
301.075
301.088
300.003
300.009
300.016
300.023
300.03
300.037
300.044
300.052
300.06
300.069
300.078
300.086
300.096
300.105
300.115
300.125
300.136
300.146
300.157
300.168
300.18
300.192
300.204
300.216
300.229
300.241
300.254
300.268
300.281
300.295
300.309
300.323
300.337
300.351
300.366
300.381
300.396
300.411
300.426
300.441
300.457
300.472
300.488
300.503
300.519
300.535
300.551
300.567
300.582
300.598
300.614
300.63
300.645
300.661
300.677
300.692
300.708
300.723
300.739
300.754
300.769
300.784
300.799
300.814
300.829
300.843
300.858
300.872
300.886
300.9
300.914
300.927
300.941
300.954
300.968
300.981
300.993
301.006
301.019
301.031
301.043
300.003
300.009
300.016
300.022
300.029
300.036
300.044
300.052
300.06
300.068
300.077
300.085
300.094
300.104
300.114
300.123
300.134
300.144
300.155
300.166
300.177
300.189
300.2
300.212
300.225
300.237
300.25
300.263
300.276
300.289
300.303
300.316
300.33
300.344
300.358
300.372
300.387
300.401
300.416
300.431
300.445
300.46
300.475
300.49
300.505
300.52
300.535
300.55
300.565
300.58
300.595
300.61
300.625
300.64
300.655
300.67
300.685
300.699
300.714
300.728
300.743
300.757
300.771
300.785
300.799
300.812
300.826
300.839
300.853
300.866
300.879
300.892
300.905
300.917
300.93
300.942
300.954
300.966
300.978
300.989
301.001
300.003
300.009
300.015
300.022
300.029
300.036
300.043
300.051
300.059
300.067
300.075
300.084
300.093
300.102
300.112
300.122
300.132
300.142
300.152
300.163
300.174
300.186
300.197
300.209
300.221
300.233
300.245
300.258
300.27
300.283
300.296
300.31
300.323
300.337
300.35
300.364
300.378
300.392
300.406
300.42
300.434
300.449
300.463
300.477
300.492
300.506
300.52
300.535
300.549
300.563
300.578
300.592
300.606
300.62
300.635
300.649
300.663
300.676
300.69
300.704
300.717
300.731
300.744
300.757
300.771
300.784
300.796
300.809
300.822
300.834
300.847
300.859
300.871
300.883
300.894
300.906
300.917
300.929
300.94
300.951
300.961
300.003
300.009
300.015
300.022
300.028
300.035
300.043
300.05
300.058
300.066
300.074
300.083
300.092
300.101
300.11
300.12
300.13
300.14
300.15
300.161
300.171
300.182
300.194
300.205
300.217
300.229
300.241
300.253
300.265
300.278
300.29
300.303
300.316
300.329
300.343
300.356
300.369
300.383
300.396
300.41
300.424
300.437
300.451
300.465
300.479
300.492
300.506
300.52
300.534
300.547
300.561
300.575
300.588
300.602
300.615
300.629
300.642
300.655
300.668
300.681
300.694
300.707
300.72
300.732
300.745
300.757
300.769
300.781
300.793
300.805
300.817
300.828
300.84
300.851
300.862
300.873
300.884
300.895
300.905
300.916
300.926
300.003
300.009
300.015
300.021
300.028
300.035
300.042
300.05
300.057
300.065
300.073
300.082
300.09
300.099
300.109
300.118
300.128
300.138
300.148
300.158
300.169
300.179
300.19
300.202
300.213
300.224
300.236
300.248
300.26
300.272
300.285
300.297
300.31
300.322
300.335
300.348
300.361
300.374
300.387
300.4
300.414
300.427
300.44
300.453
300.467
300.48
300.493
300.506
300.52
300.533
300.546
300.559
300.572
300.585
300.598
300.61
300.623
300.636
300.648
300.661
300.673
300.685
300.697
300.709
300.721
300.733
300.745
300.756
300.768
300.779
300.79
300.801
300.812
300.823
300.833
300.844
300.854
300.864
300.874
300.884
300.894
300.003
300.009
300.015
300.021
300.028
300.035
300.042
300.049
300.056
300.064
300.072
300.081
300.089
300.098
300.107
300.116
300.126
300.135
300.145
300.156
300.166
300.177
300.187
300.198
300.209
300.221
300.232
300.244
300.255
300.267
300.279
300.292
300.304
300.316
300.329
300.341
300.354
300.366
300.379
300.392
300.404
300.417
300.43
300.443
300.456
300.469
300.481
300.494
300.507
300.519
300.532
300.545
300.557
300.57
300.582
300.594
300.607
300.619
300.631
300.643
300.654
300.666
300.678
300.689
300.701
300.712
300.723
300.734
300.745
300.756
300.767
300.777
300.787
300.798
300.808
300.818
300.828
300.838
300.847
300.857
300.866
300.003
300.009
300.015
300.021
300.027
300.034
300.041
300.048
300.056
300.063
300.071
300.08
300.088
300.097
300.106
300.115
300.124
300.134
300.143
300.153
300.164
300.174
300.184
300.195
300.206
300.217
300.228
300.24
300.251
300.263
300.275
300.286
300.298
300.31
300.323
300.335
300.347
300.359
300.372
300.384
300.397
300.409
300.421
300.434
300.446
300.459
300.471
300.483
300.496
300.508
300.52
300.532
300.545
300.557
300.569
300.58
300.592
300.604
300.616
300.627
300.638
300.65
300.661
300.672
300.683
300.694
300.705
300.715
300.726
300.736
300.747
300.757
300.767
300.777
300.786
300.796
300.806
300.815
300.824
300.833
300.842
300.003
300.009
300.014
300.021
300.027
300.034
300.041
300.048
300.055
300.063
300.071
300.079
300.087
300.096
300.104
300.113
300.122
300.132
300.142
300.151
300.161
300.172
300.182
300.193
300.203
300.214
300.225
300.236
300.248
300.259
300.271
300.282
300.294
300.306
300.318
300.33
300.342
300.354
300.366
300.378
300.39
300.402
300.414
300.426
300.438
300.45
300.463
300.475
300.487
300.499
300.51
300.522
300.534
300.546
300.557
300.569
300.58
300.592
300.603
300.614
300.625
300.636
300.647
300.658
300.669
300.679
300.69
300.7
300.71
300.721
300.73
300.74
300.75
300.76
300.769
300.778
300.788
300.797
300.806
300.815
300.823
300.003
300.008
300.014
300.02
300.027
300.033
300.04
300.047
300.055
300.062
300.07
300.078
300.086
300.095
300.103
300.112
300.121
300.131
300.14
300.15
300.16
300.17
300.18
300.19
300.201
300.212
300.223
300.234
300.245
300.256
300.267
300.279
300.29
300.302
300.314
300.325
300.337
300.349
300.361
300.373
300.385
300.397
300.409
300.42
300.432
300.444
300.456
300.468
300.48
300.491
300.503
300.515
300.526
300.538
300.549
300.56
300.572
300.583
300.594
300.605
300.616
300.626
300.637
300.648
300.658
300.668
300.679
300.689
300.699
300.709
300.718
300.728
300.737
300.747
300.756
300.765
300.774
300.783
300.792
300.801
300.809
300.003
300.008
300.014
300.02
300.027
300.033
300.04
300.047
300.054
300.062
300.069
300.077
300.086
300.094
300.103
300.111
300.12
300.13
300.139
300.149
300.159
300.169
300.179
300.189
300.199
300.21
300.221
300.232
300.243
300.254
300.265
300.277
300.288
300.299
300.311
300.323
300.334
300.346
300.358
300.369
300.381
300.393
300.405
300.416
300.428
300.44
300.452
300.463
300.475
300.487
300.498
300.509
300.521
300.532
300.543
300.555
300.566
300.577
300.588
300.598
300.609
300.62
300.63
300.641
300.651
300.661
300.671
300.681
300.691
300.701
300.71
300.72
300.729
300.738
300.747
300.756
300.765
300.774
300.783
300.791
300.8
300.003
300.008
300.014
300.02
300.027
300.033
300.04
300.047
300.054
300.061
300.069
300.077
300.085
300.094
300.102
300.111
300.12
300.129
300.139
300.148
300.158
300.168
300.178
300.188
300.199
300.209
300.22
300.231
300.242
300.253
300.264
300.275
300.287
300.298
300.31
300.321
300.333
300.344
300.356
300.368
300.379
300.391
300.403
300.415
300.426
300.438
300.449
300.461
300.473
300.484
300.496
300.507
300.518
300.529
300.541
300.552
300.563
300.574
300.584
300.595
300.606
300.616
300.627
300.637
300.647
300.657
300.667
300.677
300.687
300.697
300.706
300.716
300.725
300.734
300.743
300.752
300.761
300.77
300.778
300.787
300.795
302.794
302.915
303.017
303.107
303.186
303.258
303.324
303.385
303.441
303.492
303.54
303.585
303.626
303.665
303.701
303.735
303.767
303.797
303.826
303.854
303.881
303.907
303.934
303.961
303.989
304.018
304.046
304.074
304.102
304.129
304.157
304.184
304.211
304.238
304.264
304.291
304.317
304.343
304.369
304.395
304.42
304.446
304.472
304.497
304.522
304.548
304.573
304.598
304.623
304.648
304.673
304.698
304.723
304.747
304.772
304.797
304.821
304.846
304.87
304.895
304.919
304.944
304.968
304.992
305.017
305.041
305.065
305.09
305.114
305.138
305.162
305.187
305.211
305.235
305.259
305.283
305.307
305.331
305.356
305.38
305.404
305.428
305.452
305.476
305.5
305.524
305.548
305.572
305.596
305.62
305.644
305.668
305.691
305.715
305.739
305.763
305.786
305.81
305.834
305.857
305.881
305.904
305.927
305.951
305.974
305.997
306.02
306.043
306.065
306.088
306.11
306.132
306.154
306.175
306.197
306.218
306.239
306.259
306.279
306.299
306.319
306.338
306.356
306.374
306.392
306.408
306.425
306.44
306.455
306.469
306.482
306.495
306.506
306.516
306.525
306.533
306.54
306.545
306.549
306.551
306.552
306.551
306.547
306.542
306.534
306.523
306.51
306.494
306.475
306.452
306.425
306.394
306.358
306.316
306.269
306.215
306.159
306.093
306.001
305.865
305.659
302.728
302.837
302.934
303.021
303.1
303.173
303.239
303.301
303.358
303.411
303.46
303.506
303.549
303.589
303.627
303.663
303.697
303.729
303.759
303.789
303.817
303.845
303.874
303.902
303.931
303.959
303.988
304.016
304.045
304.073
304.101
304.128
304.156
304.183
304.21
304.237
304.263
304.29
304.316
304.342
304.368
304.394
304.42
304.446
304.471
304.497
304.523
304.548
304.573
304.598
304.624
304.649
304.674
304.699
304.724
304.749
304.774
304.798
304.823
304.848
304.872
304.897
304.922
304.946
304.971
304.995
305.02
305.044
305.069
305.093
305.118
305.142
305.167
305.191
305.215
305.24
305.264
305.288
305.313
305.337
305.361
305.386
305.41
305.434
305.458
305.483
305.507
305.531
305.555
305.579
305.603
305.628
305.652
305.676
305.7
305.724
305.748
305.771
305.795
305.819
305.843
305.866
305.89
305.913
305.937
305.96
305.983
306.006
306.029
306.052
306.074
306.096
306.119
306.14
306.162
306.183
306.205
306.225
306.246
306.266
306.285
306.305
306.323
306.341
306.359
306.376
306.393
306.408
306.423
306.438
306.451
306.464
306.475
306.486
306.495
306.503
306.51
306.515
306.519
306.522
306.522
306.521
306.518
306.512
306.504
306.494
306.481
306.464
306.445
306.422
306.394
306.363
306.326
306.284
306.236
306.181
306.122
306.051
305.954
305.814
305.606
302.67
302.766
302.856
302.939
303.017
303.088
303.154
303.216
303.274
303.327
303.378
303.425
303.469
303.511
303.55
303.588
303.623
303.657
303.689
303.72
303.75
303.78
303.809
303.839
303.868
303.897
303.926
303.955
303.984
304.013
304.041
304.069
304.097
304.125
304.152
304.179
304.206
304.233
304.26
304.286
304.313
304.339
304.365
304.391
304.417
304.443
304.469
304.495
304.52
304.546
304.571
304.597
304.622
304.647
304.672
304.697
304.723
304.748
304.773
304.798
304.823
304.847
304.872
304.897
304.922
304.947
304.971
304.996
305.021
305.045
305.07
305.095
305.119
305.144
305.169
305.193
305.218
305.242
305.267
305.291
305.316
305.34
305.365
305.389
305.414
305.438
305.463
305.487
305.512
305.536
305.56
305.585
305.609
305.633
305.658
305.682
305.706
305.73
305.754
305.778
305.802
305.826
305.85
305.874
305.897
305.921
305.944
305.967
305.99
306.013
306.036
306.059
306.081
306.103
306.125
306.147
306.168
306.189
306.21
306.23
306.25
306.269
306.288
306.307
306.325
306.342
306.359
306.375
306.39
306.404
306.418
306.431
306.442
306.453
306.462
306.471
306.478
306.483
306.487
306.49
306.491
306.489
306.486
306.481
306.473
306.462
306.449
306.433
306.413
306.389
306.362
306.33
306.293
306.25
306.201
306.144
306.082
306.007
305.906
305.763
305.555
302.614
302.7
302.783
302.861
302.935
303.005
303.07
303.131
303.189
303.243
303.294
303.342
303.387
303.43
303.471
303.509
303.546
303.581
303.615
303.648
303.679
303.71
303.741
303.771
303.801
303.831
303.861
303.891
303.92
303.949
303.978
304.006
304.035
304.063
304.091
304.118
304.146
304.173
304.2
304.227
304.254
304.28
304.307
304.333
304.359
304.386
304.412
304.438
304.464
304.489
304.515
304.541
304.566
304.592
304.618
304.643
304.668
304.694
304.719
304.744
304.769
304.794
304.82
304.845
304.87
304.895
304.92
304.945
304.97
304.994
305.019
305.044
305.069
305.094
305.119
305.144
305.168
305.193
305.218
305.243
305.268
305.292
305.317
305.342
305.367
305.391
305.416
305.441
305.465
305.49
305.515
305.539
305.564
305.588
305.613
305.637
305.662
305.686
305.71
305.735
305.759
305.783
305.807
305.831
305.855
305.879
305.902
305.926
305.949
305.972
305.995
306.018
306.041
306.063
306.085
306.107
306.129
306.15
306.171
306.192
306.212
306.232
306.251
306.269
306.288
306.305
306.322
306.338
306.354
306.369
306.382
306.395
306.407
306.418
306.428
306.436
306.443
306.449
306.453
306.456
306.457
306.456
306.453
306.447
306.439
306.429
306.416
306.399
306.379
306.355
306.327
306.295
306.258
306.214
306.164
306.106
306.041
305.962
305.857
305.711
305.506
302.559
302.637
302.713
302.786
302.856
302.923
302.986
303.046
303.103
303.157
303.208
303.257
303.303
303.347
303.389
303.428
303.466
303.503
303.538
303.572
303.605
303.637
303.669
303.7
303.731
303.762
303.792
303.822
303.852
303.881
303.911
303.94
303.969
303.997
304.025
304.053
304.081
304.109
304.136
304.164
304.191
304.218
304.245
304.271
304.298
304.325
304.351
304.377
304.404
304.43
304.456
304.482
304.508
304.533
304.559
304.585
304.611
304.636
304.662
304.687
304.713
304.738
304.763
304.789
304.814
304.839
304.865
304.89
304.915
304.94
304.965
304.99
305.016
305.041
305.066
305.091
305.116
305.141
305.166
305.191
305.216
305.241
305.266
305.291
305.316
305.341
305.366
305.391
305.416
305.441
305.466
305.49
305.515
305.54
305.565
305.59
305.614
305.639
305.664
305.688
305.713
305.737
305.761
305.786
305.81
305.834
305.858
305.882
305.905
305.929
305.952
305.975
305.998
306.021
306.043
306.065
306.087
306.109
306.13
306.151
306.171
306.191
306.211
306.23
306.248
306.266
306.283
306.3
306.316
306.331
306.345
306.358
306.37
306.381
306.391
306.4
306.407
306.413
306.417
306.42
306.421
306.42
306.417
306.412
306.404
306.393
306.38
306.363
306.343
306.319
306.291
306.258
306.22
306.176
306.124
306.065
305.997
305.915
305.806
305.66
305.457
302.504
302.575
302.644
302.713
302.779
302.842
302.904
302.962
303.018
303.071
303.122
303.171
303.217
303.262
303.304
303.345
303.384
303.421
303.458
303.493
303.527
303.56
303.593
303.625
303.657
303.688
303.719
303.75
303.78
303.81
303.84
303.869
303.899
303.928
303.956
303.985
304.013
304.041
304.069
304.097
304.124
304.152
304.179
304.206
304.233
304.26
304.287
304.313
304.34
304.366
304.393
304.419
304.445
304.471
304.497
304.523
304.549
304.575
304.601
304.627
304.652
304.678
304.704
304.729
304.755
304.78
304.806
304.831
304.857
304.882
304.908
304.933
304.959
304.984
305.009
305.035
305.06
305.085
305.111
305.136
305.161
305.186
305.212
305.237
305.262
305.287
305.313
305.338
305.363
305.388
305.413
305.439
305.464
305.489
305.514
305.539
305.564
305.589
305.614
305.639
305.663
305.688
305.713
305.737
305.762
305.786
305.81
305.834
305.858
305.882
305.906
305.929
305.953
305.976
305.998
306.021
306.043
306.065
306.086
306.108
306.128
306.149
306.168
306.188
306.206
306.225
306.242
306.259
306.275
306.29
306.304
306.318
306.33
306.342
306.352
306.361
306.368
306.374
306.379
306.382
306.383
306.382
306.379
306.374
306.366
306.356
306.342
306.326
306.305
306.281
306.253
306.219
306.18
306.135
306.083
306.022
305.952
305.866
305.755
305.608
305.41
302.448
302.513
302.577
302.641
302.703
302.764
302.822
302.879
302.933
302.986
303.036
303.084
303.131
303.175
303.218
303.259
303.299
303.337
303.374
303.41
303.446
303.48
303.513
303.546
303.579
303.611
303.642
303.674
303.705
303.735
303.765
303.795
303.825
303.854
303.884
303.913
303.941
303.97
303.998
304.026
304.054
304.082
304.109
304.137
304.164
304.191
304.218
304.245
304.272
304.299
304.326
304.352
304.379
304.405
304.431
304.458
304.484
304.51
304.536
304.562
304.588
304.614
304.64
304.666
304.692
304.718
304.744
304.769
304.795
304.821
304.847
304.872
304.898
304.924
304.949
304.975
305
305.026
305.052
305.077
305.103
305.128
305.154
305.179
305.205
305.231
305.256
305.282
305.307
305.333
305.358
305.383
305.409
305.434
305.46
305.485
305.51
305.535
305.561
305.586
305.611
305.636
305.661
305.686
305.711
305.735
305.76
305.784
305.809
305.833
305.857
305.88
305.904
305.927
305.95
305.973
305.996
306.018
306.04
306.061
306.082
306.103
306.123
306.143
306.162
306.18
306.198
306.215
306.231
306.247
306.262
306.275
306.288
306.3
306.31
306.319
306.327
306.334
306.338
306.341
306.343
306.342
306.339
306.334
306.326
306.316
306.302
306.285
306.265
306.241
306.212
306.178
306.139
306.093
306.039
305.977
305.905
305.816
305.703
305.556
305.364
302.392
302.452
302.511
302.57
302.629
302.686
302.742
302.796
302.849
302.9
302.949
302.997
303.043
303.087
303.13
303.172
303.212
303.251
303.289
303.325
303.361
303.396
303.431
303.464
303.497
303.53
303.562
303.594
303.625
303.656
303.687
303.718
303.748
303.777
303.807
303.836
303.865
303.894
303.923
303.951
303.98
304.008
304.036
304.064
304.091
304.119
304.146
304.174
304.201
304.228
304.255
304.282
304.309
304.335
304.362
304.389
304.415
304.442
304.468
304.494
304.521
304.547
304.573
304.599
304.625
304.652
304.678
304.704
304.73
304.756
304.782
304.808
304.834
304.86
304.885
304.911
304.937
304.963
304.989
305.015
305.041
305.067
305.093
305.118
305.144
305.17
305.196
305.222
305.247
305.273
305.299
305.325
305.35
305.376
305.402
305.428
305.453
305.479
305.504
305.53
305.555
305.581
305.606
305.631
305.656
305.681
305.706
305.731
305.755
305.78
305.804
305.828
305.852
305.876
305.899
305.923
305.945
305.968
305.99
306.012
306.033
306.054
306.075
306.095
306.114
306.133
306.151
306.169
306.185
306.201
306.216
306.23
306.243
306.255
306.266
306.275
306.283
306.29
306.295
306.298
306.3
306.299
306.297
306.292
306.284
306.273
306.26
306.243
306.223
306.198
306.169
306.135
306.095
306.048
305.994
305.93
305.856
305.765
305.65
305.505
305.319
302.335
302.39
302.445
302.501
302.555
302.609
302.662
302.714
302.765
302.814
302.862
302.909
302.954
302.999
303.041
303.083
303.123
303.162
303.201
303.238
303.274
303.31
303.345
303.379
303.413
303.446
303.478
303.511
303.542
303.574
303.605
303.636
303.666
303.697
303.727
303.756
303.786
303.815
303.844
303.873
303.902
303.93
303.958
303.987
304.015
304.042
304.07
304.098
304.125
304.153
304.18
304.207
304.234
304.261
304.288
304.315
304.342
304.369
304.396
304.422
304.449
304.475
304.502
304.528
304.555
304.581
304.608
304.634
304.66
304.687
304.713
304.739
304.765
304.792
304.818
304.844
304.87
304.897
304.923
304.949
304.975
305.001
305.027
305.054
305.08
305.106
305.132
305.158
305.184
305.21
305.236
305.263
305.289
305.315
305.341
305.367
305.393
305.418
305.444
305.47
305.496
305.522
305.547
305.573
305.598
305.624
305.649
305.674
305.699
305.724
305.749
305.773
305.797
305.821
305.845
305.869
305.892
305.915
305.938
305.96
305.982
306.003
306.024
306.044
306.064
306.083
306.101
306.119
306.136
306.152
306.168
306.182
306.195
306.208
306.219
306.229
306.237
306.244
306.249
306.253
306.254
306.254
306.251
306.247
306.239
306.229
306.215
306.198
306.178
306.153
306.123
306.089
306.048
306.001
305.946
305.881
305.805
305.712
305.597
305.453
305.275
302.277
302.328
302.38
302.431
302.483
302.533
302.584
302.633
302.682
302.729
302.776
302.821
302.866
302.909
302.951
302.993
303.033
303.072
303.111
303.148
303.185
303.221
303.256
303.291
303.325
303.358
303.391
303.424
303.456
303.488
303.52
303.551
303.582
303.612
303.643
303.673
303.703
303.732
303.762
303.791
303.82
303.849
303.877
303.906
303.934
303.962
303.99
304.018
304.046
304.074
304.101
304.129
304.156
304.184
304.211
304.238
304.265
304.292
304.319
304.346
304.373
304.4
304.427
304.454
304.48
304.507
304.534
304.56
304.587
304.614
304.64
304.667
304.693
304.72
304.746
304.773
304.8
304.826
304.853
304.879
304.905
304.932
304.958
304.985
305.011
305.038
305.064
305.091
305.117
305.144
305.17
305.197
305.223
305.249
305.276
305.302
305.328
305.355
305.381
305.407
305.433
305.459
305.485
305.511
305.537
305.563
305.588
305.614
305.639
305.664
305.689
305.714
305.739
305.763
305.788
305.812
305.835
305.859
305.882
305.904
305.926
305.948
305.969
305.99
306.01
306.03
306.049
306.067
306.084
306.101
306.116
306.131
306.145
306.157
306.169
306.179
306.188
306.195
306.2
306.204
306.206
306.206
306.204
306.199
306.191
306.181
306.168
306.151
306.13
306.105
306.076
306.041
306
305.952
305.896
305.83
305.752
305.659
305.544
305.403
305.232
302.218
302.266
302.314
302.362
302.41
302.458
302.506
302.553
302.599
302.645
302.69
302.734
302.777
302.819
302.861
302.902
302.942
302.981
303.019
303.056
303.093
303.129
303.165
303.2
303.234
303.268
303.301
303.334
303.367
303.399
303.431
303.462
303.493
303.524
303.555
303.585
303.616
303.645
303.675
303.705
303.734
303.763
303.792
303.821
303.85
303.878
303.906
303.935
303.963
303.991
304.019
304.047
304.074
304.102
304.13
304.157
304.184
304.212
304.239
304.266
304.294
304.321
304.348
304.375
304.402
304.429
304.456
304.483
304.51
304.537
304.564
304.591
304.617
304.644
304.671
304.698
304.725
304.752
304.778
304.805
304.832
304.859
304.886
304.912
304.939
304.966
304.993
305.02
305.046
305.073
305.1
305.127
305.153
305.18
305.207
305.234
305.26
305.287
305.313
305.34
305.366
305.393
305.419
305.446
305.472
305.498
305.524
305.55
305.576
305.601
305.627
305.652
305.677
305.702
305.727
305.751
305.775
305.799
305.822
305.845
305.868
305.89
305.912
305.933
305.953
305.973
305.993
306.011
306.029
306.046
306.062
306.077
306.091
306.104
306.116
306.126
306.135
306.143
306.149
306.153
306.155
306.155
306.153
306.148
306.141
306.131
306.118
306.101
306.08
306.055
306.025
305.99
305.949
305.9
305.843
305.777
305.698
305.604
305.49
305.352
305.188
302.159
302.203
302.248
302.293
302.338
302.383
302.428
302.473
302.517
302.561
302.604
302.646
302.688
302.73
302.77
302.81
302.849
302.888
302.926
302.963
303
303.036
303.071
303.106
303.141
303.175
303.208
303.241
303.274
303.307
303.339
303.371
303.402
303.433
303.464
303.495
303.525
303.555
303.585
303.615
303.645
303.674
303.703
303.732
303.761
303.79
303.819
303.847
303.876
303.904
303.932
303.96
303.988
304.016
304.044
304.072
304.1
304.127
304.155
304.182
304.21
304.237
304.265
304.292
304.319
304.347
304.374
304.401
304.429
304.456
304.483
304.51
304.537
304.564
304.592
304.619
304.646
304.673
304.7
304.727
304.754
304.782
304.809
304.836
304.863
304.89
304.917
304.944
304.972
304.999
305.026
305.053
305.08
305.107
305.134
305.161
305.188
305.215
305.242
305.269
305.296
305.323
305.35
305.376
305.403
305.43
305.456
305.482
305.508
305.534
305.56
305.586
305.612
305.637
305.662
305.687
305.711
305.735
305.759
305.783
305.806
305.828
305.85
305.872
305.893
305.913
305.933
305.952
305.97
305.988
306.004
306.02
306.034
306.047
306.06
306.07
306.08
306.088
306.094
306.098
306.101
306.101
306.099
306.095
306.088
306.078
306.065
306.048
306.027
306.002
305.972
305.937
305.895
305.846
305.789
305.722
305.643
305.549
305.436
305.302
305.146
302.099
302.14
302.182
302.224
302.267
302.309
302.351
302.393
302.435
302.477
302.518
302.559
302.6
302.64
302.679
302.718
302.757
302.795
302.832
302.869
302.905
302.941
302.976
303.011
303.045
303.079
303.113
303.146
303.179
303.212
303.244
303.276
303.307
303.339
303.37
303.401
303.431
303.462
303.492
303.522
303.552
303.581
303.611
303.64
303.669
303.698
303.727
303.756
303.785
303.813
303.842
303.87
303.898
303.927
303.955
303.983
304.011
304.039
304.067
304.094
304.122
304.15
304.178
304.205
304.233
304.261
304.288
304.316
304.343
304.371
304.398
304.426
304.453
304.481
304.508
304.536
304.563
304.59
304.618
304.645
304.673
304.7
304.728
304.755
304.783
304.81
304.838
304.865
304.893
304.92
304.948
304.975
305.003
305.03
305.057
305.085
305.112
305.14
305.167
305.194
305.222
305.249
305.276
305.303
305.33
305.357
305.384
305.411
305.437
305.464
305.49
305.516
305.542
305.568
305.593
305.619
305.644
305.668
305.692
305.716
305.74
305.763
305.785
305.807
305.829
305.85
305.87
305.889
305.908
305.926
305.943
305.959
305.974
305.987
306
306.011
306.021
306.029
306.036
306.041
306.044
306.044
306.043
306.039
306.032
306.022
306.009
305.992
305.972
305.947
305.917
305.881
305.839
305.79
305.733
305.666
305.586
305.493
305.382
305.252
305.103
302.038
302.077
302.116
302.156
302.195
302.235
302.275
302.315
302.354
302.394
302.434
302.473
302.512
302.55
302.588
302.626
302.664
302.701
302.737
302.773
302.809
302.845
302.88
302.914
302.948
302.982
303.016
303.049
303.082
303.114
303.146
303.178
303.21
303.241
303.273
303.304
303.334
303.365
303.395
303.425
303.455
303.485
303.515
303.544
303.574
303.603
303.632
303.661
303.69
303.719
303.748
303.776
303.805
303.833
303.862
303.89
303.918
303.946
303.974
304.002
304.031
304.059
304.087
304.114
304.142
304.17
304.198
304.226
304.254
304.282
304.309
304.337
304.365
304.393
304.42
304.448
304.476
304.504
304.532
304.559
304.587
304.615
304.643
304.671
304.698
304.726
304.754
304.782
304.81
304.838
304.865
304.893
304.921
304.949
304.977
305.005
305.032
305.06
305.088
305.116
305.143
305.171
305.199
305.226
305.253
305.281
305.308
305.335
305.362
305.389
305.416
305.443
305.469
305.495
305.521
305.547
305.572
305.597
305.622
305.646
305.67
305.694
305.717
305.739
305.761
305.783
305.803
305.823
305.842
305.861
305.878
305.894
305.91
305.924
305.937
305.949
305.959
305.968
305.975
305.98
305.983
305.984
305.983
305.979
305.973
305.963
305.95
305.934
305.913
305.889
305.859
305.823
305.781
305.732
305.675
305.607
305.529
305.436
305.328
305.203
305.061
301.977
302.013
302.05
302.087
302.124
302.161
302.199
302.237
302.274
302.312
302.349
302.387
302.424
302.461
302.498
302.534
302.571
302.607
302.642
302.678
302.713
302.747
302.782
302.816
302.85
302.883
302.917
302.949
302.982
303.014
303.047
303.078
303.11
303.141
303.173
303.204
303.234
303.265
303.296
303.326
303.356
303.386
303.416
303.445
303.475
303.504
303.534
303.563
303.592
303.621
303.65
303.679
303.707
303.736
303.765
303.793
303.822
303.85
303.878
303.907
303.935
303.963
303.991
304.02
304.048
304.076
304.104
304.132
304.16
304.188
304.217
304.245
304.273
304.301
304.329
304.357
304.385
304.413
304.441
304.469
304.497
304.526
304.554
304.582
304.61
304.638
304.666
304.694
304.723
304.751
304.779
304.807
304.836
304.864
304.892
304.92
304.948
304.976
305.005
305.033
305.061
305.089
305.117
305.145
305.173
305.2
305.228
305.256
305.283
305.311
305.338
305.365
305.392
305.418
305.445
305.471
305.497
305.522
305.547
305.572
305.597
305.621
305.644
305.667
305.69
305.712
305.733
305.753
305.773
305.792
305.809
305.826
305.842
305.857
305.87
305.882
305.893
305.902
305.91
305.915
305.919
305.921
305.92
305.916
305.91
305.901
305.889
305.872
305.852
305.827
305.798
305.762
305.721
305.672
305.614
305.547
305.47
305.379
305.274
305.153
305.019
301.916
301.949
301.984
302.018
302.053
302.088
302.123
302.159
302.194
302.23
302.266
302.301
302.337
302.372
302.408
302.443
302.478
302.513
302.547
302.582
302.616
302.65
302.684
302.717
302.75
302.783
302.816
302.849
302.881
302.913
302.945
302.977
303.008
303.039
303.07
303.101
303.132
303.163
303.193
303.223
303.254
303.284
303.313
303.343
303.373
303.402
303.432
303.461
303.49
303.519
303.548
303.577
303.606
303.635
303.664
303.693
303.721
303.75
303.779
303.807
303.836
303.864
303.893
303.921
303.949
303.978
304.006
304.035
304.063
304.091
304.12
304.148
304.176
304.205
304.233
304.262
304.29
304.318
304.347
304.375
304.404
304.432
304.461
304.489
304.517
304.546
304.575
304.603
304.632
304.66
304.689
304.717
304.746
304.774
304.803
304.832
304.86
304.889
304.917
304.946
304.974
305.003
305.031
305.06
305.088
305.116
305.144
305.172
305.2
305.228
305.256
305.283
305.31
305.337
305.364
305.391
305.417
305.443
305.469
305.494
305.519
305.544
305.568
305.591
305.614
305.637
305.658
305.679
305.699
305.719
305.737
305.754
305.771
305.786
305.8
305.813
305.824
305.833
305.841
305.847
305.851
305.853
305.853
305.85
305.844
305.836
305.824
305.808
305.788
305.763
305.734
305.699
305.657
305.609
305.552
305.486
305.409
305.321
305.219
305.104
304.976
301.854
301.885
301.917
301.95
301.982
302.015
302.049
302.082
302.115
302.149
302.183
302.217
302.25
302.284
302.318
302.352
302.385
302.419
302.452
302.486
302.519
302.552
302.585
302.618
302.65
302.683
302.715
302.747
302.779
302.81
302.842
302.873
302.904
302.935
302.966
302.997
303.028
303.058
303.089
303.119
303.149
303.179
303.209
303.238
303.268
303.298
303.327
303.356
303.386
303.415
303.444
303.473
303.502
303.531
303.56
303.589
303.618
303.647
303.675
303.704
303.733
303.762
303.79
303.819
303.847
303.876
303.905
303.933
303.962
303.991
304.019
304.048
304.076
304.105
304.134
304.162
304.191
304.22
304.248
304.277
304.306
304.335
304.363
304.392
304.421
304.45
304.479
304.508
304.536
304.565
304.594
304.623
304.652
304.681
304.71
304.739
304.768
304.797
304.826
304.855
304.884
304.913
304.941
304.97
304.999
305.027
305.056
305.084
305.113
305.141
305.169
305.197
305.225
305.252
305.28
305.307
305.334
305.36
305.386
305.412
305.438
305.463
305.487
305.511
305.535
305.558
305.58
305.601
305.622
305.642
305.661
305.679
305.695
305.711
305.726
305.739
305.75
305.761
305.769
305.776
305.78
305.783
305.783
305.78
305.775
305.767
305.755
305.74
305.72
305.696
305.667
305.633
305.592
305.544
305.488
305.423
305.348
305.262
305.164
305.054
304.932
301.792
301.821
301.851
301.882
301.912
301.943
301.974
302.006
302.037
302.069
302.101
302.133
302.165
302.197
302.229
302.261
302.294
302.326
302.358
302.39
302.422
302.454
302.486
302.518
302.55
302.581
302.613
302.644
302.676
302.707
302.738
302.769
302.8
302.83
302.861
302.891
302.922
302.952
302.982
303.012
303.042
303.072
303.102
303.131
303.161
303.19
303.22
303.249
303.278
303.308
303.337
303.366
303.395
303.424
303.453
303.482
303.511
303.54
303.569
303.598
303.627
303.656
303.684
303.713
303.742
303.771
303.8
303.828
303.857
303.886
303.915
303.944
303.973
304.001
304.03
304.059
304.088
304.117
304.146
304.175
304.204
304.233
304.262
304.291
304.321
304.35
304.379
304.408
304.437
304.467
304.496
304.525
304.554
304.584
304.613
304.642
304.672
304.701
304.73
304.76
304.789
304.818
304.847
304.877
304.906
304.935
304.964
304.993
305.022
305.05
305.079
305.107
305.135
305.163
305.191
305.219
305.246
305.273
305.3
305.326
305.352
305.378
305.403
305.427
305.451
305.474
305.497
305.519
305.54
305.561
305.58
305.599
305.616
305.632
305.647
305.661
305.673
305.684
305.693
305.7
305.705
305.708
305.709
305.707
305.702
305.694
305.683
305.668
305.65
305.626
305.598
305.564
305.524
305.477
305.422
305.359
305.286
305.203
305.108
305.003
304.888
301.73
301.757
301.785
301.814
301.842
301.871
301.901
301.93
301.96
301.99
302.02
302.05
302.08
302.111
302.141
302.172
302.203
302.234
302.265
302.296
302.326
302.357
302.388
302.419
302.45
302.48
302.511
302.542
302.572
302.603
302.633
302.664
302.694
302.724
302.754
302.784
302.814
302.844
302.874
302.904
302.933
302.963
302.993
303.022
303.052
303.081
303.11
303.14
303.169
303.198
303.227
303.256
303.286
303.315
303.344
303.373
303.402
303.431
303.46
303.489
303.518
303.546
303.575
303.604
303.633
303.662
303.691
303.72
303.749
303.778
303.807
303.836
303.865
303.894
303.924
303.953
303.982
304.011
304.04
304.07
304.099
304.128
304.158
304.187
304.217
304.246
304.275
304.305
304.335
304.364
304.394
304.423
304.453
304.483
304.512
304.542
304.572
304.601
304.631
304.661
304.69
304.72
304.75
304.779
304.809
304.838
304.868
304.897
304.926
304.955
304.984
305.013
305.042
305.07
305.098
305.127
305.154
305.182
305.209
305.236
305.262
305.288
305.314
305.339
305.363
305.387
305.41
305.433
305.455
305.476
305.496
305.515
305.533
305.549
305.565
305.579
305.592
305.603
305.613
305.621
305.626
305.63
305.631
305.63
305.626
305.618
305.608
305.594
305.576
305.553
305.525
305.492
305.453
305.407
305.354
305.292
305.222
305.142
305.052
304.952
304.843
301.668
301.694
301.72
301.746
301.773
301.8
301.828
301.855
301.883
301.911
301.94
301.968
301.997
302.026
302.055
302.084
302.113
302.143
302.172
302.202
302.231
302.261
302.291
302.321
302.35
302.38
302.41
302.44
302.469
302.499
302.529
302.558
302.588
302.618
302.647
302.677
302.706
302.736
302.765
302.794
302.824
302.853
302.882
302.912
302.941
302.97
302.999
303.028
303.057
303.087
303.116
303.145
303.174
303.203
303.232
303.261
303.29
303.319
303.348
303.377
303.406
303.435
303.464
303.493
303.522
303.551
303.58
303.609
303.638
303.667
303.697
303.726
303.755
303.784
303.814
303.843
303.872
303.902
303.931
303.961
303.99
304.02
304.049
304.079
304.109
304.139
304.168
304.198
304.228
304.258
304.288
304.318
304.348
304.378
304.408
304.438
304.468
304.498
304.528
304.558
304.588
304.618
304.648
304.678
304.708
304.738
304.767
304.797
304.827
304.856
304.886
304.915
304.944
304.973
305.002
305.03
305.058
305.086
305.114
305.141
305.168
305.195
305.221
305.246
305.271
305.296
305.319
305.343
305.365
305.386
305.407
305.426
305.445
305.462
305.478
305.493
305.507
305.518
305.529
305.537
305.543
305.547
305.549
305.549
305.545
305.539
305.529
305.515
305.498
305.476
305.449
305.417
305.379
305.335
305.284
305.224
305.157
305.08
304.994
304.9
304.797
301.606
301.63
301.655
301.68
301.705
301.73
301.756
301.782
301.808
301.834
301.861
301.888
301.915
301.942
301.97
301.998
302.025
302.053
302.081
302.11
302.138
302.166
302.195
302.223
302.252
302.281
302.309
302.338
302.367
302.396
302.425
302.453
302.482
302.511
302.54
302.569
302.598
302.627
302.656
302.685
302.714
302.742
302.771
302.8
302.829
302.858
302.887
302.916
302.945
302.973
303.002
303.031
303.06
303.089
303.118
303.147
303.176
303.205
303.234
303.263
303.292
303.321
303.35
303.379
303.408
303.437
303.466
303.495
303.524
303.554
303.583
303.612
303.642
303.671
303.701
303.73
303.76
303.789
303.819
303.849
303.878
303.908
303.938
303.968
303.998
304.028
304.058
304.088
304.118
304.148
304.178
304.209
304.239
304.269
304.3
304.33
304.36
304.391
304.421
304.451
304.482
304.512
304.542
304.573
304.603
304.633
304.663
304.693
304.724
304.753
304.783
304.813
304.842
304.872
304.901
304.93
304.958
304.987
305.015
305.043
305.07
305.097
305.124
305.15
305.175
305.2
305.224
305.248
305.271
305.293
305.314
305.334
305.353
305.371
305.388
305.403
305.417
305.429
305.44
305.449
305.456
305.461
305.463
305.463
305.461
305.455
305.446
305.433
305.417
305.396
305.37
305.34
305.303
305.26
305.211
305.154
305.089
305.017
304.935
304.846
304.749
301.545
301.568
301.591
301.614
301.637
301.661
301.685
301.709
301.734
301.759
301.784
301.809
301.835
301.86
301.886
301.913
301.939
301.965
301.992
302.019
302.046
302.073
302.1
302.127
302.155
302.182
302.21
302.238
302.266
302.293
302.321
302.349
302.377
302.406
302.434
302.462
302.49
302.518
302.547
302.575
302.603
302.632
302.66
302.688
302.717
302.745
302.774
302.802
302.831
302.86
302.888
302.917
302.945
302.974
303.003
303.032
303.06
303.089
303.118
303.147
303.176
303.205
303.234
303.263
303.292
303.321
303.35
303.379
303.409
303.438
303.467
303.497
303.526
303.556
303.585
303.615
303.644
303.674
303.704
303.734
303.764
303.794
303.824
303.854
303.884
303.914
303.944
303.975
304.005
304.035
304.066
304.096
304.127
304.157
304.188
304.219
304.249
304.28
304.311
304.341
304.372
304.403
304.433
304.464
304.495
304.525
304.556
304.586
304.617
304.647
304.677
304.707
304.737
304.767
304.796
304.826
304.855
304.883
304.912
304.94
304.968
304.995
305.022
305.049
305.075
305.1
305.125
305.149
305.172
305.195
305.216
305.237
305.257
305.275
305.292
305.308
305.323
305.336
305.347
305.357
305.365
305.37
305.373
305.374
305.372
305.367
305.359
305.347
305.332
305.312
305.288
305.259
305.224
305.183
305.136
305.082
305.02
304.951
304.875
304.79
304.699
301.485
301.506
301.527
301.549
301.571
301.593
301.616
301.638
301.661
301.685
301.708
301.732
301.756
301.78
301.805
301.829
301.854
301.879
301.905
301.93
301.956
301.981
302.007
302.033
302.06
302.086
302.113
302.139
302.166
302.193
302.22
302.247
302.274
302.301
302.328
302.356
302.383
302.411
302.438
302.466
302.494
302.521
302.549
302.577
302.605
302.633
302.661
302.689
302.717
302.745
302.774
302.802
302.83
302.859
302.887
302.916
302.944
302.973
303.001
303.03
303.059
303.088
303.117
303.145
303.174
303.203
303.233
303.262
303.291
303.32
303.35
303.379
303.408
303.438
303.468
303.497
303.527
303.557
303.587
303.617
303.647
303.677
303.707
303.737
303.768
303.798
303.828
303.859
303.889
303.92
303.951
303.981
304.012
304.043
304.074
304.105
304.135
304.166
304.197
304.228
304.259
304.29
304.321
304.352
304.383
304.414
304.445
304.475
304.506
304.537
304.567
304.598
304.628
304.658
304.688
304.717
304.747
304.776
304.805
304.834
304.862
304.89
304.917
304.944
304.97
304.996
305.021
305.046
305.07
305.093
305.115
305.136
305.156
305.175
305.193
305.209
305.225
305.238
305.25
305.26
305.269
305.275
305.279
305.28
305.279
305.275
305.268
305.258
305.243
305.225
305.202
305.174
305.141
305.103
305.058
305.007
304.949
304.884
304.812
304.733
304.647
301.425
301.445
301.465
301.485
301.506
301.526
301.548
301.569
301.59
301.612
301.634
301.657
301.679
301.702
301.725
301.748
301.772
301.795
301.819
301.843
301.868
301.892
301.917
301.942
301.967
301.992
302.017
302.043
302.068
302.094
302.12
302.146
302.172
302.198
302.225
302.251
302.278
302.304
302.331
302.358
302.385
302.412
302.439
302.467
302.494
302.521
302.549
302.576
302.604
302.632
302.659
302.687
302.715
302.743
302.771
302.799
302.828
302.856
302.884
302.913
302.941
302.97
302.999
303.027
303.056
303.085
303.114
303.143
303.172
303.201
303.231
303.26
303.29
303.319
303.349
303.378
303.408
303.438
303.468
303.498
303.528
303.558
303.588
303.619
303.649
303.68
303.71
303.741
303.771
303.802
303.833
303.864
303.895
303.926
303.957
303.988
304.019
304.05
304.081
304.112
304.143
304.175
304.206
304.237
304.268
304.299
304.33
304.361
304.392
304.423
304.454
304.485
304.515
304.546
304.576
304.606
304.636
304.665
304.694
304.723
304.752
304.78
304.808
304.835
304.862
304.888
304.914
304.939
304.963
304.986
305.009
305.03
305.051
305.071
305.089
305.106
305.122
305.136
305.149
305.159
305.168
305.175
305.18
305.182
305.182
305.179
305.173
305.164
305.15
305.133
305.112
305.086
305.055
305.019
304.977
304.929
304.875
304.814
304.746
304.672
304.592
301.367
301.385
301.404
301.423
301.442
301.461
301.481
301.501
301.521
301.542
301.562
301.583
301.605
301.626
301.648
301.67
301.692
301.714
301.737
301.759
301.782
301.806
301.829
301.852
301.876
301.9
301.924
301.949
301.973
301.998
302.023
302.048
302.073
302.098
302.123
302.149
302.174
302.2
302.226
302.252
302.278
302.305
302.331
302.358
302.384
302.411
302.438
302.465
302.492
302.519
302.546
302.574
302.601
302.629
302.656
302.684
302.712
302.74
302.768
302.796
302.824
302.852
302.881
302.909
302.938
302.967
302.995
303.024
303.053
303.082
303.111
303.141
303.17
303.199
303.229
303.258
303.288
303.318
303.348
303.378
303.408
303.438
303.468
303.499
303.529
303.56
303.59
303.621
303.652
303.683
303.713
303.744
303.775
303.807
303.838
303.869
303.9
303.931
303.963
303.994
304.025
304.057
304.088
304.119
304.151
304.182
304.213
304.245
304.276
304.307
304.338
304.369
304.4
304.43
304.461
304.491
304.521
304.551
304.58
304.61
304.638
304.667
304.695
304.722
304.75
304.776
304.802
304.827
304.852
304.876
304.899
304.921
304.942
304.962
304.981
304.998
305.015
305.029
305.042
305.054
305.064
305.071
305.077
305.08
305.081
305.079
305.074
305.065
305.054
305.038
305.018
304.994
304.966
304.932
304.893
304.848
304.797
304.741
304.678
304.609
304.535
301.31
301.327
301.345
301.362
301.38
301.398
301.417
301.435
301.454
301.473
301.493
301.512
301.532
301.552
301.573
301.593
301.614
301.635
301.657
301.678
301.7
301.722
301.744
301.766
301.789
301.811
301.834
301.858
301.881
301.904
301.928
301.952
301.976
302
302.025
302.049
302.074
302.099
302.124
302.149
302.174
302.2
302.225
302.251
302.277
302.303
302.329
302.355
302.382
302.408
302.435
302.461
302.488
302.515
302.543
302.57
302.597
302.625
302.652
302.68
302.708
302.736
302.764
302.792
302.82
302.849
302.877
302.906
302.934
302.963
302.992
303.021
303.05
303.08
303.109
303.138
303.168
303.198
303.227
303.257
303.287
303.317
303.348
303.378
303.408
303.439
303.469
303.5
303.531
303.562
303.593
303.624
303.655
303.686
303.717
303.748
303.78
303.811
303.842
303.874
303.905
303.937
303.968
304
304.031
304.063
304.094
304.126
304.157
304.188
304.219
304.25
304.281
304.312
304.343
304.373
304.403
304.433
304.463
304.493
304.522
304.55
304.579
304.606
304.634
304.661
304.687
304.712
304.737
304.761
304.785
304.807
304.829
304.849
304.868
304.886
304.903
304.918
304.932
304.944
304.954
304.963
304.969
304.973
304.975
304.974
304.97
304.963
304.952
304.938
304.921
304.899
304.872
304.841
304.805
304.763
304.717
304.664
304.606
304.542
304.473
301.255
301.271
301.287
301.304
301.32
301.337
301.354
301.372
301.39
301.408
301.426
301.444
301.463
301.482
301.501
301.52
301.54
301.559
301.58
301.6
301.62
301.641
301.662
301.683
301.704
301.726
301.748
301.77
301.792
301.814
301.837
301.86
301.883
301.906
301.929
301.953
301.976
302
302.024
302.049
302.073
302.098
302.122
302.147
302.172
302.197
302.223
302.248
302.274
302.3
302.326
302.352
302.378
302.404
302.431
302.458
302.484
302.511
302.539
302.566
302.593
302.621
302.648
302.676
302.704
302.732
302.76
302.788
302.817
302.845
302.874
302.903
302.931
302.96
302.99
303.019
303.048
303.078
303.107
303.137
303.167
303.197
303.227
303.257
303.287
303.318
303.348
303.379
303.41
303.44
303.471
303.502
303.533
303.565
303.596
303.627
303.658
303.69
303.721
303.753
303.784
303.816
303.847
303.879
303.91
303.942
303.973
304.005
304.036
304.067
304.099
304.13
304.161
304.192
304.222
304.253
304.283
304.313
304.343
304.373
304.402
304.431
304.459
304.487
304.515
304.542
304.568
304.594
304.619
304.643
304.667
304.69
304.711
304.732
304.752
304.77
304.787
304.803
304.817
304.83
304.841
304.85
304.857
304.862
304.864
304.864
304.862
304.856
304.847
304.835
304.819
304.799
304.775
304.746
304.713
304.675
304.632
304.584
304.53
304.472
304.408
301.201
301.216
301.232
301.247
301.263
301.278
301.295
301.311
301.327
301.344
301.361
301.379
301.396
301.414
301.432
301.45
301.468
301.487
301.506
301.525
301.544
301.564
301.584
301.604
301.624
301.644
301.665
301.686
301.707
301.728
301.75
301.771
301.793
301.815
301.838
301.86
301.883
301.906
301.929
301.952
301.976
301.999
302.023
302.047
302.071
302.096
302.12
302.145
302.17
302.195
302.22
302.245
302.271
302.297
302.322
302.348
302.375
302.401
302.428
302.454
302.481
302.508
302.535
302.562
302.59
302.617
302.645
302.673
302.701
302.729
302.757
302.786
302.814
302.843
302.872
302.901
302.93
302.959
302.988
303.018
303.048
303.077
303.107
303.137
303.167
303.197
303.228
303.258
303.289
303.319
303.35
303.381
303.412
303.443
303.474
303.505
303.537
303.568
303.599
303.631
303.662
303.694
303.725
303.757
303.788
303.82
303.851
303.882
303.914
303.945
303.976
304.008
304.039
304.069
304.1
304.131
304.161
304.191
304.221
304.25
304.28
304.309
304.337
304.365
304.393
304.42
304.446
304.472
304.497
304.522
304.546
304.569
304.591
304.612
304.631
304.65
304.668
304.684
304.699
304.712
304.723
304.733
304.741
304.746
304.75
304.751
304.749
304.745
304.737
304.727
304.713
304.695
304.673
304.647
304.617
304.583
304.543
304.499
304.45
304.397
304.338
301.15
301.164
301.178
301.193
301.207
301.222
301.237
301.253
301.268
301.284
301.3
301.316
301.333
301.349
301.366
301.383
301.4
301.418
301.436
301.454
301.472
301.49
301.509
301.528
301.547
301.566
301.586
301.606
301.626
301.646
301.666
301.687
301.708
301.729
301.75
301.772
301.793
301.815
301.837
301.86
301.882
301.905
301.928
301.951
301.974
301.998
302.021
302.045
302.069
302.094
302.118
302.143
302.167
302.192
302.218
302.243
302.268
302.294
302.32
302.346
302.372
302.399
302.425
302.452
302.479
302.506
302.533
302.56
302.588
302.616
302.643
302.671
302.7
302.728
302.756
302.785
302.814
302.842
302.872
302.901
302.93
302.959
302.989
303.019
303.049
303.079
303.109
303.139
303.169
303.2
303.23
303.261
303.292
303.322
303.353
303.384
303.415
303.447
303.478
303.509
303.54
303.572
303.603
303.634
303.666
303.697
303.728
303.76
303.791
303.822
303.853
303.884
303.915
303.946
303.977
304.007
304.037
304.067
304.097
304.126
304.156
304.184
304.213
304.241
304.268
304.295
304.322
304.348
304.373
304.398
304.421
304.444
304.467
304.488
304.508
304.527
304.545
304.561
304.576
304.59
304.602
304.612
304.62
304.627
304.631
304.633
304.633
304.629
304.623
304.614
304.602
304.587
304.567
304.544
304.517
304.486
304.45
304.41
304.366
304.317
304.264
301.101
301.114
301.128
301.141
301.155
301.169
301.183
301.197
301.212
301.227
301.242
301.257
301.272
301.288
301.304
301.32
301.336
301.353
301.37
301.387
301.404
301.421
301.439
301.457
301.475
301.493
301.512
301.53
301.549
301.568
301.588
301.607
301.627
301.647
301.668
301.688
301.709
301.73
301.751
301.772
301.794
301.816
301.838
301.86
301.882
301.905
301.928
301.951
301.974
301.997
302.021
302.045
302.069
302.093
302.117
302.142
302.167
302.192
302.217
302.242
302.268
302.293
302.319
302.345
302.372
302.398
302.425
302.452
302.479
302.506
302.533
302.561
302.588
302.616
302.644
302.672
302.7
302.729
302.758
302.786
302.815
302.844
302.873
302.903
302.932
302.962
302.992
303.022
303.052
303.082
303.112
303.142
303.173
303.203
303.234
303.265
303.296
303.326
303.357
303.388
303.419
303.45
303.482
303.513
303.544
303.575
303.606
303.637
303.668
303.699
303.73
303.761
303.791
303.822
303.852
303.883
303.913
303.942
303.972
304.001
304.03
304.059
304.087
304.115
304.142
304.169
304.196
304.221
304.247
304.271
304.295
304.318
304.34
304.361
304.381
304.4
304.418
304.435
304.45
304.464
304.477
304.487
304.496
304.504
304.509
304.512
304.512
304.51
304.506
304.498
304.488
304.474
304.458
304.437
304.413
304.385
304.353
304.317
304.277
304.233
304.185
301.055
301.068
301.08
301.093
301.106
301.119
301.132
301.145
301.159
301.173
301.187
301.202
301.216
301.231
301.246
301.261
301.276
301.292
301.308
301.324
301.34
301.356
301.373
301.39
301.407
301.424
301.442
301.46
301.478
301.496
301.514
301.533
301.552
301.571
301.59
301.61
301.629
301.649
301.67
301.69
301.711
301.731
301.753
301.774
301.795
301.817
301.839
301.861
301.883
301.906
301.929
301.952
301.975
301.998
302.022
302.046
302.07
302.094
302.119
302.143
302.168
302.193
302.218
302.244
302.269
302.295
302.321
302.347
302.374
302.4
302.427
302.454
302.481
302.508
302.536
302.563
302.591
302.619
302.647
302.676
302.704
302.733
302.761
302.79
302.819
302.849
302.878
302.907
302.937
302.967
302.997
303.027
303.057
303.087
303.117
303.147
303.178
303.208
303.239
303.27
303.3
303.331
303.362
303.393
303.423
303.454
303.485
303.516
303.546
303.577
303.607
303.638
303.668
303.698
303.728
303.758
303.788
303.817
303.847
303.876
303.904
303.932
303.96
303.988
304.015
304.042
304.068
304.093
304.118
304.143
304.166
304.189
304.211
304.232
304.252
304.271
304.289
304.306
304.322
304.336
304.349
304.36
304.369
304.377
304.383
304.387
304.388
304.388
304.385
304.379
304.37
304.359
304.344
304.326
304.305
304.28
304.252
304.22
304.184
304.144
304.101
301.012
301.024
301.035
301.047
301.06
301.072
301.084
301.097
301.11
301.123
301.136
301.15
301.164
301.177
301.192
301.206
301.22
301.235
301.25
301.265
301.281
301.296
301.312
301.328
301.344
301.36
301.377
301.394
301.411
301.428
301.446
301.464
301.482
301.5
301.518
301.537
301.556
301.575
301.594
301.613
301.633
301.653
301.673
301.694
301.714
301.735
301.756
301.778
301.799
301.821
301.843
301.865
301.887
301.91
301.933
301.956
301.979
302.003
302.026
302.05
302.074
302.099
302.123
302.148
302.173
302.198
302.223
302.249
302.274
302.3
302.326
302.353
302.379
302.406
302.433
302.46
302.487
302.514
302.542
302.57
302.598
302.626
302.654
302.682
302.711
302.74
302.768
302.797
302.826
302.856
302.885
302.915
302.944
302.974
303.004
303.033
303.063
303.093
303.124
303.154
303.184
303.214
303.245
303.275
303.305
303.335
303.366
303.396
303.426
303.456
303.486
303.516
303.546
303.576
303.606
303.635
303.664
303.693
303.722
303.75
303.779
303.806
303.834
303.861
303.888
303.914
303.94
303.965
303.989
304.013
304.037
304.059
304.081
304.102
304.122
304.141
304.159
304.176
304.191
304.206
304.219
304.23
304.24
304.248
304.255
304.26
304.262
304.262
304.261
304.256
304.249
304.24
304.228
304.212
304.194
304.172
304.147
304.119
304.087
304.052
304.013
300.972
300.983
300.994
301.006
301.017
301.029
301.041
301.053
301.065
301.077
301.09
301.102
301.115
301.129
301.142
301.155
301.169
301.183
301.197
301.212
301.226
301.241
301.256
301.271
301.286
301.302
301.318
301.334
301.35
301.366
301.383
301.4
301.417
301.434
301.452
301.47
301.488
301.506
301.524
301.543
301.562
301.581
301.6
301.62
301.64
301.66
301.68
301.701
301.721
301.742
301.763
301.785
301.806
301.828
301.85
301.872
301.895
301.918
301.94
301.964
301.987
302.011
302.034
302.058
302.082
302.107
302.132
302.156
302.181
302.207
302.232
302.258
302.284
302.31
302.336
302.362
302.389
302.415
302.442
302.47
302.497
302.524
302.552
302.58
302.608
302.636
302.664
302.692
302.721
302.75
302.778
302.807
302.836
302.865
302.895
302.924
302.953
302.983
303.012
303.042
303.072
303.101
303.131
303.161
303.19
303.22
303.25
303.28
303.309
303.339
303.368
303.398
303.427
303.456
303.485
303.514
303.542
303.571
303.599
303.627
303.654
303.681
303.708
303.735
303.761
303.787
303.812
303.837
303.861
303.884
303.907
303.929
303.951
303.971
303.991
304.01
304.028
304.044
304.06
304.074
304.088
304.099
304.11
304.118
304.125
304.131
304.134
304.136
304.135
304.132
304.127
304.119
304.109
304.096
304.08
304.061
304.04
304.015
303.987
303.956
303.921
300.936
300.946
300.957
300.968
300.979
300.99
301.001
301.012
301.024
301.035
301.047
301.06
301.072
301.084
301.097
301.11
301.123
301.136
301.149
301.163
301.177
301.191
301.205
301.22
301.234
301.249
301.264
301.279
301.295
301.311
301.326
301.343
301.359
301.375
301.392
301.409
301.426
301.444
301.461
301.479
301.497
301.516
301.534
301.553
301.572
301.591
301.611
301.63
301.65
301.67
301.691
301.711
301.732
301.753
301.775
301.796
301.818
301.84
301.862
301.884
301.907
301.93
301.953
301.976
301.999
302.023
302.047
302.071
302.095
302.12
302.145
302.17
302.195
302.22
302.246
302.271
302.297
302.323
302.35
302.376
302.403
302.429
302.456
302.484
302.511
302.538
302.566
302.594
302.621
302.649
302.678
302.706
302.734
302.763
302.791
302.82
302.849
302.877
302.906
302.935
302.964
302.993
303.022
303.051
303.08
303.109
303.138
303.167
303.196
303.225
303.254
303.282
303.311
303.339
303.368
303.396
303.424
303.451
303.479
303.506
303.533
303.559
303.585
303.611
303.637
303.662
303.686
303.71
303.734
303.757
303.779
303.801
303.822
303.842
303.861
303.88
303.897
303.914
303.929
303.944
303.957
303.969
303.979
303.988
303.996
304.002
304.006
304.008
304.009
304.007
304.003
303.997
303.989
303.978
303.965
303.949
303.93
303.909
303.884
303.857
303.827
300.904
300.913
300.924
300.934
300.944
300.955
300.965
300.976
300.987
300.998
301.01
301.021
301.033
301.045
301.057
301.069
301.082
301.094
301.107
301.12
301.133
301.147
301.16
301.174
301.188
301.202
301.216
301.231
301.246
301.261
301.276
301.291
301.307
301.323
301.339
301.355
301.372
301.388
301.405
301.423
301.44
301.458
301.475
301.493
301.512
301.53
301.549
301.568
301.587
301.606
301.626
301.646
301.666
301.686
301.707
301.727
301.748
301.77
301.791
301.813
301.835
301.857
301.879
301.902
301.924
301.947
301.97
301.994
302.017
302.041
302.065
302.089
302.114
302.138
302.163
302.188
302.214
302.239
302.264
302.29
302.316
302.342
302.368
302.395
302.421
302.448
302.475
302.502
302.529
302.557
302.584
302.611
302.639
302.667
302.695
302.723
302.75
302.779
302.807
302.835
302.863
302.891
302.92
302.948
302.976
303.004
303.033
303.061
303.089
303.117
303.145
303.173
303.2
303.228
303.255
303.283
303.31
303.336
303.363
303.389
303.415
303.441
303.467
303.492
303.516
303.541
303.564
303.588
303.611
303.633
303.655
303.676
303.696
303.716
303.735
303.753
303.77
303.786
303.801
303.816
303.829
303.841
303.851
303.861
303.868
303.875
303.88
303.883
303.884
303.884
303.881
303.877
303.87
303.861
303.85
303.837
303.821
303.802
303.781
303.757
303.731
300.875
300.885
300.894
300.904
300.914
300.924
300.934
300.945
300.955
300.966
300.977
300.988
300.999
301.011
301.022
301.034
301.046
301.058
301.07
301.083
301.095
301.108
301.121
301.134
301.148
301.161
301.175
301.189
301.203
301.218
301.232
301.247
301.262
301.277
301.293
301.308
301.324
301.34
301.357
301.373
301.39
301.407
301.424
301.441
301.459
301.477
301.495
301.513
301.532
301.55
301.569
301.588
301.608
301.627
301.647
301.667
301.688
301.708
301.729
301.75
301.771
301.792
301.814
301.836
301.858
301.88
301.903
301.925
301.948
301.971
301.995
302.018
302.042
302.066
302.09
302.114
302.139
302.163
302.188
302.213
302.238
302.264
302.289
302.315
302.341
302.367
302.393
302.419
302.445
302.472
302.499
302.525
302.552
302.579
302.606
302.633
302.66
302.688
302.715
302.742
302.77
302.797
302.825
302.852
302.879
302.907
302.934
302.961
302.989
303.016
303.043
303.07
303.097
303.123
303.15
303.176
303.202
303.228
303.254
303.279
303.305
303.329
303.354
303.378
303.402
303.426
303.449
303.471
303.493
303.515
303.536
303.556
303.576
303.595
303.613
303.631
303.648
303.663
303.678
303.692
303.705
303.717
303.728
303.737
303.745
303.752
303.757
303.761
303.763
303.764
303.762
303.759
303.754
303.747
303.738
303.727
303.713
303.697
303.679
303.659
303.636
300.851
300.861
300.87
300.879
300.889
300.898
300.908
300.918
300.928
300.939
300.949
300.96
300.971
300.982
300.993
301.004
301.016
301.027
301.039
301.051
301.063
301.076
301.088
301.101
301.114
301.127
301.14
301.154
301.167
301.181
301.195
301.21
301.224
301.239
301.254
301.269
301.284
301.3
301.315
301.331
301.348
301.364
301.38
301.397
301.414
301.432
301.449
301.467
301.485
301.503
301.521
301.54
301.558
301.577
301.597
301.616
301.636
301.656
301.676
301.696
301.716
301.737
301.758
301.779
301.801
301.822
301.844
301.866
301.888
301.911
301.933
301.956
301.979
302.003
302.026
302.05
302.073
302.097
302.121
302.146
302.17
302.195
302.22
302.245
302.27
302.295
302.32
302.346
302.371
302.397
302.423
302.449
302.475
302.501
302.527
302.554
302.58
302.606
302.633
302.659
302.686
302.712
302.739
302.766
302.792
302.819
302.845
302.871
302.898
302.924
302.95
302.976
303.002
303.028
303.053
303.079
303.104
303.129
303.154
303.178
303.203
303.227
303.25
303.274
303.297
303.319
303.341
303.363
303.384
303.405
303.425
303.445
303.464
303.482
303.5
303.517
303.533
303.549
303.563
303.577
303.59
303.601
303.612
303.621
303.629
303.636
303.642
303.646
303.649
303.65
303.65
303.648
303.644
303.639
303.631
303.622
303.611
303.598
303.582
303.565
303.545
300.832
300.841
300.85
300.859
300.868
300.878
300.887
300.897
300.907
300.917
300.927
300.937
300.948
300.958
300.969
300.98
300.991
301.003
301.014
301.026
301.038
301.049
301.062
301.074
301.087
301.099
301.112
301.125
301.139
301.152
301.166
301.18
301.194
301.208
301.222
301.237
301.252
301.267
301.282
301.298
301.313
301.329
301.345
301.362
301.378
301.395
301.412
301.429
301.446
301.464
301.482
301.5
301.518
301.537
301.555
301.574
301.593
301.613
301.632
301.652
301.672
301.692
301.712
301.733
301.754
301.775
301.796
301.817
301.839
301.861
301.883
301.905
301.928
301.95
301.973
301.996
302.019
302.042
302.066
302.089
302.113
302.137
302.161
302.185
302.21
302.234
302.259
302.284
302.309
302.334
302.359
302.384
302.409
302.435
302.46
302.485
302.511
302.537
302.562
302.588
302.614
302.639
302.665
302.691
302.716
302.742
302.768
302.793
302.818
302.844
302.869
302.894
302.919
302.944
302.969
302.993
303.018
303.042
303.066
303.089
303.113
303.136
303.159
303.181
303.203
303.225
303.246
303.267
303.288
303.307
303.327
303.346
303.364
303.382
303.399
303.415
303.431
303.446
303.46
303.473
303.485
303.497
303.507
303.517
303.525
303.532
303.538
303.542
303.546
303.548
303.548
303.547
303.544
303.54
303.534
303.527
303.517
303.506
303.493
303.478
303.461
300.818
300.826
300.835
300.844
300.853
300.862
300.871
300.881
300.891
300.9
300.91
300.92
300.931
300.941
300.952
300.962
300.973
300.984
300.995
301.007
301.018
301.03
301.042
301.054
301.066
301.079
301.091
301.104
301.117
301.13
301.143
301.157
301.171
301.185
301.199
301.213
301.227
301.242
301.257
301.272
301.288
301.303
301.319
301.335
301.351
301.367
301.384
301.401
301.418
301.435
301.452
301.47
301.488
301.506
301.524
301.542
301.561
301.58
301.599
301.618
301.638
301.657
301.677
301.697
301.718
301.738
301.759
301.78
301.801
301.822
301.844
301.865
301.887
301.909
301.932
301.954
301.976
301.999
302.022
302.045
302.068
302.092
302.115
302.139
302.163
302.186
302.21
302.234
302.259
302.283
302.307
302.332
302.357
302.381
302.406
302.431
302.456
302.48
302.505
302.53
302.555
302.58
302.605
302.63
302.655
302.68
302.704
302.729
302.754
302.778
302.803
302.827
302.851
302.875
302.899
302.923
302.946
302.97
302.993
303.016
303.038
303.06
303.082
303.104
303.125
303.146
303.167
303.187
303.207
303.226
303.245
303.263
303.281
303.298
303.314
303.33
303.345
303.359
303.373
303.386
303.398
303.409
303.419
303.428
303.436
303.444
303.45
303.454
303.458
303.46
303.461
303.461
303.459
303.456
303.452
303.445
303.437
303.428
303.417
303.403
303.389
300.808
300.817
300.825
300.834
300.843
300.852
300.861
300.87
300.88
300.889
300.899
300.909
300.919
300.929
300.94
300.95
300.961
300.972
300.983
300.994
301.005
301.017
301.029
301.04
301.053
301.065
301.077
301.09
301.102
301.115
301.129
301.142
301.155
301.169
301.183
301.197
301.211
301.226
301.24
301.255
301.27
301.286
301.301
301.317
301.333
301.349
301.365
301.381
301.398
301.415
301.432
301.449
301.467
301.485
301.503
301.521
301.539
301.558
301.576
301.595
301.615
301.634
301.653
301.673
301.693
301.713
301.734
301.754
301.775
301.796
301.817
301.838
301.86
301.881
301.903
301.925
301.947
301.969
301.992
302.014
302.037
302.06
302.083
302.106
302.129
302.153
302.176
302.2
302.224
302.247
302.271
302.295
302.319
302.343
302.368
302.392
302.416
302.44
302.465
302.489
302.513
302.538
302.562
302.586
302.61
302.635
302.659
302.683
302.707
302.731
302.755
302.778
302.802
302.825
302.848
302.872
302.894
302.917
302.939
302.962
302.984
303.005
303.027
303.048
303.068
303.089
303.108
303.128
303.147
303.166
303.184
303.201
303.219
303.235
303.251
303.266
303.281
303.295
303.308
303.321
303.332
303.343
303.353
303.362
303.37
303.377
303.383
303.388
303.392
303.395
303.396
303.396
303.395
303.393
303.389
303.384
303.377
303.368
303.358
303.347
303.334
300.803
300.812
300.82
300.829
300.838
300.847
300.856
300.865
300.875
300.884
300.894
300.904
300.914
300.924
300.934
300.944
300.955
300.966
300.977
300.988
300.999
301.011
301.022
301.034
301.046
301.058
301.07
301.083
301.095
301.108
301.121
301.134
301.148
301.161
301.175
301.189
301.203
301.218
301.232
301.247
301.262
301.277
301.292
301.308
301.324
301.339
301.356
301.372
301.388
301.405
301.422
301.439
301.457
301.474
301.492
301.51
301.528
301.547
301.565
301.584
301.603
301.622
301.641
301.661
301.681
301.701
301.721
301.741
301.762
301.782
301.803
301.824
301.845
301.867
301.888
301.91
301.932
301.954
301.976
301.998
302.021
302.043
302.066
302.089
302.112
302.135
302.158
302.182
302.205
302.228
302.252
302.276
302.299
302.323
302.347
302.371
302.395
302.419
302.443
302.467
302.491
302.515
302.539
302.563
302.587
302.61
302.634
302.658
302.682
302.705
302.728
302.752
302.775
302.798
302.821
302.843
302.866
302.888
302.91
302.932
302.954
302.975
302.996
303.016
303.037
303.057
303.076
303.095
303.114
303.132
303.15
303.167
303.184
303.2
303.216
303.231
303.245
303.259
303.272
303.284
303.296
303.306
303.316
303.325
303.333
303.34
303.346
303.351
303.355
303.358
303.36
303.36
303.359
303.357
303.354
303.349
303.343
303.335
303.326
303.315
303.303
304.919
304.342
303.905
303.544
303.233
302.959
302.715
302.495
302.295
302.111
301.943
301.787
301.642
301.508
301.384
301.268
301.16
301.059
300.965
300.878
300.796
300.721
300.651
300.586
300.527
300.472
300.421
300.375
300.332
300.294
300.259
300.227
300.199
300.173
300.15
300.13
300.112
300.096
300.082
300.07
300.059
300.05
300.042
300.035
300.029
300.025
300.021
300.018
300.015
300.014
300.013
304.917
304.341
303.905
303.544
303.233
302.959
302.715
302.495
302.295
302.111
301.943
301.787
301.643
301.508
301.384
301.268
301.16
301.059
300.965
300.878
300.796
300.721
300.651
300.586
300.527
300.472
300.421
300.375
300.332
300.294
300.259
300.227
300.199
300.173
300.15
300.13
300.112
300.096
300.082
300.07
300.059
300.05
300.042
300.035
300.029
300.025
300.021
300.018
300.015
300.014
300.013
304.913
304.341
303.905
303.544
303.233
302.959
302.715
302.495
302.295
302.111
301.943
301.787
301.643
301.509
301.384
301.268
301.16
301.059
300.965
300.878
300.797
300.721
300.651
300.586
300.527
300.472
300.421
300.375
300.332
300.294
300.259
300.227
300.199
300.173
300.15
300.13
300.112
300.096
300.082
300.07
300.059
300.05
300.042
300.035
300.029
300.025
300.021
300.018
300.015
300.014
300.013
304.907
304.339
303.904
303.543
303.233
302.959
302.715
302.495
302.295
302.112
301.943
301.787
301.643
301.509
301.384
301.268
301.16
301.059
300.965
300.878
300.797
300.721
300.651
300.587
300.527
300.472
300.421
300.375
300.333
300.294
300.259
300.227
300.199
300.173
300.15
300.13
300.112
300.096
300.082
300.07
300.059
300.05
300.042
300.035
300.029
300.025
300.021
300.018
300.015
300.014
300.013
304.899
304.337
303.904
303.543
303.233
302.959
302.715
302.495
302.295
302.112
301.943
301.788
301.643
301.509
301.385
301.269
301.16
301.06
300.966
300.878
300.797
300.722
300.652
300.587
300.527
300.472
300.421
300.375
300.333
300.294
300.259
300.227
300.199
300.173
300.15
300.13
300.112
300.096
300.082
300.07
300.059
300.05
300.042
300.035
300.03
300.025
300.021
300.018
300.015
300.014
300.013
304.89
304.334
303.903
303.543
303.233
302.96
302.716
302.496
302.296
302.112
301.944
301.788
301.644
301.51
301.385
301.269
301.161
301.06
300.966
300.879
300.797
300.722
300.652
300.587
300.527
300.472
300.422
300.375
300.333
300.294
300.259
300.228
300.199
300.173
300.15
300.13
300.112
300.096
300.082
300.07
300.059
300.05
300.042
300.035
300.03
300.025
300.021
300.018
300.015
300.014
300.013
304.878
304.331
303.901
303.543
303.233
302.96
302.716
302.496
302.296
302.113
301.945
301.789
301.645
301.511
301.386
301.27
301.162
301.061
300.967
300.879
300.798
300.722
300.652
300.588
300.528
300.473
300.422
300.376
300.333
300.295
300.26
300.228
300.199
300.174
300.151
300.13
300.112
300.096
300.082
300.07
300.059
300.05
300.042
300.035
300.03
300.025
300.021
300.018
300.015
300.014
300.013
304.864
304.327
303.9
303.542
303.233
302.961
302.717
302.497
302.297
302.114
301.946
301.79
301.646
301.512
301.387
301.271
301.162
301.062
300.968
300.88
300.799
300.723
300.653
300.588
300.528
300.473
300.423
300.376
300.334
300.295
300.26
300.228
300.199
300.174
300.151
300.13
300.112
300.096
300.082
300.07
300.059
300.05
300.042
300.035
300.03
300.025
300.021
300.018
300.015
300.014
300.013
304.848
304.322
303.899
303.542
303.234
302.961
302.718
302.499
302.299
302.116
301.947
301.791
301.647
301.513
301.388
301.272
301.164
301.063
300.969
300.881
300.8
300.724
300.654
300.589
300.529
300.474
300.423
300.377
300.334
300.295
300.26
300.228
300.2
300.174
300.151
300.131
300.112
300.096
300.082
300.07
300.059
300.05
300.042
300.035
300.03
300.025
300.021
300.018
300.015
300.014
300.013
304.83
304.316
303.897
303.542
303.234
302.963
302.72
302.5
302.301
302.117
301.949
301.793
301.649
301.514
301.39
301.273
301.165
301.064
300.97
300.882
300.801
300.725
300.655
300.59
300.53
300.475
300.424
300.377
300.335
300.296
300.261
300.229
300.2
300.174
300.151
300.131
300.113
300.097
300.083
300.07
300.06
300.05
300.042
300.036
300.03
300.025
300.021
300.018
300.015
300.014
300.013
304.811
304.31
303.895
303.542
303.236
302.964
302.722
302.503
302.303
302.12
301.951
301.795
301.651
301.517
301.392
301.275
301.167
301.066
300.971
300.884
300.802
300.726
300.656
300.591
300.531
300.476
300.425
300.378
300.335
300.297
300.261
300.229
300.201
300.175
300.152
300.131
300.113
300.097
300.083
300.07
300.06
300.05
300.042
300.036
300.03
300.025
300.021
300.018
300.015
300.014
300.013
304.79
304.303
303.893
303.543
303.237
302.967
302.724
302.505
302.306
302.123
301.954
301.798
301.653
301.519
301.394
301.277
301.169
301.068
300.973
300.885
300.804
300.728
300.657
300.592
300.532
300.477
300.426
300.379
300.336
300.297
300.262
300.23
300.201
300.175
300.152
300.132
300.113
300.097
300.083
300.071
300.06
300.051
300.043
300.036
300.03
300.025
300.021
300.018
300.015
300.014
300.013
304.767
304.295
303.891
303.543
303.239
302.969
302.728
302.509
302.309
302.126
301.957
301.801
301.657
301.522
301.397
301.28
301.171
301.07
300.976
300.888
300.806
300.73
300.659
300.594
300.534
300.478
300.427
300.38
300.337
300.298
300.263
300.231
300.202
300.176
300.153
300.132
300.114
300.098
300.083
300.071
300.06
300.051
300.043
300.036
300.03
300.025
300.021
300.018
300.016
300.014
300.013
304.743
304.286
303.889
303.544
303.242
302.973
302.732
302.513
302.313
302.13
301.961
301.805
301.66
301.526
301.4
301.284
301.175
301.073
300.978
300.89
300.808
300.732
300.661
300.596
300.535
300.479
300.428
300.381
300.338
300.299
300.264
300.231
300.202
300.176
300.153
300.132
300.114
300.098
300.084
300.071
300.06
300.051
300.043
300.036
300.03
300.025
300.021
300.018
300.016
300.014
300.013
304.718
304.276
303.886
303.545
303.245
302.977
302.736
302.518
302.319
302.135
301.966
301.81
301.665
301.53
301.405
301.288
301.178
301.076
300.981
300.893
300.811
300.734
300.664
300.598
300.537
300.481
300.43
300.383
300.34
300.3
300.265
300.232
300.203
300.177
300.154
300.133
300.115
300.098
300.084
300.071
300.061
300.051
300.043
300.036
300.03
300.025
300.021
300.018
300.016
300.014
300.013
304.692
304.266
303.884
303.547
303.249
302.982
302.742
302.524
302.325
302.141
301.972
301.816
301.671
301.535
301.41
301.292
301.183
301.081
300.985
300.897
300.814
300.737
300.666
300.6
300.539
300.483
300.432
300.384
300.341
300.302
300.266
300.233
300.204
300.178
300.155
300.134
300.115
300.099
300.084
300.072
300.061
300.051
300.043
300.036
300.03
300.026
300.021
300.018
300.016
300.014
300.013
304.664
304.255
303.882
303.55
303.254
302.989
302.749
302.531
302.332
302.149
301.979
301.823
301.677
301.542
301.415
301.298
301.188
301.085
300.99
300.901
300.818
300.741
300.669
300.603
300.542
300.486
300.434
300.386
300.343
300.303
300.267
300.235
300.205
300.179
300.155
300.134
300.116
300.099
300.085
300.072
300.061
300.052
300.044
300.037
300.031
300.026
300.022
300.018
300.016
300.014
300.013
304.634
304.243
303.879
303.552
303.259
302.996
302.757
302.54
302.34
302.157
301.988
301.83
301.685
301.549
301.422
301.304
301.194
301.091
300.995
300.906
300.822
300.745
300.673
300.607
300.545
300.488
300.436
300.388
300.345
300.305
300.269
300.236
300.206
300.18
300.156
300.135
300.116
300.1
300.085
300.073
300.062
300.052
300.044
300.037
300.031
300.026
300.022
300.018
300.016
300.014
300.013
304.603
304.229
303.876
303.555
303.266
303.004
302.766
302.549
302.35
302.167
301.997
301.839
301.693
301.557
301.43
301.311
301.201
301.097
301.001
300.911
300.827
300.75
300.677
300.61
300.549
300.492
300.439
300.391
300.347
300.307
300.27
300.237
300.208
300.181
300.157
300.136
300.117
300.101
300.086
300.073
300.062
300.052
300.044
300.037
300.031
300.026
300.022
300.019
300.016
300.014
300.013
304.57
304.214
303.873
303.559
303.273
303.013
302.777
302.56
302.361
302.178
302.008
301.85
301.703
301.566
301.439
301.32
301.208
301.105
301.008
300.917
300.833
300.755
300.682
300.615
300.553
300.495
300.442
300.394
300.349
300.309
300.272
300.239
300.209
300.182
300.158
300.137
300.118
300.101
300.087
300.074
300.063
300.053
300.044
300.037
300.031
300.026
300.022
300.019
300.016
300.014
300.013
304.535
304.198
303.869
303.562
303.28
303.023
302.788
302.572
302.374
302.19
302.02
301.862
301.714
301.577
301.449
301.329
301.217
301.113
301.015
300.924
300.84
300.761
300.688
300.62
300.557
300.499
300.446
300.397
300.352
300.311
300.274
300.241
300.211
300.184
300.16
300.138
300.119
300.102
300.087
300.074
300.063
300.053
300.045
300.038
300.032
300.026
300.022
300.019
300.016
300.014
300.014
304.498
304.179
303.863
303.564
303.288
303.034
302.801
302.586
302.388
302.204
302.033
301.875
301.727
301.589
301.461
301.34
301.228
301.122
301.024
300.933
300.847
300.768
300.694
300.625
300.562
300.503
300.45
300.4
300.355
300.314
300.277
300.243
300.213
300.185
300.161
300.139
300.12
300.103
300.088
300.075
300.064
300.054
300.045
300.038
300.032
300.027
300.022
300.019
300.016
300.015
300.014
304.458
304.157
303.855
303.566
303.296
303.046
302.814
302.601
302.403
302.219
302.049
301.89
301.742
301.603
301.474
301.353
301.239
301.133
301.034
300.942
300.856
300.775
300.701
300.631
300.567
300.508
300.454
300.404
300.359
300.317
300.28
300.245
300.215
300.187
300.162
300.141
300.121
300.104
300.089
300.076
300.064
300.054
300.046
300.038
300.032
300.027
300.023
300.019
300.017
300.015
300.014
304.416
304.133
303.845
303.566
303.303
303.057
302.829
302.616
302.419
302.236
302.066
301.906
301.758
301.618
301.488
301.366
301.252
301.145
301.045
300.952
300.865
300.784
300.708
300.638
300.574
300.514
300.459
300.409
300.363
300.321
300.282
300.248
300.217
300.189
300.164
300.142
300.122
300.105
300.09
300.076
300.065
300.055
300.046
300.039
300.032
300.027
300.023
300.019
300.017
300.015
300.014
304.37
304.105
303.832
303.564
303.309
303.068
302.843
302.633
302.437
302.254
302.084
301.924
301.775
301.635
301.504
301.382
301.267
301.159
301.058
300.964
300.876
300.793
300.717
300.646
300.581
300.52
300.465
300.413
300.367
300.324
300.286
300.251
300.219
300.191
300.166
300.143
300.124
300.106
300.091
300.077
300.065
300.055
300.047
300.039
300.033
300.027
300.023
300.019
300.017
300.015
300.014
304.32
304.074
303.816
303.56
303.313
303.078
302.857
302.65
302.456
302.274
302.104
301.944
301.794
301.654
301.522
301.399
301.283
301.174
301.072
300.976
300.887
300.804
300.727
300.655
300.588
300.527
300.471
300.419
300.371
300.328
300.289
300.254
300.222
300.193
300.168
300.145
300.125
300.107
300.092
300.078
300.066
300.056
300.047
300.039
300.033
300.028
300.023
300.02
300.017
300.015
300.014
304.266
304.038
303.796
303.552
303.315
303.087
302.871
302.667
302.475
302.294
302.125
301.965
301.815
301.674
301.542
301.417
301.3
301.19
301.087
300.991
300.9
300.816
300.737
300.665
300.597
300.535
300.477
300.425
300.377
300.333
300.293
300.257
300.225
300.196
300.17
300.147
300.126
300.108
300.093
300.079
300.067
300.056
300.048
300.04
300.033
300.028
300.024
300.02
300.017
300.015
300.014
304.208
303.997
303.771
303.541
303.313
303.094
302.883
302.683
302.494
302.315
302.146
301.987
301.838
301.696
301.563
301.438
301.32
301.208
301.104
301.006
300.915
300.829
300.749
300.675
300.606
300.543
300.485
300.431
300.382
300.338
300.297
300.261
300.228
300.198
300.172
300.149
300.128
300.11
300.094
300.08
300.068
300.057
300.048
300.04
300.034
300.028
300.024
300.02
300.017
300.015
300.014
304.145
303.951
303.741
303.524
303.308
303.097
302.894
302.698
302.513
302.336
302.169
302.011
301.861
301.72
301.586
301.46
301.34
301.228
301.122
301.023
300.93
300.843
300.762
300.687
300.617
300.552
300.493
300.438
300.388
300.343
300.302
300.265
300.231
300.201
300.175
300.151
300.13
300.111
300.095
300.081
300.069
300.058
300.049
300.041
300.034
300.029
300.024
300.02
300.017
300.016
300.014
304.076
303.899
303.705
303.503
303.299
303.098
302.901
302.712
302.531
302.357
302.192
302.035
301.886
301.744
301.61
301.483
301.363
301.249
301.142
301.042
300.947
300.859
300.776
300.699
300.628
300.562
300.502
300.446
300.395
300.349
300.307
300.269
300.235
300.204
300.177
300.153
300.132
300.113
300.096
300.082
300.069
300.059
300.049
300.041
300.035
300.029
300.024
300.021
300.018
300.016
300.015
304.003
303.842
303.664
303.477
303.285
303.094
302.906
302.723
302.547
302.377
302.215
302.059
301.911
301.77
301.635
301.508
301.387
301.272
301.164
301.062
300.965
300.876
300.791
300.713
300.64
300.573
300.511
300.454
300.402
300.355
300.312
300.274
300.239
300.208
300.18
300.155
300.134
300.114
300.098
300.083
300.07
300.059
300.05
300.042
300.035
300.029
300.025
300.021
300.018
300.016
300.015
303.925
303.78
303.618
303.445
303.266
303.086
302.907
302.732
302.561
302.396
302.237
302.083
301.936
301.796
301.661
301.533
301.412
301.296
301.186
301.083
300.985
300.893
300.808
300.728
300.653
300.585
300.521
300.463
300.41
300.362
300.318
300.278
300.243
300.211
300.183
300.158
300.136
300.116
300.099
300.084
300.071
300.06
300.051
300.042
300.035
300.03
300.025
300.021
300.018
300.016
300.015
303.843
303.713
303.566
303.407
303.242
303.074
302.905
302.737
302.573
302.413
302.257
302.107
301.962
301.822
301.688
301.56
301.437
301.321
301.21
301.105
301.006
300.912
300.825
300.743
300.667
300.597
300.532
300.473
300.418
300.369
300.324
300.284
300.247
300.215
300.186
300.16
300.138
300.118
300.101
300.085
300.072
300.061
300.051
300.043
300.036
300.03
300.025
300.021
300.018
300.016
300.015
303.758
303.642
303.509
303.365
303.213
303.057
302.898
302.739
302.582
302.428
302.277
302.129
301.987
301.848
301.715
301.587
301.464
301.346
301.234
301.128
301.027
300.932
300.843
300.76
300.682
300.61
300.544
300.483
300.427
300.376
300.331
300.289
300.252
300.219
300.189
300.163
300.14
300.12
300.102
300.087
300.073
300.062
300.052
300.044
300.036
300.03
300.025
300.022
300.019
300.016
300.015
303.671
303.568
303.449
303.319
303.18
303.035
302.887
302.738
302.588
302.44
302.294
302.15
302.01
301.874
301.741
301.614
301.49
301.372
301.259
301.151
301.049
300.953
300.862
300.777
300.697
300.624
300.556
300.493
300.436
300.384
300.337
300.295
300.257
300.223
300.193
300.166
300.142
300.122
300.104
300.088
300.074
300.063
300.053
300.044
300.037
300.031
300.026
300.022
300.019
300.017
300.015
303.584
303.493
303.388
303.27
303.144
303.011
302.873
302.733
302.591
302.45
302.309
302.169
302.032
301.898
301.767
301.64
301.517
301.398
301.284
301.175
301.071
300.973
300.881
300.794
300.713
300.637
300.568
300.504
300.445
300.392
300.344
300.3
300.262
300.227
300.196
300.169
300.145
300.124
300.105
300.089
300.075
300.063
300.053
300.045
300.037
300.031
300.026
300.022
300.019
300.017
300.016
303.5
303.42
303.326
303.221
303.107
302.985
302.857
302.726
302.592
302.456
302.321
302.186
302.052
301.92
301.791
301.664
301.541
301.423
301.308
301.198
301.093
300.993
300.899
300.811
300.728
300.651
300.58
300.514
300.454
300.4
300.351
300.306
300.266
300.231
300.199
300.171
300.147
300.125
300.107
300.09
300.076
300.064
300.054
300.045
300.038
300.031
300.026
300.022
300.019
300.017
300.016
303.422
303.352
303.268
303.174
303.07
302.958
302.84
302.717
302.59
302.461
302.331
302.2
302.07
301.94
301.812
301.687
301.565
301.445
301.33
301.219
301.113
301.012
300.917
300.827
300.742
300.664
300.591
300.524
300.463
300.407
300.357
300.311
300.271
300.234
300.202
300.174
300.149
300.127
300.108
300.092
300.077
300.065
300.055
300.046
300.038
300.032
300.027
300.022
300.019
300.017
300.016
303.354
303.292
303.218
303.132
303.037
302.933
302.823
302.707
302.587
302.464
302.338
302.211
302.084
301.957
301.831
301.706
301.584
301.465
301.35
301.238
301.131
301.029
300.932
300.841
300.755
300.675
300.601
300.533
300.471
300.414
300.362
300.316
300.275
300.238
300.205
300.176
300.151
300.129
300.109
300.092
300.078
300.066
300.055
300.046
300.038
300.032
300.027
300.023
300.019
300.017
300.016
303.303
303.247
303.178
303.099
303.011
302.914
302.81
302.7
302.584
302.465
302.344
302.22
302.095
301.97
301.845
301.722
301.6
301.481
301.365
301.253
301.146
301.043
300.945
300.852
300.766
300.685
300.609
300.54
300.477
300.419
300.367
300.32
300.278
300.24
300.207
300.178
300.152
300.13
300.11
300.093
300.079
300.066
300.055
300.046
300.039
300.032
300.027
300.023
300.02
300.017
300.016
303.274
303.221
303.156
303.081
302.996
302.903
302.802
302.695
302.583
302.466
302.346
302.224
302.101
301.977
301.853
301.73
301.609
301.49
301.374
301.262
301.154
301.051
300.952
300.859
300.772
300.69
300.614
300.544
300.48
300.422
300.37
300.322
300.28
300.242
300.208
300.179
300.153
300.13
300.111
300.094
300.079
300.066
300.056
300.046
300.039
300.032
300.027
300.023
300.02
300.017
300.016
)
;

boundaryField
{
    inlet
    {
        type            fixedValue;
        value           uniform 300;
    }
    outlet
    {
        type            zeroGradient;
    }
    top
    {
        type            zeroGradient;
    }
    slip-bottom
    {
        type            zeroGradient;
    }
    bottom
    {
        type            zeroGradient;
    }
    interface
    {
        type            fixedGradient;
        gradient        nonuniform List<scalar> 
161
(
41.2016
40.5629
39.9178
39.2662
38.6079
37.943
37.2714
36.593
35.9078
35.2156
34.5164
33.8102
33.0497
32.2562
31.4547
30.6452
29.8274
29.0014
28.167
27.3242
26.4729
25.6129
24.7913
24.621
24.4491
24.2754
24.0999
23.9227
23.7436
23.5628
23.3801
23.1956
23.0234
22.8636
22.7021
22.5391
22.3744
22.208
22.0399
21.8702
21.6987
21.5688
21.4501
21.3303
21.2093
21.087
20.9635
20.8388
20.7128
20.6042
20.5007
20.3961
20.2905
20.1838
20.0761
19.9672
19.8628
19.7685
19.6732
19.577
19.4799
19.3817
19.2825
19.1871
19.0971
19.0061
18.9143
18.8215
18.7278
18.6331
18.5451
18.4564
18.3668
18.2763
18.1849
18.0926
18.0045
17.916
17.8266
17.7363
17.6451
17.5539
17.4653
17.3759
17.2855
17.1942
17.102
17.0118
16.9214
16.8302
16.738
16.6449
16.5527
16.4607
16.3676
16.2737
16.1788
16.0853
15.9915
15.8968
15.8012
15.7049
15.6102
15.5146
15.4179
15.3203
15.2239
15.1275
15.0302
14.9318
14.8343
14.7379
14.6407
14.5424
14.4448
14.349
14.2522
14.1544
14.0584
13.9648
13.8701
13.7745
13.6828
13.5922
13.5007
13.4088
13.324
13.2384
13.1519
13.0702
12.992
12.913
12.8356
12.768
12.6996
12.6306
12.5764
12.5233
12.4695
12.431
12.3974
12.3635
12.3494
12.3449
12.3403
12.366
12.4048
12.444
12.537
12.6435
12.7514
12.9971
13.2453
13.5243
13.8821
14.2435
15.7015
17.866
20.0477
22.0651
24.103
)
;
    }
    defaultFaces
    {
        type            empty;
    }
}


// ************************************************************************* //
