/*--------------------------------*- C++ -*----------------------------------*\
| =========                 |                                                 |
| \\      /  F ield         | OpenFOAM: The Open Source CFD Toolbox           |
|  \\    /   O peration     | Version:  2112                                  |
|   \\  /    A nd           | Website:  www.openfoam.com                      |
|    \\/     M anipulation  |                                                 |
\*---------------------------------------------------------------------------*/
FoamFile
{
    version     2.0;
    format      ascii;
    arch        "LSB;label=32;scalar=64";
    class       volVectorField;
    location    "0.2";
    object      flux;
}
// * * * * * * * * * * * * * * * * * * * * * * * * * * * * * * * * * * * * * //

dimensions      [0 1 -1 1 0 0 0];

internalField   nonuniform List<vector> 
1681
(
(2622.2765539 -17.2578723076 0)
(0.00719291195369 -17.2067138454 0)
(0.010569006543 -17.113624958 0)
(0.0122115082697 -16.994840748 0)
(0.0123459057973 -16.8688492478 0)
(0.0114441494 -16.7474293455 0)
(0.00988351101565 -16.6395774156 0)
(0.00808152730665 -16.5494703261 0)
(0.0063241006303 -16.4777437416 0)
(0.00477280714769 -16.4228513855 0)
(0.00349391085438 -16.3821984366 0)
(0.00249209606118 -16.3529167645 0)
(0.00173829518945 -16.3323217353 0)
(0.00118942073411 -16.3181299138 0)
(0.000800544470717 -16.3085209814 0)
(0.000531309861169 -16.3021119061 0)
(0.000348512743941 -16.2978907566 0)
(0.00022642874533 -16.2951394112 0)
(0.000146003795615 -16.293360953 0)
(9.36138739037e-05 -16.2922186673 0)
(5.97915729246e-05 -16.2914883133 0)
(3.81101737784e-05 -16.2910226384 0)
(2.42906222155e-05 -16.2907260008 0)
(1.55293843108e-05 -16.2905367647 0)
(1.00150353512e-05 -16.2904153782 0)
(6.59278169105e-06 -16.2903364443 0)
(4.53840886192e-06 -16.2902835126 0)
(3.41003621214e-06 -16.2902456732 0)
(2.95373515186e-06 -16.2902153152 0)
(3.04628907236e-06 -16.2901866087 0)
(3.66437650497e-06 -16.2901544082 0)
(4.87630758226e-06 -16.2901133524 0)
(6.87149230596e-06 -16.2900569369 0)
(1.00986583522e-05 -16.2899760326 0)
(1.55363787721e-05 -16.2898551522 0)
(2.39802441056e-05 -16.2896652084 0)
(2.94301170275e-05 -16.2893731352 0)
(8.4871041674e-06 -16.2890686746 0)
(-6.33926853571e-06 -16.2892070228 0)
(-8.88217503276e-06 -16.2892115349 0)
(-2622.37069551 -16.2893828311 0)
(2618.83052888 -17.2495587873 0)
(0.021656557967 -17.1977409719 0)
(0.0318056129417 -17.1037519878 0)
(0.0367436337689 -16.983871011 0)
(0.0371363747048 -16.8567931073 0)
(0.0344102170463 -16.734490179 0)
(0.02970829286 -16.625965632 0)
(0.0242852074989 -16.5353766103 0)
(0.0189996874827 -16.4633204107 0)
(0.0143362538419 -16.4082109164 0)
(0.0104930133412 -16.3674192476 0)
(0.00748324420582 -16.3380512854 0)
(0.00521907496624 -16.3174038694 0)
(0.00357073004908 -16.3031809608 0)
(0.00240305705794 -16.2935539756 0)
(0.00159473508737 -16.2871346272 0)
(0.00104598624135 -16.2829077384 0)
(0.000679531990622 -16.2801532361 0)
(0.000438144982609 -16.278373061 0)
(0.000280914058199 -16.2772298467 0)
(0.00017941419891 -16.2764989894 0)
(0.000114352324768 -16.2760330388 0)
(7.28841236588e-05 -16.2757362475 0)
(4.6595136197e-05 -16.2755469241 0)
(3.00490390624e-05 -16.2754254878 0)
(1.97803446107e-05 -16.2753465268 0)
(1.36158163317e-05 -16.2752935832 0)
(1.02294364005e-05 -16.2752557445 0)
(8.85917269802e-06 -16.2752253997 0)
(9.1351167309e-06 -16.2751967209 0)
(1.09868755941e-05 -16.2751645678 0)
(1.46179448857e-05 -16.2751235895 0)
(2.05924715525e-05 -16.2750673125 0)
(3.0258281327e-05 -16.2749866927 0)
(4.66284501253e-05 -16.2748662554 0)
(7.24231561398e-05 -16.2746756473 0)
(8.98766484601e-05 -16.2743758231 0)
(2.4735379557e-05 -16.274050424 0)
(-2.22327937707e-05 -16.2742226341 0)
(-2.62794925507e-05 -16.274252755 0)
(-2619.11358571 -16.2743942465 0)
(2615.38709395 -17.2330126413 0)
(0.0363542718584 -17.1799227333 0)
(0.053342998717 -17.0840691428 0)
(0.0616032843654 -16.9619796151 0)
(0.0622220721969 -16.8327355358 0)
(0.0576096444691 -16.7086651896 0)
(0.0497062247614 -16.5987960749 0)
(0.04061057156 -16.5072447908 0)
(0.0317572393999 -16.4345311775 0)
(0.0239530397651 -16.3789889794 0)
(0.0175258370597 -16.3379211022 0)
(0.0124951717171 -16.3083814687 0)
(0.00871236010757 -16.287629923 0)
(0.00595939949455 -16.2733452831 0)
(0.00400981119455 -16.263682489 0)
(0.00266055728966 -16.2572427896 0)
(0.00174479097061 -16.253004548 0)
(0.00113336422845 -16.2502438119 0)
(0.000730681664865 -16.2484602532 0)
(0.000468428195265 -16.2473152129 0)
(0.000299153150436 -16.2465833681 0)
(0.000190658552038 -16.2461168779 0)
(0.000121513563778 -16.2458197864 0)
(7.76813231569e-05 -16.2456302929 0)
(5.00945099747e-05 -16.2455087597 0)
(3.29737027184e-05 -16.245429746 0)
(2.26948556812e-05 -16.2453767799 0)
(1.70467463499e-05 -16.2453389432 0)
(1.47584548634e-05 -16.245308625 0)
(1.52126537391e-05 -16.2452800022 0)
(1.82906558458e-05 -16.2452479441 0)
(2.43273828025e-05 -16.2452071196 0)
(3.42508653082e-05 -16.2451511061 0)
(5.03100677475e-05 -16.2450709944 0)
(7.77454528056e-05 -16.2449513617 0)
(0.00012206669927 -16.2447600824 0)
(0.000154474770229 -16.244449264 0)
(3.91249191648e-05 -16.2440919136 0)
(-4.68054642626e-05 -16.2443158642 0)
(-4.32046552916e-05 -16.2443865718 0)
(-2615.86096611 -16.2444900788 0)
(2611.9479418 -17.2084038458 0)
(0.0514452576718 -17.1534577217 0)
(0.0753942365887 -17.0547109331 0)
(0.087010355172 -16.9292767386 0)
(0.0877992597999 -16.7967871048 0)
(0.0811981092137 -16.6700626468 0)
(0.069992372625 -16.5581785847 0)
(0.0571381869841 -16.4651880537 0)
(0.0446508497523 -16.3914929003 0)
(0.0336582689099 -16.3353056462 0)
(0.0246145154872 -16.2938266159 0)
(0.0175414800437 -16.2640318289 0)
(0.0122263120881 -16.2431257722 0)
(0.00836021684336 -16.2287497041 0)
(0.00562355576326 -16.2190339889 0)
(0.00373032328376 -16.2125642885 0)
(0.00244578178425 -16.2083093603 0)
(0.00158839094833 -16.205539493 0)
(0.00102386478267 -16.2037509979 0)
(0.000656291092825 -16.2026033053 0)
(0.000419081193945 -16.2018700332 0)
(0.000267068655604 -16.2014027669 0)
(0.000170201117768 -16.2011052458 0)
(0.000108800475053 -16.2009155099 0)
(7.01584223943e-05 -16.2007938392 0)
(4.61763067745e-05 -16.2007147514 0)
(3.17763689777e-05 -16.2006617546 0)
(2.38604196564e-05 -16.2006239228 0)
(2.0647385866e-05 -16.2005936457 0)
(2.12712934927e-05 -16.2005651076 0)
(2.55633859689e-05 -16.2005331928 0)
(3.39855538728e-05 -16.2004925978 0)
(4.78175132442e-05 -16.2004369611 0)
(7.02071425082e-05 -16.200357525 0)
(0.000108810850468 -16.2002389782 0)
(0.000172842707812 -16.2000476265 0)
(0.000223510410242 -16.1997269323 0)
(5.14153346701e-05 -16.19933676 0)
(-8.11644270288e-05 -16.1996142429 0)
(-6.11224128562e-05 -16.1997260672 0)
(-2612.61581038 -16.1998017045 0)
(2608.51472163 -17.1759926655 0)
(0.0670928543991 -17.1185915862 0)
(0.098179195347 -17.015885927 0)
(0.113188050032 -16.8859384854 0)
(0.114064890546 -16.7491158387 0)
(0.105331348485 -16.6188473055 0)
(0.0906811433842 -16.5042806591 0)
(0.0739477084463 -16.4093792219 0)
(0.0577337209042 -16.3343841153 0)
(0.0434862966343 -16.2773444693 0)
(0.031780600519 -16.235323338 0)
(0.0226353404638 -16.2051929219 0)
(0.0157687850603 -16.1840841484 0)
(0.010777756148 -16.169588484 0)
(0.00724689432535 -16.1598037839 0)
(0.00480548301189 -16.1532951369 0)
(0.00314975007522 -16.1490186526 0)
(0.00204503670399 -16.146237058 0)
(0.00131791920322 -16.1444422662 0)
(0.000844621132333 -16.143291217 0)
(0.000539260817147 -16.1425561541 0)
(0.000343616034135 -16.1420879228 0)
(0.000218964981166 -16.1417898721 0)
(0.000139962643698 -16.1415998397 0)
(9.02462004933e-05 -16.1414780025 0)
(5.939063446e-05 -16.1413988263 0)
(4.08605738309e-05 -16.141345795 0)
(3.06685187436e-05 -16.141307974 0)
(2.6521501553e-05 -16.1412777544 0)
(2.7303234175e-05 -16.1412493311 0)
(3.27926137378e-05 -16.1412176088 0)
(4.35737123853e-05 -16.1411773195 0)
(6.12654266425e-05 -16.1411221719 0)
(8.99066661609e-05 -16.1410435696 0)
(0.000139725147735 -16.1409263792 0)
(0.000224475866301 -16.1407357116 0)
(0.000296648081773 -16.1404074599 0)
(6.16628068488e-05 -16.1399868131 0)
(-0.000124666907796 -16.1403143031 0)
(-8.06969797762e-05 -16.1404604247 0)
(-2609.38106055 -16.1405179281 0)
(2605.08902495 -17.1361208839 0)
(0.0834666053598 -17.075632329 0)
(0.121924856755 -16.9678626161 0)
(0.140364372834 -16.832193946 0)
(0.14121749577 -16.6899354692 0)
(0.130165145144 -16.5552288439 0)
(0.111885989343 -16.437315948 0)
(0.0911174957348 -16.3400392606 0)
(0.0710578002697 -16.2634335154 0)
(0.0534704243679 -16.2053408968 0)
(0.0390448249653 -16.1626520881 0)
(0.0277893179788 -16.1321096034 0)
(0.0193471996697 -16.1107528251 0)
(0.013216289743 -16.096111445 0)
(0.0088822251841 -16.0862431003 0)
(0.00588734953915 -16.0796875036 0)
(0.00385739757204 -16.0753852142 0)
(0.00250366822215 -16.0725896981 0)
(0.00161303298898 -16.0707875059 0)
(0.00103351350994 -16.0696325576 0)
(0.00065974002048 -16.0688954419 0)
(0.000420325069127 -16.0684261196 0)
(0.000267817747646 -16.0681274784 0)
(0.000171174395421 -16.0679371199 0)
(0.000110361090482 -16.0678151022 0)
(7.26177939711e-05 -16.0677358329 0)
(4.99468289827e-05 -16.0676827695 0)
(3.74685465203e-05 -16.0676449688 0)
(3.23759772028e-05 -16.0676148255 0)
(3.33004246309e-05 -16.0675865485 0)
(3.99656920842e-05 -16.067555069 0)
(5.30729315955e-05 -16.0675151629 0)
(7.4567508162e-05 -16.0674606179 0)
(0.000109365673089 -16.0673830107 0)
(0.000170382431435 -16.0672674533 0)
(0.000276626566858 -16.0670782661 0)
(0.000373290113406 -16.0667451567 0)
(7.00466983668e-05 -16.0662980107 0)
(-0.000175886746127 -16.066669555 0)
(-0.000101847409298 -16.0668406424 0)
(-2606.15961471 -16.066886969 0)
(2601.67237099 -17.0892105567 0)
(0.100744507953 -17.0249559978 0)
(0.14686687194 -16.9109669239 0)
(0.168773479408 -16.7683224719 0)
(0.169457910971 -16.6195039973 0)
(0.155855252733 -16.4794608232 0)
(0.133719060034 -16.3575436038 0)
(0.108724194973 -16.2574369168 0)
(0.0846733936763 -16.1789197831 0)
(0.0636425820844 -16.1195822251 0)
(0.0464268591976 -16.0761069794 0)
(0.0330151930699 -16.0450810918 0)
(0.0229684167318 -16.0234347024 0)
(0.0156797010948 -16.0086240664 0)
(0.0105316826176 -15.9986591812 0)
(0.00697706025006 -15.9920498123 0)
(0.00456931117958 -15.9877182447 0)
(0.00296457834633 -15.9849071143 0)
(0.00190934729248 -15.9830967375 0)
(0.00122303394438 -15.9819375488 0)
(0.000780548413752 -15.9811982436 0)
(0.000497208724965 -15.9807277825 0)
(0.000316764928381 -15.9804285383 0)
(0.000202437897743 -15.9802378539 0)
(0.000130503598509 -15.9801156603 0)
(8.58571728013e-05 -15.9800363048 0)
(5.90334040195e-05 -15.9799832189 0)
(4.42573194821e-05 -15.9799454527 0)
(3.82055442969e-05 -15.9799154075 0)
(3.92545162255e-05 -15.9798873106 0)
(4.70697369283e-05 -15.9798561255 0)
(6.24639421179e-05 -15.9798166811 0)
(8.7695862451e-05 -15.9797628549 0)
(0.000128539585969 -15.9796864109 0)
(0.000200674068877 -15.9795727754 0)
(0.000328935183133 -15.9793858759 0)
(0.000452699161401 -15.9790507058 0)
(7.6783156378e-05 -15.9785820003 0)
(-0.000233193238281 -15.9789905673 0)
(-0.000124179780572 -15.979177802 0)
(-2602.95431503 -15.97921763 0)
(2598.26619164 -17.0357644734 0)
(0.119115331919 -16.967009002 0)
(0.173251561941 -16.8455816475 0)
(0.198656958147 -16.6946524871 0)
(0.198989825507 -16.5381236951 0)
(0.182557223848 -16.391841239 0)
(0.156290770622 -16.2652693488 0)
(0.126842259876 -16.1618901641 0)
(0.0986287386078 -16.0811732927 0)
(0.0740329851181 -16.0204094644 0)
(0.0539450516318 -15.976037387 0)
(0.0383237733764 -15.9444630015 0)
(0.026638604761 -15.9224898798 0)
(0.0181713939726 -15.9074895812 0)
(0.012197076001 -15.8974173974 0)
(0.0080755368502 -15.8907488616 0)
(0.00528593717404 -15.8863854786 0)
(0.00342796965276 -15.8835576443 0)
(0.00220694607537 -15.8817386822 0)
(0.00141321229603 -15.8805751527 0)
(0.000901693284317 -15.8798336716 0)
(0.000574266124421 -15.8793621169 0)
(0.000365803461496 -15.8790623148 0)
(0.000233749996242 -15.8788713405 0)
(0.000150670910199 -15.8787489979 0)
(9.91060819951e-05 -15.878669577 0)
(6.8117255022e-05 -15.8786164869 0)
(5.10308232437e-05 -15.878578775 0)
(4.40044065222e-05 -15.8785488531 0)
(4.51568202771e-05 -15.878520972 0)
(5.40915898348e-05 -15.8784901345 0)
(7.17270587435e-05 -15.8784512317 0)
(0.000100621535206 -15.8783982435 0)
(0.00014738157671 -15.8783231388 0)
(0.000230489434501 -15.8782117294 0)
(0.000381040480332 -15.8780279288 0)
(0.000534065243859 -15.8776934654 0)
(8.20744029182e-05 -15.8772086788 0)
(-0.000295047084008 -15.8776469556 0)
(-0.00014725994607 -15.8778432775 0)
(-2599.76793563 -15.8778796915 0)
(2594.8718163 -16.9763665218 0)
(0.138781073127 -16.9023082981 0)
(0.201338174912 -16.7721450273 0)
(0.230265069883 -16.6115593866 0)
(0.230020160589 -16.4461400372 0)
(0.210426122007 -16.2927121276 0)
(0.17970927502 -16.1608456694 0)
(0.145543406177 -16.0537668172 0)
(0.112969533613 -15.9705770007 0)
(0.0846697632355 -15.9082184032 0)
(0.0616161517829 -15.8628491216 0)
(0.0437246945128 -15.8306685835 0)
(0.0303631007967 -15.8083369385 0)
(0.0206941975686 -15.7931302841 0)
(0.0138798265289 -15.7829425698 0)
(0.00918344400587 -15.7762111556 0)
(0.0060075546416 -15.7718145204 0)
(0.00389393764086 -15.7689696003 0)
(0.0025058456105 -15.7671421007 0)
(0.00160403605727 -15.7659744117 0)
(0.00102315558762 -15.7652309433 0)
(0.000651480080219 -15.7647584486 0)
(0.000414920194591 -15.7644582009 0)
(0.000265101277785 -15.7642670142 0)
(0.000170856311054 -15.7641445752 0)
(0.000112359384432 -15.7640651257 0)
(7.71937987781e-05 -15.76401206 0)
(5.77840666206e-05 -15.7639744287 0)
(4.9766146478e-05 -15.7639446595 0)
(5.09982401467e-05 -15.7639170326 0)
(6.1017787806e-05 -15.7638865975 0)
(8.08421420295e-05 -15.7638483179 0)
(0.00011331444081 -15.7637962899 0)
(0.000165842402286 -15.7637227086 0)
(0.000259716066761 -15.763613845 0)
(0.00043258797785 -15.7634339562 0)
(0.000616549173538 -15.7631028775 0)
(8.60851305513e-05 -15.7626077199 0)
(-0.000360112987856 -15.7630685621 0)
(-0.000170726964446 -15.7632688562 0)
(-2596.60317044 -15.7633038337 0)
(2591.49045668 -16.911681822 0)
(0.15995963082 -16.8314402318 0)
(0.231401344252 -16.6911482094 0)
(0.263857956164 -16.5194624043 0)
(0.26275927731 -16.3439395035 0)
(0.239616097421 -16.1824581725 0)
(0.204079832697 -16.0446710876 0)
(0.164895993617 -15.9334842633 0)
(0.127738421398 -15.8475664722 0)
(0.095578560926 -15.7834598175 0)
(0.069455015583 -15.7370047496 0)
(0.0492262100019 -15.7041691136 0)
(0.0341462646402 -15.6814533708 0)
(0.023250267721 -15.6660279845 0)
(0.0155809016983 -15.6557194366 0)
(0.0103011467274 -15.6489233785 0)
(0.00673424823144 -15.6444933233 0)
(0.00436245358475 -15.6416317497 0)
(0.00280598379995 -15.6397962758 0)
(0.00179544376892 -15.6386249307 0)
(0.00114488589948 -15.6378798641 0)
(0.000728814621141 -15.6374067069 0)
(0.000464090348584 -15.6371062021 0)
(0.000296475120089 -15.6369149279 0)
(0.000191048597001 -15.6367924748 0)
(0.000125609126739 -15.6367130521 0)
(8.62566712481e-05 -15.6366600509 0)
(6.45109274454e-05 -15.6366225336 0)
(5.54836271123e-05 -15.6365929512 0)
(5.67692234362e-05 -15.6365656199 0)
(6.78345177141e-05 -15.636535644 0)
(8.97885844494e-05 -15.6364980708 0)
(0.00012574339811 -15.6364471281 0)
(0.000183870537166 -15.6363752619 0)
(0.000288239907252 -15.6362692776 0)
(0.000483233994425 -15.6360941133 0)
(0.000699312506201 -15.6357689787 0)
(8.89374812688e-05 -15.635269167 0)
(-0.000427274328761 -15.63574582 0)
(-0.000194314266371 -15.6359466231 0)
(-2593.46262109 -15.635981329 0)
(2588.12319188 -16.8424568328 0)
(0.182887795644 -16.7550586188 0)
(0.26373374042 -16.6031317961 0)
(0.29970681107 -16.4188206756 0)
(0.29742100695 -16.2319465645 0)
(0.27027980518 -16.0615046342 0)
(0.229504056846 -15.9171888383 0)
(0.184964329257 -15.801508644 0)
(0.142974422786 -15.7126293777 0)
(0.106782107749 -15.6466391571 0)
(0.0774742925521 -15.5990233942 0)
(0.0548349702803 -15.5654937626 0)
(0.0379913266156 -15.5423754904 0)
(0.0258409844005 -15.5267239407 0)
(0.0173007477336 -15.5162926005 0)
(0.0114286666767 -15.5094323485 0)
(0.00746588039604 -15.5049701463 0)
(0.00483334713397 -15.5020932735 0)
(0.00310720940667 -15.5002509704 0)
(0.00198731838802 -15.4990768363 0)
(0.00126680035463 -15.4983307858 0)
(0.000806212488436 -15.4978573828 0)
(0.000513275996079 -15.4975568955 0)
(0.00032784674934 -15.4973657118 0)
(0.00021123147873 -15.4972433597 0)
(0.000138844161596 -15.4971640398 0)
(9.52974883323e-05 -15.4971111564 0)
(7.12039965663e-05 -15.4970737951 0)
(6.11488954378e-05 -15.4970444389 0)
(6.24596873539e-05 -15.4970174479 0)
(7.45275905674e-05 -15.4969879902 0)
(9.85453219908e-05 -15.4969512084 0)
(0.00013787623683 -15.4969014789 0)
(0.000201412498474 -15.4968315256 0)
(0.000315945781185 -15.496728765 0)
(0.00053264775979 -15.4965591346 0)
(0.000781538426043 -15.4962423717 0)
(9.07168734374e-05 -15.4957434674 0)
(-0.000495604193549 -15.4962296445 0)
(-0.000217828771605 -15.496428707 0)
(-2590.34878485 -15.4964636634 0)
(2584.77095359 -16.7695196879 0)
(0.207824638165 -16.6738824469 0)
(0.298648932891 -16.5086816826 0)
(0.338095002486 -16.3101286885 0)
(0.334222485602 -16.1106201303 0)
(0.302567642656 -15.9303148921 0)
(0.256079030733 -15.7788852483 0)
(0.205807885735 -15.6583537802 0)
(0.158712318783 -15.5663047507 0)
(0.118299757622 -15.4983160012 0)
(0.085684094466 -15.4494803075 0)
(0.0605557907795 -15.4152292363 0)
(0.0419002290255 -15.3916981123 0)
(0.0284668456914 -15.3758185614 0)
(0.0190392201488 -15.3652662415 0)
(0.0125656375634 -15.3583447364 0)
(0.0082020632204 -15.3538532756 0)
(0.00530628877562 -15.3509634882 0)
(0.00340927124366 -15.3491161498 0)
(0.00217948068017 -15.3479404981 0)
(0.0013887766093 -15.3471943284 0)
(0.000883592678719 -15.3467212506 0)
(0.000562424538141 -15.3464211507 0)
(0.000359182292879 -15.3462302945 0)
(0.000231382995319 -15.3461081952 0)
(0.000152049779335 -15.3460290772 0)
(0.00010430560774 -15.3459763793 0)
(7.78544266819e-05 -15.3459392252 0)
(6.6753073918e-05 -15.3459101404 0)
(6.80589593707e-05 -15.3458835384 0)
(8.1082411654e-05 -15.3458546603 0)
(0.000107090860289 -15.3458187565 0)
(0.000149679962564 -15.3457703703 0)
(0.000218413299885 -15.3457025329 0)
(0.0003427181092 -15.3456033478 0)
(0.000580512657284 -15.3454400528 0)
(0.000862445952276 -15.3451339513 0)
(9.14829229268e-05 -15.3446412497 0)
(-0.000564322258702 -15.3451311265 0)
(-0.000241118039784 -15.3453269869 0)
(-2587.26404261 -15.3453621772 0)
(2581.43451146 -16.6937810018 0)
(0.235055396704 -16.5886934237 0)
(0.336484492103 -16.4084242959 0)
(0.379319121521 -16.1939112377 0)
(0.373383766217 -15.9804496501 0)
(0.336626781589 -15.7893878005 0)
(0.283896279244 -15.6302880159 0)
(0.227480428772 -15.5045800364 0)
(0.174981978587 -15.4091821969 0)
(0.130146996388 -15.339103468 0)
(0.0940916455124 -15.2890063958 0)
(0.0663914093139 -15.254019368 0)
(0.0458734615962 -15.2300741827 0)
(0.0311273585614 -15.2139710556 0)
(0.0207955127327 -15.2033037766 0)
(0.0137112598663 -15.1963267295 0)
(0.00894213003679 -15.1918106885 0)
(0.00578077228879 -15.1889115104 0)
(0.00371180743213 -15.1870616458 0)
(0.00237168267585 -15.1858861925 0)
(0.00151064986434 -15.1851410428 0)
(0.000960848012977 -15.1846690306 0)
(0.000611467217384 -15.1843697923 0)
(0.000390437863841 -15.1841795649 0)
(0.000251474934476 -15.1840579105 0)
(0.000165207337239 -15.1839791186 0)
(0.000113267891928 -15.1839266898 0)
(8.44517714367e-05 -15.1838898042 0)
(7.22862596615e-05 -15.1838610428 0)
(7.35557137393e-05 -15.1838348825 0)
(8.74839603535e-05 -15.1838066481 0)
(0.000115403323483 -15.1837717107 0)
(0.000161120963124 -15.1837247998 0)
(0.00023481699238 -15.1836592843 0)
(0.000368441792976 -15.1835640299 0)
(0.000626527063822 -15.1834078587 0)
(0.000941299046262 -15.1831145682 0)
(9.12818329641e-05 -15.1826330293 0)
(-0.000632751626703 -15.1831211915 0)
(-0.000264038920473 -15.183312825 0)
(-2584.21064701 -15.1833477691 0)
(2578.1144587 -16.6162353804 0)
(0.264895979343 -16.5003334951 0)
(0.377605370078 -16.3030212763 0)
(0.423689931652 -16.0707179329 0)
(0.415127173046 -15.8419509793 0)
(0.3725999695 -15.6392549835 0)
(0.313040583557 -15.4719645148 0)
(0.250029049529 -15.3407932371 0)
(0.191807632473 -15.2419011621 0)
(0.142334917849 -15.16966768 0)
(0.102700914467 -15.1182877966 0)
(0.0723422333896 -15.0825647567 0)
(0.0499098914911 -15.0582144504 0)
(0.0338209269217 -15.0418991205 0)
(0.0225680853706 -15.0311275546 0)
(0.0148642551777 -15.024103728 0)
(0.00968510703594 -15.019569751 0)
(0.00625609732486 -15.0166659523 0)
(0.00401433482362 -15.0148168508 0)
(0.00256360127227 -15.0136437959 0)
(0.00163220899315 -15.0129011039 0)
(0.00103784278109 -15.0124310811 0)
(0.000660317671199 -15.0121332915 0)
(0.000421558659205 -15.0119440644 0)
(0.000271472272044 -15.0118230903 0)
(0.000178293906532 -15.011744776 0)
(0.000122168475626 -15.0116927174 0)
(9.09838339258e-05 -15.0116561727 0)
(7.77374214428e-05 -15.0116277937 0)
(7.89379039755e-05 -15.0116021325 0)
(9.37167618187e-05 -15.0115746088 0)
(0.000123460525941 -15.0115407279 0)
(0.000172165254233 -15.0114954252 0)
(0.000250567263837 -15.011432439 0)
(0.000393003217623 -15.0113414698 0)
(0.000670405000082 -15.0111931913 0)
(0.00101741183501 -15.0109147216 0)
(9.0158267868e-05 -15.0104489314 0)
(-0.000700281383845 -15.0109303021 0)
(-0.000286433553632 -15.0111168557 0)
(-2581.1907105 -15.0111506754 0)
(2574.81119768 -16.5379638623 0)
(0.297698217527 -16.4097023896 0)
(0.422407604555 -16.193163567 0)
(0.471533180915 -15.9411172581 0)
(0.459676356089 -15.6956620761 0)
(0.410624074494 -15.480478145 0)
(0.343588628525 -15.304520186 0)
(0.273493099301 -15.1676436894 0)
(0.209207090013 -15.0651503014 0)
(0.15486966949 -14.990727322 0)
(0.111512230175 -14.9380655386 0)
(0.07840607856 -14.9016224818 0)
(0.0540065888336 -14.8768872078 0)
(0.0365447377165 -14.8603786939 0)
(0.0243545912321 -14.8495186121 0)
(0.016022820581 -14.8424601003 0)
(0.0104296851739 -14.83791697 0)
(0.00673135233741 -14.8350146719 0)
(0.00431623870541 -14.8331704663 0)
(0.00275483205104 -14.8320025313 0)
(0.0017531928212 -14.8312640555 0)
(0.00111441048939 -14.8307971431 0)
(0.000708870555163 -14.8305015107 0)
(0.000452478108894 -14.8303137302 0)
(0.000291332631744 -14.8301937186 0)
(0.000191281916184 -14.8301160627 0)
(0.000130988539572 -14.830064494 0)
(9.74365150987e-05 -14.8300283746 0)
(8.30942962649e-05 -14.8300004448 0)
(8.41927030908e-05 -14.8299753452 0)
(9.97648839338e-05 -14.8299486021 0)
(0.000131240034901 -14.8299158695 0)
(0.00018277875377 -14.8298723084 0)
(0.000265608068559 -14.829812058 0)
(0.000416291323825 -14.8297257233 0)
(0.000711876697834 -14.8295860805 0)
(0.00109015102667 -14.8293243026 0)
(8.81657455827e-05 -14.8288784579 0)
(-0.00076633647837 -14.8293482176 0)
(-0.00030811358889 -14.8295288244 0)
(-2578.20619351 -14.8295603088 0)
(2571.52492545 -16.4601375398 0)
(0.333856038401 -16.3177551921 0)
(0.471322396378 -16.079564824 0)
(0.523190229829 -15.8056901491 0)
(0.507254995671 -15.5421385589 0)
(0.450828347528 -15.3136464321 0)
(0.375607474674 -15.1285970481 0)
(0.297903026444 -14.9858253258 0)
(0.227190905939 -14.8796669531 0)
(0.16775187041 -14.8030532859 0)
(0.120521882516 -14.7491352733 0)
(0.0845778995522 -14.712005877 0)
(0.0581586490743 -14.6869180831 0)
(0.0392946460624 -14.6702437511 0)
(0.026151804083 -14.6593164681 0)
(0.0171845835926 -14.6522389739 0)
(0.0111741927115 -14.6476977794 0)
(0.00720539807777 -14.6448045554 0)
(0.00461676296071 -14.6429702813 0)
(0.00294488341859 -14.6418107446 0)
(0.00187328662672 -14.6410785856 0)
(0.00119035175126 -14.6406161142 0)
(0.000757000244899 -14.6403234763 0)
(0.000483117069809 -14.6401376686 0)
(0.00031100577883 -14.6400189514 0)
(0.000204138839493 -14.639942166 0)
(0.000139706093352 -14.6398912266 0)
(0.000103793668247 -14.6398556298 0)
(8.83432942274e-05 -14.6398282243 0)
(8.93064364557e-05 -14.6398037543 0)
(0.000105611912739 -14.6397778652 0)
(0.000138719261989 -14.639746374 0)
(0.000192927555473 -14.6397046877 0)
(0.000279884282506 -14.6396473767 0)
(0.00043819871815 -14.6395660163 0)
(0.000750689158758 -14.6394357194 0)
(0.00115893635239 -14.6391923662 0)
(8.53752610936e-05 -14.6387702756 0)
(-0.000830354681619 -14.6392237841 0)
(-0.000328851801256 -14.6393974419 0)
(-2575.25889267 -14.6394251133 0)
(2568.25561914 -16.3840226298 0)
(0.373812760701 -16.2254999084 0)
(0.524820613153 -15.9629539905 0)
(0.579018433927 -15.6650230209 0)
(0.558085099492 -15.3819491313 0)
(0.493332376659 -15.1393738686 0)
(0.409152849768 -14.9448723232 0)
(0.323279118289 -14.7960749486 0)
(0.245761497992 -14.6862366849 0)
(0.180976005457 -14.6074683607 0)
(0.129721711974 -14.5523470316 0)
(0.0908495165983 -14.5145843129 0)
(0.0623590140011 -14.4891898291 0)
(0.0420650607236 -14.4723860899 0)
(0.0279555466771 -14.4614189013 0)
(0.0183465583142 -14.4543420035 0)
(0.0119165688651 -14.4498163013 0)
(0.00767685195609 -14.4469412718 0)
(0.00491500086228 -14.4451229236 0)
(0.00313317119271 -14.443975653 0)
(0.0019921189195 -14.443252272 0)
(0.0012654323478 -14.4427957931 0)
(0.000804559665872 -14.442507123 0)
(0.000513383089874 -14.4423238981 0)
(0.000330433154099 -14.4422068595 0)
(0.00021682688342 -14.4421311897 0)
(0.000148295780855 -14.4420810401 0)
(0.000110036961589 -14.4420460767 0)
(9.34693973256e-05 -14.4420192797 0)
(9.42645242689e-05 -14.4419955128 0)
(0.000111240938934 -14.4419705548 0)
(0.000145875542279 -14.4419403996 0)
(0.000202578224825 -14.44190072 0)
(0.000293342349614 -14.441846547 0)
(0.000458622777644 -14.4417704868 0)
(0.000786606722491 -14.4416502069 0)
(0.0012232397803 -14.4414268743 0)
(8.18821520612e-05 -14.4410319687 0)
(-0.000891769738395 -14.4414646938 0)
(-0.000348379430364 -14.4416301938 0)
(-2572.350429 -14.4416523751 0)
(2565.00302095 -16.3109873125 0)
(0.418069766252 -16.1339949333 0)
(0.583417773868 -15.8440668257 0)
(0.639391201669 -15.5197001584 0)
(0.612384826129 -15.2156708712 0)
(0.538243709143 -14.9582968569 0)
(0.444267258669 -14.7540571572 0)
(0.349630154101 -14.5991715316 0)
(0.264912223532 -14.4856928542 0)
(0.194529801076 -14.4048469009 0)
(0.139098692067 -14.348604931 0)
(0.0972093400487 -14.3102829112 0)
(0.0665982936749 -14.2846420281 0)
(0.0448488316173 -14.2677550208 0)
(0.0297606213591 -14.2567816253 0)
(0.0195051035969 -14.2497290328 0)
(0.0126543390617 -14.2452349961 0)
(0.00814407362061 -14.2423889149 0)
(0.00520988671403 -14.2405934952 0)
(0.00331901374417 -14.2394629763 0)
(0.0021092586101 -14.2387512118 0)
(0.00133938154079 -14.2383025077 0)
(0.000851379248923 -14.2380189202 0)
(0.000543169769569 -14.2378389757 0)
(0.000349547458941 -14.2377240546 0)
(0.000229302721786 -14.2376497799 0)
(0.000156728692582 -14.2376006027 0)
(0.000116145756626 -14.2375663977 0)
(9.84560725141e-05 -14.2375403026 0)
(9.90514170172e-05 -14.2375173187 0)
(0.000116634551199 -14.2374933724 0)
(0.000152686216833 -14.2374646494 0)
(0.000211698079817 -14.2374271066 0)
(0.000305930925023 -14.2373762631 0)
(0.000477466733568 -14.2373058109 0)
(0.000819411655542 -14.2371961734 0)
(0.0012825840017 -14.2369943207 0)
(7.78113539429e-05 -14.2366296696 0)
(-0.00094999970448 -14.2370371253 0)
(-0.000366388048741 -14.2371930187 0)
(-2569.48223615 -14.2372079 0)
(2561.76662269 -16.2425107175 0)
(0.467196858059 -16.0443462846 0)
(0.647679568118 -15.7236361009 0)
(0.704697624827 -15.3702953608 0)
(0.670365759799 -15.0438843708 0)
(0.585655119448 -14.7710717338 0)
(0.480977914822 -14.5568953918 0)
(0.37695197889 -14.3959355156 0)
(0.284626424148 -14.2789161021 0)
(0.2083935901 -14.1961143819 0)
(0.148634509907 -14.1388667354 0)
(0.103642097173 -14.1000820855 0)
(0.0708645920896 -14.0742706069 0)
(0.0476371412894 -14.0573568546 0)
(0.0315607442724 -14.0464177515 0)
(0.020655884148 -14.0394175377 0)
(0.013384592436 -14.0349740913 0)
(0.00860515213132 -14.0321694217 0)
(0.00550018859349 -14.0304049836 0)
(0.00350162788279 -14.0292963429 0)
(0.00222421262222 -14.0285994242 0)
(0.00141189066143 -14.0281605155 0)
(0.000897266082258 -14.0278832716 0)
(0.000572356215877 -14.0277073954 0)
(0.000368272311956 -14.0275950872 0)
(0.000241517266846 -14.0275225228 0)
(0.000164972218208 -14.0274745233 0)
(0.000122096989076 -14.0274412167 0)
(0.000103285189967 -14.0274159267 0)
(0.000103650546209 -14.0273938123 0)
(0.000121774812313 -14.0273709625 0)
(0.000159128706235 -14.0273437688 0)
(0.000220255470895 -14.0273084906 0)
(0.000317601489843 -14.0272611591 0)
(0.000494640719882 -14.0271966005 0)
(0.000848904759346 -14.0270981789 0)
(0.00133654055058 -14.0269191289 0)
(7.33212426711e-05 -14.0265874601 0)
(-0.00100443957335 -14.0269651546 0)
(-0.000382534382439 -14.027109749 0)
(-2566.65554881 -14.0271154513 0)
(2558.54564954 -16.1801945176 0)
(0.52184468957 -15.9577043994 0)
(0.718227958642 -15.6023801004 0)
(0.775341547691 -15.2173627163 0)
(0.732229551514 -14.8671687161 0)
(0.635641504948 -14.5783723581 0)
(0.519294502315 -14.3541623313 0)
(0.405226012041 -14.1872280123 0)
(0.304876450264 -14.0668336794 0)
(0.222539674408 -13.9822467305 0)
(0.158305151351 -13.9241431493 0)
(0.110128565748 -13.8850167883 0)
(0.0751433398501 -13.859127036 0)
(0.050419402692 -13.8422540605 0)
(0.0333484847561 -13.8313969129 0)
(0.0217938356381 -13.8244817232 0)
(0.0141039622504 -13.8201106586 0)
(0.00905789517879 -13.8173616353 0)
(0.00578450247536 -13.815637315 0)
(0.00368012562221 -13.8145563382 0)
(0.00233642408854 -13.8138778943 0)
(0.00148261206242 -13.8134510452 0)
(0.000942003268341 -13.8131815552 0)
(0.000600806640803 -13.8130106279 0)
(0.000386521982677 -13.8129014857 0)
(0.0002534154919 -13.8128309834 0)
(0.000172989911777 -13.8127843905 0)
(0.000127865084845 -13.8127521374 0)
(0.000107936946518 -13.812727766 0)
(0.000108044266476 -13.8127066143 0)
(0.000126643248274 -13.8126849497 0)
(0.000165180588164 -13.8126593842 0)
(0.000228220033943 -13.812626495 0)
(0.000328308947114 -13.8125828469 0)
(0.000510062767407 -13.8125244415 0)
(0.000874905974972 -13.8124377517 0)
(0.00138472775838 -13.8122826905 0)
(6.86062190541e-05 -13.8119864113 0)
(-0.00105445748423 -13.8123298058 0)
(-0.000396447385963 -13.8124611831 0)
(-2563.87139111 -13.8124558184 0)
(2555.3390429 -16.1257777032 0)
(0.582759741486 -15.8752602037 0)
(0.795747904741 -15.4809889643 0)
(0.851739901703 -15.0614263765 0)
(0.798163831433 -14.686096298 0)
(0.6882563964 -14.3808876987 0)
(0.559206783992 -14.1466634331 0)
(0.434417709275 -13.9739498163 0)
(0.325622680503 -13.8504184867 0)
(0.236931696121 -13.7642693005 0)
(0.168080498343 -13.7054967101 0)
(0.116645319827 -13.666175322 0)
(0.079417137641 -13.6403170699 0)
(0.0531831659062 -13.6235639472 0)
(0.0351152117363 -13.6128438996 0)
(0.0229131350094 -13.6060511255 0)
(0.0148086100238 -13.6017771913 0)
(0.00949982084852 -13.5990998658 0)
(0.0060612480185 -13.5974259051 0)
(0.00385351203459 -13.5963790464 0)
(0.00244527121484 -13.5957231113 0)
(0.00155115848091 -13.5953108321 0)
(0.000985349541476 -13.5950506571 0)
(0.000628370119477 -13.5948856525 0)
(0.000404201222329 -13.5947802878 0)
(0.000264936304149 -13.5947122364 0)
(0.000180741404079 -13.5946673027 0)
(0.000133421880967 -13.5946362741 0)
(0.000112389819069 -13.5946129452 0)
(0.000112213811223 -13.5945928563 0)
(0.000131220827848 -13.5945724703 0)
(0.000170819649007 -13.5945486328 0)
(0.000235562940867 -13.5945182535 0)
(0.000338012182633 -13.5944784475 0)
(0.000523659745106 -13.5944264253 0)
(0.000897254964799 -13.59435192 0)
(0.00142680863886 -13.5942218969 0)
(6.38981760948e-05 -13.5939631154 0)
(-0.00109939393512 -13.5942675932 0)
(-0.000407736897214 -13.5943836457 0)
(-2561.13056541 -13.594365372 0)
(2552.14544196 -16.0811552564 0)
(0.650802437353 -15.7982400607 0)
(0.880994724089 -15.3601082979 0)
(0.934320080951 -14.9029691987 0)
(0.868337287072 -14.5012274644 0)
(0.743528077913 -14.1793193925 0)
(0.600682078804 -13.9352328379 0)
(0.464475001322 -13.7570401107 0)
(0.346812553409 -13.6306876956 0)
(0.251524029739 -13.5432553533 0)
(0.177923947056 -13.4840401302 0)
(0.123164493772 -13.4446975621 0)
(0.0836656148118 -13.4189988727 0)
(0.0559140367537 -13.4024567116 0)
(0.0368510490938 -13.3919366495 0)
(0.0240071772969 -13.3853085594 0)
(0.0154942141904 -13.3811595227 0)
(0.00992815242768 -13.3785717885 0)
(0.00632866636525 -13.3769595427 0)
(0.00402068437746 -13.3759539272 0)
(0.00255006694695 -13.3753249394 0)
(0.00161710290023 -13.3749299855 0)
(0.00102703918919 -13.3746808369 0)
(0.000654880514369 -13.3745228217 0)
(0.000421205205356 -13.3744219044 0)
(0.000276012498634 -13.3743567298 0)
(0.000188182362983 -13.374313732 0)
(0.000138736590065 -13.3742841144 0)
(0.000116620505166 -13.3742619625 0)
(0.000116139255973 -13.3742430439 0)
(0.000135487945693 -13.3742240341 0)
(0.000176023938984 -13.374202026 0)
(0.000242257109223 -13.3741742733 0)
(0.000346674597006 -13.3741384537 0)
(0.000535368257808 -13.3740930112 0)
(0.000915811639738 -13.374031075 0)
(0.00146248867411 -13.3739270029 0)
(5.94669677551e-05 -13.3737075511 0)
(-0.00113856353123 -13.373968394 0)
(-0.000416003156406 -13.3740668754 0)
(-2558.43364131 -13.3740339444 0)
(2548.96316384 -16.0484016358 0)
(0.726969133184 -15.7278990536 0)
(0.974802077134 -15.2403193369 0)
(1.0235160684 -14.742420145 0)
(0.942893792671 -14.3131050455 0)
(0.801455321703 -13.9743792411 0)
(0.643662640352 -13.7207316499 0)
(0.495326737719 -13.5374747425 0)
(0.368379631992 -13.4087008097 0)
(0.266261209211 -13.320323889 0)
(0.187792056586 -13.2609339313 0)
(0.129653571328 -13.2217724307 0)
(0.0878653077301 -13.1963803648 0)
(0.0585956105479 -13.1801526895 0)
(0.0385448421793 -13.1699034265 0)
(0.0250685603669 -13.163487246 0)
(0.0161559642079 -13.1594939176 0)
(0.0103398168461 -13.1570155118 0)
(0.00658482027594 -13.1554774432 0)
(0.00418043269642 -13.1545208589 0)
(0.00265005955432 -13.1539236545 0)
(0.00167997897001 -13.1535490223 0)
(0.00106678231042 -13.1533127587 0)
(0.000680156629848 -13.1531628909 0)
(0.000437419598734 -13.1530671484 0)
(0.000286570783777 -13.153005313 0)
(0.00019526448757 -13.1529645513 0)
(0.000143775785133 -13.152936547 0)
(0.000120603917855 -13.1529157172 0)
(0.00011979948821 -13.1528980836 0)
(0.000139424400787 -13.1528805525 0)
(0.000180771801755 -13.1528604764 0)
(0.000248277393846 -13.1528354627 0)
(0.000354264602295 -13.1528037582 0)
(0.000545135490857 -13.1527650552 0)
(0.000930456626756 -13.1527159993 0)
(0.0014915134259 -13.1526386552 0)
(5.56199663164e-05 -13.1524601138 0)
(-0.00117125878951 -13.1526724859 0)
(-0.000420846976838 -13.1527510735 0)
(-2555.78094525 -13.1527018718 0)
(2545.79018183 -16.0298002365 0)
(0.812418897116 -15.6655118698 0)
(1.07809050582 -15.1221147889 0)
(1.11976293925 -14.5801403616 0)
(1.02194546784 -14.1222488225 0)
(0.862002757025 -13.7667866215 0)
(0.688062978536 -13.5040458737 0)
(0.526881169368 -13.3162639374 0)
(0.390242724094 -13.1855570198 0)
(0.281077405413 -13.0966366772 0)
(0.197634238729 -13.0373832121 0)
(0.136075207077 -12.9986344592 0)
(0.0919895630445 -12.9737156283 0)
(0.0612094244116 -12.9579186418 0)
(0.0401841377891 -12.9480190217 0)
(0.026089079072 -12.9418669528 0)
(0.0167885610354 -12.9380631717 0)
(0.0107314473014 -12.935715649 0)
(0.00682759695526 -12.9342653026 0)
(0.0043314421188 -12.9333661809 0)
(0.00274443425834 -12.9328059809 0)
(0.0017392820637 -12.9324548986 0)
(0.00110426546468 -12.9322335205 0)
(0.000704002586515 -12.9320930463 0)
(0.000452720784159 -12.9320032612 0)
(0.000296531903637 -12.9319452632 0)
(0.000201935577448 -12.9319070609 0)
(0.000148503425201 -12.9318808873 0)
(0.000124313178133 -12.9318615352 0)
(0.000123172188641 -12.9318453087 0)
(0.000143009382914 -12.9318293634 0)
(0.000185041894828 -12.9318113234 0)
(0.000253600745705 -12.9317891565 0)
(0.000360756092106 -12.9317616788 0)
(0.000552920033915 -12.9317298351 0)
(0.000941091638928 -12.9316938927 0)
(0.00151366579132 -12.9316439194 0)
(5.27008309647e-05 -12.9315076464 0)
(-0.00119675548001 -12.9316665812 0)
(-0.000421880339519 -12.9317229465 0)
(-2553.17255072 -12.9316560321 0)
(2542.62410142 -16.0278803226 0)
(0.908506222709 -15.6123602884 0)
(1.19187637878 -15.0058692757 0)
(1.22348926169 -14.4164079342 0)
(1.10556454069 -13.9291500631 0)
(0.92509591146 -13.557265798 0)
(0.733767177153 -13.2860839133 0)
(0.55902450851 -13.0944493304 0)
(0.412305084035 -12.9623917123 0)
(0.295895970745 -12.8733943362 0)
(0.207392500191 -12.8146333971 0)
(0.142387088094 -12.7765592846 0)
(0.096008471212 -12.7523002126 0)
(0.0637349318631 -12.7370629203 0)
(0.0417551799794 -12.7275998178 0)
(0.0270597303634 -12.7217689882 0)
(0.0173862249603 -12.7181915586 0)
(0.011099390668 -12.7159982348 0)
(0.00705471390985 -12.7146501938 0)
(0.00447229704282 -12.7138175786 0)
(0.00283231601519 -12.7132999673 0)
(0.00179447105115 -12.7129758819 0)
(0.00113915275932 -12.7127715234 0)
(0.000726208470728 -12.7126417723 0)
(0.000466976233082 -12.71255878 0)
(0.000305810855705 -12.7125051509 0)
(0.000208139656793 -12.7124698534 0)
(0.000152880928583 -12.7124457429 0)
(0.000127719643401 -12.7124280341 0)
(0.00012623383799 -12.7124133439 0)
(0.000146221448855 -12.7123990964 0)
(0.000188813194909 -12.7123831983 0)
(0.000258206331503 -12.712363981 0)
(0.000366128874785 -12.7123408239 0)
(0.00055869269763 -12.7123159161 0)
(0.000947639766433 -12.7122932373 0)
(0.00152876269328 -12.7122711458 0)
(5.10876086966e-05 -12.7121783116 0)
(-0.00121431880884 -12.7122786985 0)
(-0.00041873716079 -12.7123105819 0)
(-2550.60826945 -12.7122247159 0)
(2539.4621337 -16.0454633617 0)
(1.01682110649 -15.5697159237 0)
(1.31728097666 -14.8918030599 0)
(1.33510678178 -14.2514014233 0)
(1.19377389507 -13.7342663129 0)
(0.99061598698 -13.3465431374 0)
(0.780626272064 -13.0677735484 0)
(0.591619609572 -12.8731001889 0)
(0.434453722923 -12.7403719986 0)
(0.310629068452 -12.651831327 0)
(0.217001249063 -12.5939648283 0)
(0.148541843969 -12.5568579397 0)
(0.0998888358924 -12.5334652015 0)
(0.066149503376 -12.5189293714 0)
(0.0432429242111 -12.5099975772 0)
(0.0279707309091 -12.5045499101 0)
(0.0179427117099 -12.5012384852 0)
(0.0114397202625 -12.4992243459 0)
(0.00726372819808 -12.497994166 0)
(0.00460148741391 -12.4972376686 0)
(0.00291277359577 -12.4967685648 0)
(0.00184497084281 -12.4964751235 0)
(0.0011710873971 -12.4962900412 0)
(0.00074655126882 -12.4961724185 0)
(0.00048004506333 -12.4960971029 0)
(0.000314317230383 -12.4960484057 0)
(0.000213817179148 -12.4960163789 0)
(0.000156867282532 -12.4959945775 0)
(0.000130792968597 -12.4959786875 0)
(0.000128959723643 -12.4959656697 0)
(0.000149038513724 -12.4959532367 0)
(0.000192064977626 -12.4959395878 0)
(0.000262075619745 -12.4959234188 0)
(0.000370369086779 -12.4959046574 0)
(0.000562437345661 -12.4958867153 0)
(0.000950045686498 -12.4958773619 0)
(0.0015366509376 -12.4958835349 0)
(5.11902931851e-05 -12.495835166 0)
(-0.00122320953183 -12.4958717328 0)
(-0.000411083817537 -12.4958770158 0)
(-2548.08764366 -12.4957711962 0)
(2536.30106556 -16.085721265 0)
(1.13923828306 -15.5388163913 0)
(1.45553927885 -14.7799374453 0)
(1.4549966111 -14.0851824561 0)
(1.28653619787 -13.5380167205 0)
(1.05839446435 -13.1353442454 0)
(0.828455766861 -12.8500583142 0)
(0.624504818475 -12.6533087302 0)
(0.456558856406 -12.5206911558 0)
(0.325177404791 -12.4332097483 0)
(0.226387177653 -12.3766860871 0)
(0.154487013458 -12.340869825 0)
(0.103594184865 -12.3185699268 0)
(0.0684284567271 -12.3048898641 0)
(0.0446310722454 -12.2965918396 0)
(0.028811548758 -12.2915938343 0)
(0.0184513378038 -12.2885907416 0)
(0.0117482545183 -12.2867823129 0)
(0.00745204936384 -12.2856864326 0)
(0.00471741728448 -12.285016172 0)
(0.00298482503486 -12.2846017906 0)
(0.00189017577696 -12.2843428171 0)
(0.00119969374973 -12.2841793753 0)
(0.000764796112193 -12.2840753543 0)
(0.000491778799249 -12.2840086423 0)
(0.000321955662006 -12.2839654681 0)
(0.000218905297367 -12.2839370964 0)
(0.000160419217231 -12.2839178628 0)
(0.000133501200682 -12.2839039757 0)
(0.00013132398561 -12.2838927731 0)
(0.000151437836092 -12.2838822759 0)
(0.000194776786631 -12.2838709855 0)
(0.000265192415184 -12.2838579589 0)
(0.000373469566778 -12.2838436495 0)
(0.000564151788483 -12.2838326534 0)
(0.000948275852651 -12.2838365923 0)
(0.00153720188388 -12.2838712881 0)
(5.3448015296e-05 -12.2838683242 0)
(-0.00122268876625 -12.2838356096 0)
(-0.000398629828861 -12.2838123758 0)
(-2545.60993981 -12.2836858817 0)
(2533.13722617 -16.15224978 0)
(1.27797787043 -15.5208324055 0)
(1.60800776369 -14.67003989 0)
(1.58349092673 -13.9176779025 0)
(1.38374153721 -13.3407782755 0)
(1.12820766825 -12.9243910666 0)
(0.877033375109 -12.6338932294 0)
(0.65749304126 -12.4361844531 0)
(0.478473519301 -12.3045618974 0)
(0.339430082193 -12.2188118533 0)
(0.235469233729 -12.1641259663 0)
(0.160165076026 -12.1299542828 0)
(0.10708482807 -12.1089932526 0)
(0.0705451208099 -12.0963353665 0)
(0.04590213016 -12.088780854 0)
(0.0295709505099 -12.0843032692 0)
(0.0189050159977 -12.0816532712 0)
(0.012020582067 -12.0800784502 0)
(0.00761695637025 -12.0791340754 0)
(0.0048184158113 -12.0785606032 0)
(0.00304744457748 -12.0782074076 0)
(0.00192945390699 -12.0779868726 0)
(0.00122457995091 -12.0778475255 0)
(0.000780697857326 -12.077758636 0)
(0.000502022320522 -12.077701491 0)
(0.00032862641672 -12.0776644548 0)
(0.000223338232027 -12.0776401388 0)
(0.000163491428261 -12.0776237426 0)
(0.000135810912273 -12.0776120505 0)
(0.000133299674007 -12.0776028118 0)
(0.000153396022097 -12.0775943763 0)
(0.000196928375743 -12.0775855558 0)
(0.000267542827841 -12.0775757621 0)
(0.000375430197998 -12.0775659419 0)
(0.000563848779982 -12.0775618189 0)
(0.00094231874406 -12.077578915 0)
(0.001530304563 -12.0776422716 0)
(5.83259898462e-05 -12.0776856404 0)
(-0.00121201984295 -12.0775779503 0)
(-0.000381138229259 -12.0775245218 0)
(-2543.17414401 -12.077376979 0)
(2529.96644912 -16.2491612643 0)
(1.43568026106 -15.5168224097 0)
(1.77617017945 -14.5615564428 0)
(1.72084893399 -13.748662525 0)
(1.48519356506 -13.1428834544 0)
(1.19977147358 -12.7143990023 0)
(0.926097089552 -12.4202398404 0)
(0.690371084875 -12.2228474391 0)
(0.500033376368 -12.0932084303 0)
(0.353264591005 -12.0099312495 0)
(0.244158691756 -11.9576240603 0)
(0.165513556202 -11.9254807433 0)
(0.11031796812 -11.9061233999 0)
(0.0724709364471 -11.8946655424 0)
(0.0470374917097 -11.8879710171 0)
(0.030237065321 -11.8840884483 0)
(0.0192963016106 -11.881838435 0)
(0.0122520936813 -11.8805262764 0)
(0.00775561875316 -11.8797512383 0)
(0.00490275082664 -11.8792854473 0)
(0.00309957115357 -11.8790000921 0)
(0.00196215220645 -11.8788220779 0)
(0.00124534108343 -11.8787093479 0)
(0.000794003006615 -11.878637163 0)
(0.00051061504221 -11.8785905772 0)
(0.000334226115353 -11.8785603131 0)
(0.000227047724467 -11.8785404663 0)
(0.000166036862074 -11.8785271864 0)
(0.000137687374023 -11.8785178881 0)
(0.000134858839703 -11.878510767 0)
(0.000154889025006 -11.8785045232 0)
(0.000198499629737 -11.8784982863 0)
(0.000269115201976 -11.8784918128 0)
(0.000376258203648 -11.8784865008 0)
(0.000561557157527 -11.8784891218 0)
(0.000932185305584 -11.8785191288 0)
(0.00151585679972 -11.8786111664 0)
(6.63122768302e-05 -11.8787018823 0)
(-0.00119046504132 -11.8785132249 0)
(-0.000358435573611 -11.8784281552 0)
(-2540.77895951 -11.878259645 0)
(2526.78402944 -16.3812023599 0)
(1.61549883473 -15.5276700898 0)
(1.96163974062 -14.453528601 0)
(1.86722552441 -13.5777435079 0)
(1.59059424175 -12.9446198974 0)
(1.27273639104 -12.5060741142 0)
(0.975343687759 -12.2100605789 0)
(0.722899323276 -12.014420617 0)
(0.521056757219 -11.8878573018 0)
(0.3665469562 -11.807862794 0)
(0.25235933497 -11.7585199891 0)
(0.170465208098 -11.7288174638 0)
(0.113247868246 -11.7113463369 0)
(0.0741755973829 -11.7012768944 0)
(0.0480175489913 -11.695564848 0)
(0.0307974669164 -11.6923551926 0)
(0.019617450377 -11.6905538021 0)
(0.0124380214081 -11.6895342592 0)
(0.00786512217929 -11.6889468449 0)
(0.00496864505735 -11.6885998604 0)
(0.00314011847011 -11.6883891237 0)
(0.00198760275094 -11.6882577827 0)
(0.00126156292183 -11.6881742355 0)
(0.000804451993924 -11.6881203568 0)
(0.00051739230208 -11.6880853414 0)
(0.000338648599195 -11.688062497 0)
(0.000229963581137 -11.6880475423 0)
(0.000168007065461 -11.6880376641 0)
(0.000139094779787 -11.6880309636 0)
(0.000135972650484 -11.6880261184 0)
(0.000155892165839 -11.6880222 0)
(0.000199470461821 -11.6880186627 0)
(0.000269899932238 -11.6880155948 0)
(0.000375968384548 -11.6880147927 0)
(0.000557323182308 -11.6880239695 0)
(0.000917909823643 -11.6880665178 0)
(0.0014937538498 -11.6881871385 0)
(7.79143071795e-05 -11.6883264313 0)
(-0.00115727441103 -11.6880504257 0)
(-0.00033042226134 -11.6879324221 0)
(-2538.42280645 -11.6877436587 0)
(2523.58467463 -16.5539037836 0)
(1.82121501285 -15.5539984027 0)
(2.16615549584 -14.3444910754 0)
(2.02263067469 -13.4043489937 0)
(1.6995274438 -12.7462328589 0)
(1.3466833373 -12.3001104754 0)
(1.024427789 -12.0043124597 0)
(0.754811740281 -11.8120210328 0)
(0.541344940967 -11.6897270931 0)
(0.379132053544 -11.6138912559 0)
(0.25996775779 -11.5681413388 0)
(0.174948286657 -11.5413189484 0)
(0.115826081999 -11.5260328244 0)
(0.0756272342111 -11.5175495483 0)
(0.0488218320635 -11.5129475942 0)
(0.0312392745099 -11.5104913996 0)
(0.0198604882931 -11.5091885625 0)
(0.0125734851251 -11.5084921827 0)
(0.00794249852094 -11.5081109364 0)
(0.0050142950671 -11.5078939915 0)
(0.00316798669877 -11.5077646974 0)
(0.00200512985021 -11.507684205 0)
(0.00127282626657 -11.5076324205 0)
(0.000811781815535 -11.5075984603 0)
(0.000522186986178 -11.5075760354 0)
(0.000341785939815 -11.507561265 0)
(0.000232014311716 -11.5075516305 0)
(0.000169352604615 -11.5075454436 0)
(0.000139996506687 -11.5075415481 0)
(0.00013661154736 -11.5075391403 0)
(0.000156380164996 -11.5075376842 0)
(0.000199820686598 -11.5075369652 0)
(0.000269889203328 -11.5075373872 0)
(0.00037458324766 -11.5075410818 0)
(0.000551212137625 -11.507556564 0)
(0.000899551505601 -11.5076111468 0)
(0.00146387410474 -11.5077601269 0)
(9.36548530388e-05 -11.507949609 0)
(-0.00111166319437 -11.5075793649 0)
(-0.000297082190083 -11.5074271046 0)
(-2536.10382429 -11.5072197182 0)
(2520.362449 -16.7737716948 0)
(2.05738137636 -15.5960513668 0)
(2.39156962242 -14.2323462306 0)
(2.18687716773 -13.2277237612 0)
(1.81144194541 -12.5479312686 0)
(1.42112047087 -12.0971877078 0)
(1.07296157628 -11.8039401826 0)
(0.785816396602 -11.6167502147 0)
(0.560682712594 -11.5000170745 0)
(0.390864107058 -11.4292788792 0)
(0.266873796486 -11.3877904611 0)
(0.178886910983 -11.364312199 0)
(0.118001748267 -11.3515242756 0)
(0.0767926434141 -11.3448328383 0)
(0.0494291787308 -11.3414726319 0)
(0.0315492732575 -11.3398523227 0)
(0.0200172937423 -11.3390987321 0)
(0.0126535466209 -11.3387563047 0)
(0.00798476043394 -11.3385998022 0)
(0.00503789285812 -11.3385240954 0)
(0.00318207576179 -11.3384830271 0)
(0.00201405813264 -11.3384575282 0)
(0.00127871185213 -11.3384400687 0)
(0.000815729020832 -11.3384276306 0)
(0.000524831364099 -11.3384188126 0)
(0.000343529584434 -11.3384127699 0)
(0.000233127872045 -11.3384088841 0)
(0.000170023536284 -11.338406679 0)
(0.000140355437697 -11.3384057973 0)
(0.000136745428673 -11.3384059899 0)
(0.000156327191252 -11.3384071356 0)
(0.000199529870895 -11.3384093561 0)
(0.000269076597137 -11.3384133533 0)
(0.000372133014168 -11.3384215193 0)
(0.000543310191809 -11.3384429925 0)
(0.000877197247325 -11.3385089471 0)
(0.00142606140003 -11.3386859195 0)
(0.00011406671898 -11.3389277992 0)
(-0.0010527735257 -11.3384557694 0)
(-0.000258492921572 -11.3382675596 0)
(-2533.81987709 -11.3380445311 0)
(2517.11071002 -17.0485330772 0)
(2.3295001057 -15.65353158 0)
(2.63982101695 -14.1142101313 0)
(2.35951366709 -13.0469365757 0)
(1.92563465449 -12.3498982844 0)
(1.49548155449 -11.8979686843 0)
(1.12051528761 -11.6098687339 0)
(0.815596361893 -11.4296837769 0)
(0.578839208083 -11.3198949984 0)
(0.401577376229 -11.2552520441 0)
(0.272961093828 -11.2187303474 0)
(0.182201523757 -11.1990820215 0)
(0.119721954126 -11.1891176572 0)
(0.0776375629415 -11.1844299285 0)
(0.0498179351899 -11.1824458996 0)
(0.0317140544835 -11.1817448839 0)
(0.020079691899 -11.1815913884 0)
(0.0126732711023 -11.1816335469 0)
(0.00798894036642 -11.1817201421 0)
(0.00503765008693 -11.1817966804 0)
(0.00318130013826 -11.1818504828 0)
(0.00201372152986 -11.1818840337 0)
(0.00127880579307 -11.181903408 0)
(0.000816033032671 -11.1819140654 0)
(0.000525159136357 -11.1819198543 0)
(0.000343771647931 -11.1819231838 0)
(0.000233232484032 -11.1819254705 0)
(0.000169969964576 -11.1819275354 0)
(0.000140134321008 -11.181929875 0)
(0.000136343876573 -11.1819328316 0)
(0.000155706938555 -11.18193672 0)
(0.000198577155966 -11.181942004 0)
(0.000267456560314 -11.181949664 0)
(0.000368655396793 -11.1819622685 0)
(0.000533726569489 -11.1819893537 0)
(0.000850966120293 -11.1820658397 0)
(0.00138010369494 -11.1822702582 0)
(0.000139684857269 -11.1825676058 0)
(-0.00097961528734 -11.181985423 0)
(-0.000214834530988 -11.1817586394 0)
(-2531.56856187 -11.1815249458 0)
(2513.82203607 -17.3874515201 0)
(2.64424596552 -15.7253768775 0)
(2.91288862327 -13.9862241929 0)
(2.53973953712 -12.8609056635 0)
(2.04123552369 -12.152307139 0)
(1.56912638097 -11.7030972798 0)
(1.16661855776 -11.4229956243 0)
(0.843811143691 -11.2518604577 0)
(0.595569059157 -11.1504842628 0)
(0.411097037264 -11.0929872926 0)
(0.278107801009 -11.0621698545 0)
(0.184809449021 -11.0468556757 0)
(0.120932166872 -11.0400497299 0)
(0.0781269949347 -11.0375817703 0)
(0.0499661876421 -11.0371096686 0)
(0.0317201755074 -11.037411325 0)
(0.0200395611418 -11.0379082489 0)
(0.0126277958765 -11.0383650301 0)
(0.00795213374417 -11.0387125759 0)
(0.00501182470384 -11.0389520018 0)
(0.00316460508608 -11.0391070775 0)
(0.00200347309572 -11.039203582 0)
(0.00127270552615 -11.0392622074 0)
(0.000812439775398 -11.03929748 0)
(0.000523007683098 -11.0393188447 0)
(0.000342406326884 -11.0393321733 0)
(0.000232257555078 -11.0393410458 0)
(0.000169142648309 -11.0393476623 0)
(0.000139296184769 -11.0393534274 0)
(0.000135376422094 -11.0393593099 0)
(0.00015449271978 -11.0393660825 0)
(0.000196941064979 -11.0393745566 0)
(0.00026502369519 -11.0393859718 0)
(0.000364195092313 -11.0394029802 0)
(0.000522595956344 -11.0394352345 0)
(0.000821016338066 -11.0395212079 0)
(0.00132570817906 -11.0397522873 0)
(0.000171033763015 -11.040109359 0)
(-0.000890980259159 -11.0394076771 0)
(-0.000166397493638 -11.0391378987 0)
(-2529.34722037 -11.0389014374 0)
(2510.48814434 -17.8017350595 0)
(3.00974557114 -15.8094532535 0)
(3.21271525975 -13.8433254115 0)
(2.72629707787 -12.6684514092 0)
(2.15719633123 -11.9553428221 0)
(1.64134385743 -11.5131959015 0)
(1.21076265204 -11.2441829375 0)
(0.870098634193 -11.0842708331 0)
(0.610613841093 -10.9928507352 0)
(0.41924025789 -10.943597036 0)
(0.282187417212 -10.9192486226 0)
(0.186625548684 -10.9087872203 0)
(0.121576735206 -10.9054809877 0)
(0.0782255751923 -10.9054507645 0)
(0.0498520242483 -10.9066260227 0)
(0.0315543384182 -10.9080125724 0)
(0.0198889508844 -10.9092089673 0)
(0.012512405703 -10.9101093288 0)
(0.00787154601256 -10.910734876 0)
(0.00495874977329 -10.9111472826 0)
(0.003130984104 -10.9114096788 0)
(0.00198269554179 -10.9115728209 0)
(0.00126002619671 -10.9116729825 0)
(0.000804705573146 -10.9117343116 0)
(0.000518220479817 -10.911772175 0)
(0.000339331428051 -10.9117961018 0)
(0.000230134673179 -10.9118119567 0)
(0.000167493662802 -10.9118233962 0)
(0.000137804800302 -10.9118327843 0)
(0.000133812843755 -10.9118417512 0)
(0.00015265759736 -10.9118515488 0)
(0.000194599305931 -10.9118633421 0)
(0.00026177184903 -10.9118786113 0)
(0.000358802845805 -10.9118999957 0)
(0.000510081024173 -10.9119369171 0)
(0.000787555569731 -10.9120311013 0)
(0.00126247348148 -10.9122877207 0)
(0.000208606892417 -10.9127103387 0)
(-0.000785323231268 -10.9118787222 0)
(-0.000113586582102 -10.9115584578 0)
(-2527.15295401 -10.9113313195 0)
(2507.09979841 -18.3050647831 0)
(3.43592789514 -15.9021324519 0)
(3.54108899213 -13.6789671237 0)
(2.917336055 -12.4683889986 0)
(2.27228662522 -11.7592295547 0)
(1.71135835789 -11.3288623242 0)
(1.25240357144 -11.07424941 0)
(0.894077584149 -10.9278459878 0)
(0.623703818573 -10.8479895679 0)
(0.425817459778 -10.8081153173 0)
(0.285069764159 -10.7910220734 0)
(0.187562976008 -10.7859419549 0)
(0.12159945802 -10.7864797066 0)
(0.077897987925 -10.7891045427 0)
(0.0494538260641 -10.7920604668 0)
(0.0312035865966 -10.79461174 0)
(0.0196202098669 -10.7965545727 0)
(0.0123226141272 -10.7979258766 0)
(0.00774454298753 -10.7988453521 0)
(0.00487686413816 -10.7994400872 0)
(0.00307949742487 -10.7998153786 0)
(0.00195081237047 -10.8000485515 0)
(0.00124040738124 -10.8001923593 0)
(0.000792601263538 -10.8002810822 0)
(0.000510649651717 -10.8003363048 0)
(0.000334449994517 -10.8003713914 0)
(0.000226798665014 -10.8003946019 0)
(0.000164977125411 -10.8004111212 0)
(0.000135625184446 -10.8004243205 0)
(0.000131623516126 -10.8004365245 0)
(0.000150174552319 -10.8004494857 0)
(0.000191528567399 -10.800464729 0)
(0.000257692967651 -10.8004839605 0)
(0.000352533933209 -10.8005097098 0)
(0.000496374841561 -10.8005507454 0)
(0.000750855620143 -10.8006516012 0)
(0.00118986069171 -10.8009321608 0)
(0.000252833461859 -10.8014281361 0)
(-0.000660604077171 -10.8004550633 0)
(-5.69169615376e-05 -10.8000719515 0)
(-2524.98264241 -10.7998721092 0)
(2503.6467049 -18.9142823617 0)
(3.93496510304 -15.9977105575 0)
(3.8994639504 -13.4847813135 0)
(3.11024459166 -12.2596786913 0)
(2.38510166612 -11.5642629294 0)
(1.77833988636 -11.1506650913 0)
(1.29096591932 -10.9139628262 0)
(0.915350602616 -10.7834464478 0)
(0.634559975178 -10.7168123694 0)
(0.430633756787 -10.6874840315 0)
(0.286622089704 -10.678446913 0)
(0.187534022054 -10.6792813956 0)
(0.12094421764 -10.684006549 0)
(0.0771094231534 -10.6895003221 0)
(0.0487505847846 -10.6943661239 0)
(0.0306555172456 -10.6981582312 0)
(0.0192261235725 -10.7008915189 0)
(0.0120542498041 -10.7027589852 0)
(0.00756870388497 -10.7039868563 0)
(0.0047647444868 -10.7047723192 0)
(0.00300929125109 -10.7052654856 0)
(0.00190729940649 -10.7055717194 0)
(0.00121352005953 -10.7057610648 0)
(0.000775916464142 -10.7058783878 0)
(0.000500158634979 -10.7059517515 0)
(0.000327672000486 -10.7059985116 0)
(0.000222188715116 -10.7060294211 0)
(0.000161549956337 -10.7060512573 0)
(0.000132724139002 -10.7060684433 0)
(0.000128779791383 -10.7060840291 0)
(0.000147016697114 -10.7061002888 0)
(0.000187704348078 -10.7061191142 0)
(0.00025277568878 -10.7061424275 0)
(0.00034544587983 -10.7061725607 0)
(0.000481702734869 -10.7062171212 0)
(0.000711272480287 -10.70632282 0)
(0.00110716651317 -10.7066250365 0)
(0.000304026401073 -10.7072046016 0)
(-0.000514086319794 -10.7060776854 0)
(3.00422823651e-06 -10.7056120404 0)
(-2522.83296519 -10.7054654894 0)
(2500.11739982 -19.6502873914 0)
(4.52182810478 -16.0876071697 0)
(4.28869536536 -13.2501728705 0)
(3.30143973182 -12.0416581721 0)
(2.49408934522 -11.3708437227 0)
(1.84141837854 -10.9791364413 0)
(1.32584730013 -10.7640330917 0)
(0.9335076755 -10.6518516919 0)
(0.64289630184 -10.6001351075 0)
(0.433490551063 -10.5825400261 0)
(0.286710291344 -10.5823675775 0)
(0.186451048807 -10.5896492363 0)
(0.119555672709 -10.5989001854 0)
(0.0758260729445 -10.6074703031 0)
(0.0477222442441 -10.6143689935 0)
(0.0298985075964 -10.6194729178 0)
(0.0187000590666 -10.6230368202 0)
(0.0117035466373 -10.6254229599 0)
(0.00734187618995 -10.626971888 0)
(0.00462113828146 -10.6279553222 0)
(0.00291961739976 -10.6285706257 0)
(0.00185169653974 -10.6289525136 0)
(0.00117907370046 -10.6291890256 0)
(0.00075446391404 -10.6293359974 0)
(0.000486624888506 -10.629428189 0)
(0.000318916090066 -10.6294870775 0)
(0.00021624951572 -10.6295259923 0)
(0.000157172667577 -10.629553359 0)
(0.000129070829934 -10.6295746912 0)
(0.000125254417639 -10.6295937928 0)
(0.000143157533835 -10.6296134802 0)
(0.000183100834606 -10.6296360198 0)
(0.000247003671185 -10.6296635475 0)
(0.00033759519933 -10.6296981301 0)
(0.00046632297396 -10.6297456124 0)
(0.000669272546959 -10.629854017 0)
(0.00101350437672 -10.6301746486 0)
(0.000362303695799 -10.6308508346 0)
(-0.000342091849292 -10.629557409 0)
(6.55222373719e-05 -10.6289790013 0)
(-2520.70042691 -10.6289223189 0)
(2496.49912598 -20.5392125976 0)
(5.21498800721 -16.1592614991 0)
(4.7086537499 -12.9618362439 0)
(3.48611042123 -11.8143906541 0)
(2.5976060123 -11.1795073329 0)
(1.89970201256 -10.8147614223 0)
(1.3564228692 -10.6251064815 0)
(0.948130199441 -10.5337505383 0)
(0.648422308334 -10.4986671187 0)
(0.434187262787 -10.4940035012 0)
(0.285200247663 -10.503504057 0)
(0.184227500484 -10.5177587412 0)
(0.117380004278 -10.5318643879 0)
(0.0740156615301 -10.5437085683 0)
(0.0463500618477 -10.5527547361 0)
(0.0289219518996 -10.5592348627 0)
(0.018036115158 -10.563664745 0)
(0.0112672362543 -10.5665887805 0)
(0.0070622314275 -10.5684692721 0)
(0.00444499694214 -10.5696565579 0)
(0.00280985295919 -10.5703974206 0)
(0.00178361943008 -10.5708570472 0)
(0.0011368233058 -10.5711420488 0)
(0.000728083792557 -10.5713195344 0)
(0.000469942611567 -10.5714311287 0)
(0.000308111331046 -10.5715025318 0)
(0.000208932426253 -10.5715497145 0)
(0.000151810179719 -10.5715827962 0)
(0.00012463738318 -10.5716084146 0)
(0.000121021990298 -10.5716311529 0)
(0.00013857127978 -10.5716543896 0)
(0.000177690884139 -10.5716807743 0)
(0.000240353632256 -10.571712663 0)
(0.000329032908903 -10.5717518269 0)
(0.000450525363097 -10.5718016459 0)
(0.000625465241424 -10.5719103093 0)
(0.000907802996188 -10.5722448041 0)
(0.000427474303836 -10.5730336455 0)
(-0.000139719657872 -10.5715619208 0)
(0.0001300222478 -10.5708259447 0)
(-2518.58138493 -10.5709091007 0)
(2492.777705 -21.6139681814 0)
(6.03730337552 -16.1946094392 0)
(5.15766953437 -12.6031862042 0)
(3.65790551402 -11.5791749277 0)
(2.69401519158 -10.9909379474 0)
(1.95229854883 -10.657961663 0)
(1.38204947692 -10.497761743 0)
(0.95879554805 -10.4297326648 0)
(0.650845709255 -10.4130015694 0)
(0.432523163395 -10.4224681038 0)
(0.281959243342 -10.4424414987 0)
(0.180778982629 -10.4641819813 0)
(0.114365707294 -10.4834570152 0)
(0.071648003305 -10.4987599095 0)
(0.0446169853668 -10.5100574127 0)
(0.0277165058314 -10.5179700185 0)
(0.0172292755004 -10.5232954991 0)
(0.0107426412118 -10.5267727841 0)
(0.0067283207207 -10.5289928446 0)
(0.00423550858191 -10.5303882962 0)
(0.00267951953516 -10.5312571815 0)
(0.00170277089222 -10.5317960528 0)
(0.00108657627215 -10.53213052 0)
(0.000696647945521 -10.5323391749 0)
(0.000450025397707 -10.5324706195 0)
(0.000295198924948 -10.5325548442 0)
(0.000200196635508 -10.5326105068 0)
(0.000145432637406 -10.5326494549 0)
(0.000119399500809 -10.5326794767 0)
(0.000116059429742 -10.5327059564 0)
(0.000133233247708 -10.5327328542 0)
(0.000171446160842 -10.5327632113 0)
(0.000232793140774 -10.532799621 0)
(0.000319798612925 -10.5328435884 0)
(0.000434626509227 -10.5328952208 0)
(0.000580640907239 -10.533001414 0)
(0.000788837139331 -10.5333434944 0)
(0.000498880344389 -10.5342638661 0)
(9.94482940731e-05 -10.5326049109 0)
(0.00019608625685 -10.531647245 0)
(-2516.4720799 -10.5319362415 0)
(2488.93741046 -22.9162780953 0)
(7.01714440264 -16.1679788789 0)
(5.63174065221 -12.1536943585 0)
(3.80856007259 -11.3392832842 0)
(2.78184866524 -10.8059477355 0)
(1.99833725346 -10.5090697787 0)
(1.40206866883 -10.382506155 0)
(0.965082234154 -10.3402783058 0)
(0.649875220549 -10.3436042152 0)
(0.428299276937 -10.3683892554 0)
(0.276857472158 -10.3996178014 0)
(0.17602439717 -10.4293368443 0)
(0.110464418626 -10.4540765841 0)
(0.0686955820381 -10.473006089 0)
(0.0425080400496 -10.4866455402 0)
(0.0262743346187 -10.4960371534 0)
(0.0162755620366 -10.5022810724 0)
(0.0101277671493 -10.5063224619 0)
(0.00633912901922 -10.50888722 0)
(0.00399212957173 -10.5104933636 0)
(0.00252830162854 -10.5114916458 0)
(0.00160895173189 -10.5121106119 0)
(0.00102819888748 -10.5124951264 0)
(0.000660063879967 -10.5127353684 0)
(0.00042680876611 -10.5128869652 0)
(0.000280133875694 -10.5129842272 0)
(0.000190010284542 -10.5130485236 0)
(0.00013801620671 -10.5130934505 0)
(0.00011333707922 -10.513127966 0)
(0.000110346483812 -10.5131582729 0)
(0.000127120298695 -10.5131889313 0)
(0.000164337521587 -10.5132233817 0)
(0.000224278203589 -10.5132644833 0)
(0.000309912962641 -10.5133135949 0)
(0.000418960252347 -10.513366652 0)
(0.000535810506182 -10.5134674598 0)
(0.000655312572415 -10.513808209 0)
(0.000575191004853 -10.5148800319 0)
(0.000383604566533 -10.513029201 0)
(0.000263756133157 -10.5118079021 0)
(-2514.36866823 -10.5123469284 0)
)
;

boundaryField
{
    inout
    {
        type            empty;
    }
    top
    {
        type            calculated;
        value           nonuniform List<vector> 
41
(
(2488.93741046 -23.6301604094 0)
(7.01714440264 -16.1354081078 0)
(5.63174065221 -11.9034032069 0)
(3.80856007259 -11.2187280967 0)
(2.78184866524 -10.7144555466 0)
(1.99833725346 -10.4366358224 0)
(1.40206866883 -10.3279594318 0)
(0.965082234154 -10.2992447956 0)
(0.649875220549 -10.3130224134 0)
(0.428299276937 -10.3457618078 0)
(0.276857472158 -10.3828107211 0)
(0.17602439717 -10.4166392738 0)
(0.110464418626 -10.4441824319 0)
(0.0686955820381 -10.4649648765 0)
(0.0425080400496 -10.4797961314 0)
(0.0262743346187 -10.489937552 0)
(0.0162755620366 -10.4966454838 0)
(0.0101277671493 -10.5009710344 0)
(0.00633912901922 -10.5037090384 0)
(0.00399212957173 -10.5054209209 0)
(0.00252830162854 -10.5064840999 0)
(0.00160895173189 -10.5071432384 0)
(0.00102819888748 -10.5075528693 0)
(0.000660063879967 -10.5078089775 0)
(0.00042680876611 -10.5079707063 0)
(0.000280133875694 -10.5080745288 0)
(0.000190010284542 -10.5081431727 0)
(0.00013801620671 -10.5081911119 0)
(0.00011333707922 -10.5082278933 0)
(0.000110346483812 -10.5082601325 0)
(0.000127120298695 -10.5082926944 0)
(0.000164337521587 -10.5083292207 0)
(0.000224278203589 -10.5083727119 0)
(0.000309912962641 -10.5084244976 0)
(0.000418960252347 -10.5084781929 0)
(0.000535810506182 -10.5085755648 0)
(0.000655312572415 -10.5089130027 0)
(0.000575191004853 -10.5100654633 0)
(0.000383604566533 -10.5081180934 0)
(0.000263756133157 -10.5067627664 0)
(-2514.36866823 -10.507430247 0)
)
;
    }
    bottom
    {
        type            calculated;
        value           nonuniform List<vector> 
41
(
(2622.2765539 -17.2599557649 0)
(0.00719291195369 -17.2089663451 0)
(0.010569006543 -17.1160975258 0)
(0.0122115082697 -16.9975862143 0)
(0.0123459057973 -16.8718673604 0)
(0.0114441494 -16.7506680983 0)
(0.00988351101565 -16.6429843724 0)
(0.00808152730665 -16.552997878 0)
(0.0063241006303 -16.4813538263 0)
(0.00477280714769 -16.4265158654 0)
(0.00349391085438 -16.3858976833 0)
(0.00249209606118 -16.3566376484 0)
(0.00173829518945 -16.3360557621 0)
(0.00118942073411 -16.3218717446 0)
(0.000800544470717 -16.3122673474 0)
(0.000531309861169 -16.3058608551 0)
(0.000348512743941 -16.3016411502 0)
(0.00022642874533 -16.2988906003 0)
(0.000146003795615 -16.2971125753 0)
(9.36138739037e-05 -16.2959705244 0)
(5.97915729246e-05 -16.2952402978 0)
(3.81101737784e-05 -16.2947746929 0)
(2.42906222155e-05 -16.2944780943 0)
(1.55293843108e-05 -16.2942888805 0)
(1.00150353512e-05 -16.2941675066 0)
(6.59278169105e-06 -16.2940885797 0)
(4.53840886192e-06 -16.294035651 0)
(3.41003621214e-06 -16.2939978116 0)
(2.95373515186e-06 -16.2939674503 0)
(3.04628907236e-06 -16.2939387368 0)
(3.66437650497e-06 -16.2939065245 0)
(4.87630758226e-06 -16.2938654493 0)
(6.87149230596e-06 -16.2938089984 0)
(1.00986583522e-05 -16.2937280195 0)
(1.55363787721e-05 -16.2936070252 0)
(2.39802441056e-05 -16.2934172919 0)
(2.94301170275e-05 -16.2931274203 0)
(8.4871041674e-06 -16.2928286895 0)
(-6.33926853571e-06 -16.2929576783 0)
(-8.88217503276e-06 -16.2929554749 0)
(-2622.37069551 -16.2931353218 0)
)
;
    }
    frontback
    {
        type            empty;
    }
}


// ************************************************************************* //
