/*--------------------------------*- C++ -*----------------------------------*\
| =========                 |                                                 |
| \\      /  F ield         | OpenFOAM: The Open Source CFD Toolbox           |
|  \\    /   O peration     | Version:  2112                                  |
|   \\  /    A nd           | Website:  www.openfoam.com                      |
|    \\/     M anipulation  |                                                 |
\*---------------------------------------------------------------------------*/
FoamFile
{
    version     2.0;
    format      ascii;
    arch        "LSB;label=32;scalar=64";
    class       volScalarField;
    location    "2";
    object      T;
}
// * * * * * * * * * * * * * * * * * * * * * * * * * * * * * * * * * * * * * //

dimensions      [0 0 0 1 0 0 0];

internalField   nonuniform List<scalar> 
12013
(
300.001
300.004
300.006
300.009
300.012
300.015
300.019
300.022
300.026
300.03
300.035
300.04
300.045
300.051
300.057
300.063
300.07
300.077
300.085
300.094
300.103
300.112
300.122
300.133
300.144
300.156
300.168
300.182
300.195
300.21
300.225
300.241
300.258
300.275
300.294
300.313
300.333
300.353
300.375
300.397
300.42
300.444
300.469
300.495
300.521
300.549
300.577
300.607
300.637
300.669
300.701
300.735
300.769
300.805
300.841
300.879
300.918
300.958
300.999
301.042
301.085
301.131
301.177
301.225
301.274
301.325
301.378
301.433
301.489
301.547
301.608
301.671
301.737
301.805
301.877
301.954
302.034
302.121
302.215
302.32
302.441
300.001
300.004
300.006
300.009
300.012
300.015
300.019
300.022
300.026
300.03
300.035
300.04
300.045
300.051
300.057
300.063
300.07
300.077
300.085
300.094
300.103
300.112
300.122
300.133
300.144
300.156
300.168
300.182
300.195
300.21
300.225
300.241
300.258
300.275
300.294
300.313
300.332
300.353
300.375
300.397
300.42
300.444
300.469
300.495
300.521
300.549
300.577
300.607
300.637
300.669
300.701
300.734
300.769
300.804
300.841
300.879
300.918
300.958
300.999
301.041
301.085
301.13
301.176
301.224
301.274
301.325
301.377
301.432
301.488
301.546
301.606
301.669
301.735
301.803
301.874
301.95
302.029
302.114
302.206
302.304
302.412
300.001
300.004
300.006
300.009
300.012
300.015
300.019
300.022
300.026
300.03
300.035
300.04
300.045
300.051
300.057
300.063
300.07
300.077
300.085
300.094
300.103
300.112
300.122
300.133
300.144
300.156
300.168
300.182
300.195
300.21
300.225
300.241
300.258
300.275
300.294
300.313
300.332
300.353
300.374
300.397
300.42
300.444
300.469
300.494
300.521
300.549
300.577
300.606
300.637
300.668
300.701
300.734
300.768
300.804
300.84
300.878
300.917
300.957
300.998
301.04
301.084
301.129
301.175
301.223
301.272
301.323
301.375
301.429
301.485
301.543
301.603
301.665
301.73
301.797
301.868
301.942
302.019
302.101
302.187
302.278
302.373
300.001
300.004
300.006
300.009
300.012
300.015
300.019
300.022
300.026
300.03
300.035
300.04
300.045
300.051
300.057
300.063
300.07
300.077
300.085
300.094
300.103
300.112
300.122
300.133
300.144
300.156
300.168
300.181
300.195
300.21
300.225
300.241
300.258
300.275
300.293
300.312
300.332
300.353
300.374
300.396
300.419
300.443
300.468
300.494
300.521
300.548
300.577
300.606
300.636
300.668
300.7
300.733
300.768
300.803
300.839
300.877
300.916
300.956
300.997
301.039
301.082
301.127
301.173
301.221
301.27
301.32
301.372
301.426
301.481
301.538
301.598
301.659
301.723
301.789
301.857
301.929
302.004
302.081
302.162
302.245
302.33
300.001
300.004
300.006
300.009
300.012
300.015
300.019
300.022
300.026
300.03
300.035
300.04
300.045
300.051
300.057
300.063
300.07
300.077
300.085
300.094
300.102
300.112
300.122
300.133
300.144
300.156
300.168
300.181
300.195
300.21
300.225
300.241
300.257
300.275
300.293
300.312
300.332
300.352
300.374
300.396
300.419
300.443
300.468
300.493
300.52
300.547
300.576
300.605
300.635
300.667
300.699
300.732
300.766
300.802
300.838
300.876
300.914
300.954
300.995
301.037
301.08
301.124
301.17
301.217
301.266
301.316
301.367
301.42
301.475
301.531
301.59
301.65
301.712
301.776
301.843
301.912
301.983
302.056
302.131
302.207
302.283
300.001
300.004
300.006
300.009
300.012
300.015
300.019
300.022
300.026
300.03
300.035
300.04
300.045
300.051
300.057
300.063
300.07
300.077
300.085
300.093
300.102
300.112
300.122
300.132
300.144
300.155
300.168
300.181
300.195
300.209
300.225
300.241
300.257
300.275
300.293
300.312
300.331
300.352
300.373
300.395
300.418
300.442
300.467
300.493
300.519
300.547
300.575
300.604
300.634
300.665
300.698
300.731
300.765
300.8
300.836
300.873
300.912
300.951
300.992
301.033
301.076
301.12
301.166
301.213
301.261
301.31
301.361
301.413
301.467
301.522
301.579
301.638
301.698
301.761
301.825
301.89
301.957
302.026
302.095
302.165
302.235
300.001
300.004
300.006
300.009
300.012
300.015
300.019
300.022
300.026
300.03
300.035
300.04
300.045
300.051
300.057
300.063
300.07
300.077
300.085
300.093
300.102
300.112
300.122
300.132
300.143
300.155
300.168
300.181
300.195
300.209
300.224
300.24
300.257
300.274
300.292
300.311
300.331
300.351
300.373
300.395
300.418
300.441
300.466
300.492
300.518
300.545
300.574
300.603
300.633
300.664
300.696
300.729
300.763
300.798
300.834
300.871
300.909
300.948
300.988
301.029
301.072
301.116
301.16
301.206
301.254
301.302
301.352
301.404
301.456
301.51
301.566
301.623
301.681
301.741
301.802
301.864
301.928
301.992
302.056
302.12
302.184
300.001
300.004
300.006
300.009
300.012
300.015
300.019
300.022
300.026
300.03
300.035
300.04
300.045
300.05
300.056
300.063
300.07
300.077
300.085
300.093
300.102
300.111
300.121
300.132
300.143
300.155
300.167
300.181
300.194
300.209
300.224
300.24
300.256
300.274
300.292
300.31
300.33
300.351
300.372
300.394
300.417
300.44
300.465
300.49
300.517
300.544
300.572
300.601
300.631
300.662
300.693
300.726
300.76
300.794
300.83
300.867
300.905
300.943
300.983
301.024
301.066
301.109
301.153
301.199
301.245
301.293
301.342
301.392
301.443
301.496
301.55
301.605
301.661
301.718
301.776
301.834
301.894
301.954
302.013
302.073
302.131
300.001
300.004
300.006
300.009
300.012
300.015
300.019
300.022
300.026
300.03
300.035
300.04
300.045
300.05
300.056
300.063
300.07
300.077
300.085
300.093
300.102
300.111
300.121
300.132
300.143
300.155
300.167
300.18
300.194
300.208
300.223
300.239
300.256
300.273
300.291
300.31
300.329
300.35
300.371
300.393
300.415
300.439
300.463
300.489
300.515
300.542
300.57
300.599
300.628
300.659
300.69
300.723
300.756
300.791
300.826
300.862
300.9
300.938
300.977
301.018
301.059
301.101
301.145
301.189
301.235
301.282
301.329
301.378
301.428
301.479
301.53
301.583
301.637
301.691
301.746
301.801
301.857
301.912
301.968
302.023
302.077
300.001
300.004
300.006
300.009
300.012
300.015
300.018
300.022
300.026
300.03
300.035
300.039
300.045
300.05
300.056
300.063
300.069
300.077
300.085
300.093
300.102
300.111
300.121
300.131
300.143
300.154
300.167
300.18
300.193
300.208
300.223
300.238
300.255
300.272
300.29
300.309
300.328
300.348
300.369
300.391
300.414
300.437
300.462
300.487
300.513
300.539
300.567
300.596
300.625
300.655
300.687
300.719
300.752
300.786
300.821
300.857
300.893
300.931
300.97
301.01
301.05
301.092
301.134
301.178
301.222
301.268
301.314
301.361
301.409
301.458
301.508
301.558
301.609
301.661
301.712
301.764
301.816
301.868
301.92
301.971
302.021
300.001
300.004
300.006
300.009
300.012
300.015
300.018
300.022
300.026
300.03
300.035
300.039
300.045
300.05
300.056
300.062
300.069
300.076
300.084
300.093
300.101
300.111
300.121
300.131
300.142
300.154
300.166
300.179
300.193
300.207
300.222
300.237
300.254
300.271
300.289
300.307
300.327
300.347
300.368
300.389
300.412
300.435
300.459
300.484
300.51
300.536
300.564
300.592
300.621
300.651
300.682
300.714
300.747
300.78
300.815
300.85
300.886
300.923
300.961
301
301.04
301.08
301.122
301.164
301.207
301.251
301.296
301.342
301.388
301.435
301.482
301.53
301.578
301.627
301.676
301.725
301.773
301.822
301.87
301.917
301.964
300.001
300.004
300.006
300.009
300.012
300.015
300.018
300.022
300.026
300.03
300.034
300.039
300.044
300.05
300.056
300.062
300.069
300.076
300.084
300.092
300.101
300.11
300.12
300.13
300.141
300.153
300.165
300.178
300.192
300.206
300.221
300.236
300.253
300.27
300.287
300.306
300.325
300.345
300.366
300.387
300.409
300.433
300.456
300.481
300.507
300.533
300.56
300.588
300.617
300.646
300.677
300.708
300.74
300.773
300.807
300.842
300.877
300.914
300.951
300.989
301.027
301.067
301.107
301.148
301.19
301.233
301.276
301.319
301.364
301.408
301.453
301.499
301.545
301.59
301.636
301.682
301.727
301.773
301.817
301.861
301.905
300.001
300.004
300.006
300.009
300.012
300.015
300.018
300.022
300.026
300.03
300.034
300.039
300.044
300.05
300.056
300.062
300.069
300.076
300.084
300.092
300.1
300.11
300.119
300.13
300.141
300.152
300.164
300.177
300.191
300.205
300.22
300.235
300.251
300.268
300.286
300.304
300.323
300.343
300.363
300.385
300.407
300.429
300.453
300.477
300.503
300.529
300.555
300.583
300.611
300.64
300.67
300.701
300.733
300.765
300.798
300.832
300.867
300.902
300.939
300.975
301.013
301.051
301.09
301.13
301.17
301.211
301.252
301.294
301.336
301.379
301.422
301.465
301.508
301.551
301.594
301.636
301.679
301.721
301.763
301.804
301.844
300.001
300.004
300.006
300.009
300.012
300.015
300.018
300.022
300.026
300.03
300.034
300.039
300.044
300.049
300.055
300.062
300.068
300.075
300.083
300.091
300.1
300.109
300.119
300.129
300.14
300.151
300.163
300.176
300.189
300.203
300.218
300.233
300.249
300.266
300.284
300.302
300.32
300.34
300.36
300.381
300.403
300.426
300.449
300.473
300.498
300.524
300.55
300.577
300.605
300.634
300.663
300.693
300.724
300.756
300.788
300.821
300.855
300.889
300.924
300.96
300.997
301.034
301.071
301.109
301.148
301.187
301.226
301.266
301.306
301.347
301.387
301.427
301.468
301.508
301.549
301.589
301.628
301.667
301.706
301.744
301.782
300.001
300.004
300.006
300.009
300.012
300.015
300.018
300.022
300.025
300.03
300.034
300.039
300.044
300.049
300.055
300.061
300.068
300.075
300.083
300.091
300.099
300.108
300.118
300.128
300.139
300.15
300.162
300.175
300.188
300.202
300.216
300.232
300.247
300.264
300.281
300.299
300.318
300.337
300.357
300.378
300.399
300.421
300.444
300.468
300.492
300.518
300.543
300.57
300.597
300.625
300.654
300.684
300.714
300.745
300.776
300.808
300.841
300.874
300.908
300.943
300.978
301.014
301.05
301.086
301.123
301.16
301.198
301.235
301.273
301.311
301.349
301.388
301.426
301.463
301.501
301.538
301.575
301.612
301.648
301.683
301.718
300.001
300.004
300.006
300.009
300.012
300.015
300.018
300.022
300.025
300.029
300.034
300.038
300.043
300.049
300.055
300.061
300.067
300.074
300.082
300.09
300.098
300.107
300.117
300.127
300.138
300.149
300.161
300.173
300.186
300.2
300.214
300.229
300.245
300.261
300.278
300.296
300.314
300.333
300.353
300.373
300.394
300.416
300.439
300.462
300.486
300.511
300.536
300.562
300.589
300.616
300.644
300.673
300.702
300.732
300.762
300.793
300.825
300.857
300.89
300.923
300.957
300.991
301.025
301.06
301.095
301.131
301.166
301.202
301.238
301.273
301.309
301.345
301.381
301.416
301.451
301.486
301.52
301.554
301.588
301.621
301.653
300.001
300.004
300.006
300.009
300.012
300.015
300.018
300.021
300.025
300.029
300.033
300.038
300.043
300.048
300.054
300.06
300.067
300.074
300.081
300.089
300.098
300.106
300.116
300.126
300.136
300.148
300.159
300.171
300.184
300.198
300.212
300.227
300.242
300.258
300.275
300.292
300.31
300.329
300.348
300.368
300.389
300.41
300.432
300.455
300.479
300.503
300.527
300.553
300.579
300.605
300.632
300.66
300.688
300.717
300.747
300.777
300.807
300.838
300.87
300.901
300.934
300.966
300.999
301.032
301.065
301.098
301.132
301.166
301.199
301.233
301.266
301.3
301.333
301.366
301.399
301.431
301.463
301.495
301.526
301.557
301.587
300.001
300.004
300.006
300.009
300.011
300.014
300.018
300.021
300.025
300.029
300.033
300.038
300.043
300.048
300.054
300.06
300.066
300.073
300.08
300.088
300.096
300.105
300.115
300.124
300.135
300.146
300.157
300.169
300.182
300.195
300.209
300.224
300.239
300.255
300.271
300.288
300.306
300.324
300.343
300.363
300.383
300.404
300.425
300.447
300.47
300.493
300.517
300.542
300.567
300.593
300.619
300.646
300.673
300.701
300.729
300.758
300.787
300.817
300.847
300.877
300.908
300.939
300.97
301.001
301.032
301.064
301.095
301.127
301.158
301.19
301.221
301.252
301.283
301.314
301.345
301.375
301.404
301.434
301.463
301.491
301.519
300.001
300.003
300.006
300.009
300.011
300.014
300.017
300.021
300.025
300.028
300.033
300.037
300.042
300.047
300.053
300.059
300.065
300.072
300.079
300.087
300.095
300.104
300.113
300.123
300.133
300.144
300.155
300.167
300.179
300.192
300.206
300.22
300.235
300.25
300.266
300.283
300.3
300.318
300.337
300.356
300.376
300.396
300.417
300.438
300.46
300.483
300.506
300.53
300.554
300.579
300.604
300.63
300.656
300.683
300.71
300.738
300.765
300.793
300.822
300.851
300.88
300.909
300.938
300.968
300.997
301.027
301.056
301.086
301.115
301.145
301.174
301.203
301.232
301.26
301.288
301.316
301.344
301.371
301.398
301.424
301.45
300.001
300.003
300.006
300.008
300.011
300.014
300.017
300.021
300.024
300.028
300.032
300.037
300.042
300.047
300.052
300.058
300.064
300.071
300.078
300.086
300.094
300.102
300.111
300.121
300.131
300.141
300.152
300.164
300.176
300.189
300.202
300.216
300.231
300.246
300.261
300.278
300.294
300.312
300.33
300.348
300.367
300.387
300.407
300.428
300.449
300.471
300.494
300.516
300.54
300.563
300.588
300.612
300.637
300.663
300.689
300.715
300.741
300.768
300.795
300.822
300.849
300.877
300.904
300.932
300.959
300.987
301.015
301.042
301.07
301.097
301.124
301.151
301.178
301.204
301.231
301.256
301.282
301.307
301.332
301.357
301.381
300.001
300.003
300.006
300.008
300.011
300.014
300.017
300.02
300.024
300.028
300.032
300.036
300.041
300.046
300.051
300.057
300.063
300.07
300.077
300.084
300.092
300.1
300.109
300.119
300.128
300.139
300.15
300.161
300.173
300.185
300.198
300.212
300.226
300.24
300.256
300.271
300.288
300.304
300.322
300.34
300.358
300.377
300.397
300.417
300.437
300.458
300.479
300.501
300.524
300.546
300.569
300.593
300.617
300.641
300.665
300.69
300.715
300.74
300.765
300.791
300.817
300.842
300.868
300.894
300.92
300.945
300.971
300.997
301.022
301.048
301.073
301.098
301.122
301.147
301.171
301.195
301.219
301.242
301.265
301.287
301.31
300.001
300.003
300.006
300.008
300.011
300.014
300.017
300.02
300.023
300.027
300.031
300.035
300.04
300.045
300.05
300.056
300.062
300.068
300.075
300.083
300.09
300.098
300.107
300.116
300.126
300.136
300.146
300.157
300.169
300.181
300.193
300.206
300.22
300.234
300.249
300.264
300.28
300.296
300.313
300.33
300.348
300.366
300.385
300.404
300.423
300.443
300.464
300.485
300.506
300.527
300.549
300.572
300.594
300.617
300.64
300.663
300.687
300.71
300.734
300.758
300.782
300.806
300.83
300.854
300.878
300.902
300.925
300.949
300.973
300.996
301.019
301.043
301.065
301.088
301.11
301.132
301.154
301.175
301.197
301.217
301.238
300.001
300.003
300.006
300.008
300.011
300.013
300.016
300.02
300.023
300.027
300.031
300.035
300.039
300.044
300.049
300.055
300.061
300.067
300.074
300.081
300.088
300.096
300.104
300.113
300.122
300.132
300.142
300.153
300.164
300.176
300.188
300.201
300.214
300.227
300.242
300.256
300.271
300.287
300.303
300.319
300.336
300.354
300.372
300.39
300.408
300.427
300.447
300.466
300.487
300.507
300.528
300.548
300.57
300.591
300.613
300.634
300.656
300.678
300.7
300.723
300.745
300.767
300.789
300.812
300.834
300.856
300.878
300.9
300.922
300.943
300.965
300.986
301.007
301.028
301.048
301.068
301.088
301.108
301.128
301.147
301.165
300.001
300.003
300.005
300.008
300.01
300.013
300.016
300.019
300.022
300.026
300.03
300.034
300.038
300.043
300.048
300.053
300.059
300.065
300.072
300.078
300.086
300.093
300.101
300.11
300.119
300.128
300.138
300.148
300.159
300.17
300.182
300.194
300.207
300.22
300.233
300.247
300.262
300.277
300.292
300.308
300.324
300.34
300.357
300.374
300.392
300.41
300.428
300.447
300.466
300.485
300.504
300.524
300.543
300.563
300.584
300.604
300.624
300.645
300.665
300.686
300.706
300.727
300.747
300.768
300.788
300.809
300.829
300.849
300.869
300.889
300.909
300.928
300.947
300.966
300.985
301.004
301.022
301.04
301.058
301.075
301.092
300.001
300.003
300.005
300.008
300.01
300.013
300.016
300.019
300.022
300.025
300.029
300.033
300.037
300.042
300.047
300.052
300.057
300.063
300.069
300.076
300.083
300.09
300.098
300.106
300.115
300.124
300.133
300.143
300.153
300.164
300.175
300.187
300.199
300.211
300.224
300.238
300.251
300.265
300.28
300.295
300.31
300.325
300.341
300.358
300.374
300.391
300.408
300.425
300.443
300.461
300.479
300.497
300.516
300.534
300.553
300.572
300.59
300.609
300.628
300.647
300.666
300.685
300.704
300.723
300.742
300.76
300.779
300.797
300.815
300.833
300.851
300.869
300.887
300.904
300.921
300.938
300.955
300.971
300.988
301.003
301.019
300.001
300.003
300.005
300.007
300.01
300.012
300.015
300.018
300.021
300.024
300.028
300.032
300.036
300.04
300.045
300.05
300.055
300.061
300.067
300.073
300.08
300.087
300.094
300.102
300.11
300.119
300.128
300.137
300.147
300.157
300.168
300.179
300.19
300.202
300.214
300.227
300.24
300.253
300.267
300.281
300.295
300.31
300.324
300.34
300.355
300.371
300.387
300.403
300.419
300.436
300.452
300.469
300.486
300.503
300.521
300.538
300.555
300.573
300.59
300.607
300.625
300.642
300.659
300.676
300.693
300.71
300.727
300.744
300.761
300.777
300.793
300.81
300.826
300.841
300.857
300.872
300.887
300.902
300.917
300.932
300.946
300.001
300.003
300.005
300.007
300.009
300.012
300.014
300.017
300.02
300.023
300.027
300.031
300.035
300.039
300.043
300.048
300.053
300.058
300.064
300.07
300.077
300.083
300.09
300.098
300.106
300.114
300.122
300.131
300.14
300.15
300.16
300.17
300.181
300.192
300.204
300.215
300.227
300.24
300.253
300.266
300.279
300.292
300.306
300.32
300.335
300.349
300.364
300.379
300.394
300.409
300.425
300.44
300.456
300.471
300.487
300.503
300.519
300.534
300.55
300.566
300.582
300.598
300.613
300.629
300.644
300.66
300.675
300.69
300.705
300.72
300.735
300.75
300.764
300.778
300.792
300.806
300.82
300.833
300.847
300.86
300.873
300.001
300.003
300.005
300.007
300.009
300.011
300.014
300.017
300.019
300.022
300.026
300.029
300.033
300.037
300.041
300.046
300.051
300.056
300.061
300.067
300.073
300.079
300.086
300.093
300.1
300.108
300.116
300.124
300.133
300.142
300.151
300.161
300.171
300.181
300.192
300.203
300.214
300.226
300.238
300.25
300.262
300.274
300.287
300.3
300.313
300.327
300.34
300.354
300.368
300.382
300.396
300.41
300.424
300.438
300.453
300.467
300.481
300.496
300.51
300.524
300.538
300.553
300.567
300.581
300.595
300.609
300.623
300.636
300.65
300.663
300.676
300.69
300.703
300.715
300.728
300.74
300.753
300.765
300.777
300.789
300.8
300.001
300.003
300.005
300.006
300.009
300.011
300.013
300.016
300.018
300.021
300.024
300.028
300.031
300.035
300.039
300.043
300.048
300.053
300.058
300.063
300.069
300.075
300.081
300.088
300.095
300.102
300.109
300.117
300.125
300.134
300.142
300.151
300.16
300.17
300.18
300.19
300.2
300.211
300.222
300.233
300.244
300.256
300.267
300.279
300.291
300.303
300.316
300.328
300.34
300.353
300.366
300.379
300.391
300.404
300.417
300.43
300.443
300.456
300.469
300.482
300.494
300.507
300.52
300.533
300.545
300.558
300.57
300.582
300.594
300.606
300.618
300.63
300.641
300.653
300.664
300.675
300.686
300.697
300.708
300.718
300.729
300.001
300.003
300.004
300.006
300.008
300.01
300.012
300.015
300.017
300.02
300.023
300.026
300.03
300.033
300.037
300.041
300.045
300.05
300.054
300.059
300.065
300.07
300.076
300.082
300.088
300.095
300.102
300.109
300.117
300.124
300.132
300.141
300.149
300.158
300.167
300.176
300.186
300.195
300.205
300.215
300.226
300.236
300.247
300.257
300.268
300.279
300.29
300.301
300.313
300.324
300.335
300.347
300.358
300.37
300.381
300.393
300.405
300.416
300.428
300.439
300.45
300.462
300.473
300.484
300.495
300.507
300.517
300.528
300.539
300.55
300.56
300.571
300.581
300.591
300.601
300.611
300.621
300.63
300.64
300.649
300.658
300.001
300.002
300.004
300.006
300.008
300.01
300.012
300.014
300.016
300.019
300.022
300.025
300.028
300.031
300.034
300.038
300.042
300.046
300.051
300.055
300.06
300.065
300.071
300.076
300.082
300.088
300.095
300.101
300.108
300.115
300.122
300.13
300.138
300.145
300.154
300.162
300.171
300.179
300.188
300.197
300.206
300.216
300.225
300.235
300.245
300.255
300.264
300.274
300.284
300.295
300.305
300.315
300.325
300.335
300.346
300.356
300.366
300.376
300.387
300.397
300.407
300.417
300.427
300.437
300.447
300.456
300.466
300.476
300.485
300.494
300.504
300.513
300.522
300.531
300.54
300.548
300.557
300.565
300.574
300.582
300.59
300.001
300.002
300.004
300.005
300.007
300.009
300.011
300.013
300.015
300.018
300.02
300.023
300.026
300.029
300.032
300.035
300.039
300.043
300.047
300.051
300.055
300.06
300.065
300.07
300.075
300.081
300.087
300.093
300.099
300.105
300.112
300.119
300.126
300.133
300.14
300.147
300.155
300.163
300.171
300.179
300.187
300.196
300.204
300.213
300.221
300.23
300.239
300.247
300.256
300.265
300.274
300.283
300.292
300.301
300.31
300.319
300.328
300.337
300.346
300.355
300.364
300.373
300.381
300.39
300.399
300.407
300.416
300.424
300.432
300.44
300.449
300.457
300.465
300.472
300.48
300.488
300.495
300.503
300.51
300.517
300.524
300.001
300.002
300.003
300.005
300.007
300.008
300.01
300.012
300.014
300.016
300.018
300.021
300.023
300.026
300.029
300.032
300.036
300.039
300.043
300.047
300.051
300.055
300.059
300.064
300.069
300.074
300.079
300.084
300.09
300.095
300.101
300.107
300.113
300.12
300.126
300.133
300.14
300.147
300.154
300.161
300.168
300.175
300.183
300.19
300.198
300.205
300.213
300.221
300.229
300.236
300.244
300.252
300.26
300.268
300.276
300.284
300.291
300.299
300.307
300.315
300.322
300.33
300.337
300.345
300.352
300.36
300.367
300.374
300.382
300.389
300.396
300.403
300.409
300.416
300.423
300.429
300.436
300.442
300.449
300.455
300.461
300.001
300.002
300.003
300.005
300.006
300.007
300.009
300.011
300.013
300.015
300.017
300.019
300.021
300.024
300.026
300.029
300.032
300.035
300.039
300.042
300.046
300.049
300.053
300.057
300.062
300.066
300.071
300.075
300.08
300.085
300.091
300.096
300.101
300.107
300.113
300.118
300.124
300.13
300.137
300.143
300.149
300.155
300.162
300.168
300.175
300.182
300.188
300.195
300.202
300.209
300.215
300.222
300.229
300.236
300.242
300.249
300.256
300.263
300.269
300.276
300.282
300.289
300.295
300.302
300.308
300.315
300.321
300.327
300.333
300.339
300.345
300.351
300.357
300.363
300.369
300.374
300.38
300.385
300.391
300.396
300.401
300.001
300.002
300.003
300.004
300.005
300.007
300.008
300.01
300.011
300.013
300.015
300.017
300.019
300.021
300.024
300.026
300.029
300.032
300.035
300.038
300.041
300.044
300.048
300.051
300.055
300.059
300.063
300.067
300.071
300.076
300.08
300.085
300.09
300.094
300.099
300.104
300.11
300.115
300.12
300.125
300.131
300.136
300.142
300.148
300.153
300.159
300.165
300.17
300.176
300.182
300.188
300.194
300.199
300.205
300.211
300.217
300.222
300.228
300.234
300.239
300.245
300.251
300.256
300.262
300.267
300.272
300.278
300.283
300.288
300.293
300.299
300.304
300.309
300.314
300.318
300.323
300.328
300.333
300.337
300.342
300.346
300
300.001
300.003
300.004
300.005
300.006
300.007
300.009
300.01
300.012
300.013
300.015
300.017
300.019
300.021
300.023
300.026
300.028
300.031
300.033
300.036
300.039
300.042
300.045
300.048
300.052
300.055
300.059
300.063
300.066
300.07
300.074
300.078
300.083
300.087
300.091
300.096
300.1
300.105
300.109
300.114
300.119
300.123
300.128
300.133
300.138
300.143
300.147
300.152
300.157
300.162
300.167
300.172
300.177
300.182
300.187
300.191
300.196
300.201
300.206
300.211
300.215
300.22
300.225
300.229
300.234
300.238
300.243
300.247
300.251
300.256
300.26
300.264
300.268
300.272
300.276
300.28
300.284
300.288
300.292
300.296
300
300.001
300.002
300.003
300.004
300.005
300.007
300.008
300.009
300.01
300.012
300.013
300.015
300.017
300.019
300.021
300.023
300.025
300.027
300.029
300.032
300.034
300.037
300.04
300.042
300.045
300.048
300.051
300.055
300.058
300.061
300.065
300.068
300.072
300.075
300.079
300.083
300.087
300.09
300.094
300.098
300.102
300.106
300.11
300.114
300.118
300.123
300.127
300.131
300.135
300.139
300.143
300.147
300.151
300.156
300.16
300.164
300.168
300.172
300.176
300.18
300.184
300.188
300.191
300.195
300.199
300.203
300.207
300.21
300.214
300.218
300.221
300.225
300.228
300.232
300.235
300.238
300.242
300.245
300.248
300.251
300
300.001
300.002
300.003
300.004
300.005
300.006
300.007
300.008
300.009
300.011
300.012
300.013
300.015
300.016
300.018
300.02
300.022
300.024
300.026
300.028
300.03
300.032
300.035
300.037
300.04
300.042
300.045
300.047
300.05
300.053
300.056
300.059
300.062
300.065
300.068
300.071
300.075
300.078
300.081
300.085
300.088
300.091
300.095
300.098
300.102
300.105
300.109
300.112
300.116
300.119
300.123
300.126
300.129
300.133
300.136
300.14
300.143
300.147
300.15
300.153
300.156
300.16
300.163
300.166
300.169
300.173
300.176
300.179
300.182
300.185
300.188
300.191
300.194
300.197
300.199
300.202
300.205
300.208
300.21
300.213
300
300.001
300.002
300.003
300.003
300.004
300.005
300.006
300.007
300.008
300.009
300.011
300.012
300.013
300.015
300.016
300.018
300.019
300.021
300.023
300.025
300.026
300.028
300.03
300.033
300.035
300.037
300.039
300.042
300.044
300.046
300.049
300.052
300.054
300.057
300.06
300.062
300.065
300.068
300.071
300.074
300.076
300.079
300.082
300.085
300.088
300.091
300.094
300.097
300.1
300.103
300.106
300.109
300.112
300.115
300.117
300.12
300.123
300.126
300.129
300.132
300.135
300.137
300.14
300.143
300.145
300.148
300.151
300.153
300.156
300.159
300.161
300.164
300.166
300.168
300.171
300.173
300.176
300.178
300.18
300.182
300
300.001
300.002
300.002
300.003
300.004
300.005
300.006
300.007
300.007
300.009
300.01
300.011
300.012
300.013
300.015
300.016
300.017
300.019
300.02
300.022
300.024
300.026
300.027
300.029
300.031
300.033
300.035
300.037
300.039
300.042
300.044
300.046
300.048
300.051
300.053
300.055
300.058
300.06
300.063
300.065
300.068
300.07
300.073
300.076
300.078
300.081
300.083
300.086
300.088
300.091
300.094
300.096
300.099
300.101
300.104
300.106
300.109
300.111
300.114
300.116
300.119
300.121
300.123
300.126
300.128
300.131
300.133
300.135
300.137
300.14
300.142
300.144
300.146
300.148
300.15
300.152
300.154
300.156
300.158
300.16
300
300.001
300.002
300.002
300.003
300.004
300.004
300.005
300.006
300.007
300.008
300.009
300.01
300.011
300.012
300.014
300.015
300.016
300.018
300.019
300.021
300.022
300.024
300.026
300.027
300.029
300.031
300.033
300.035
300.037
300.039
300.041
300.043
300.045
300.047
300.05
300.052
300.054
300.056
300.059
300.061
300.063
300.066
300.068
300.07
300.073
300.075
300.077
300.08
300.082
300.085
300.087
300.089
300.092
300.094
300.096
300.099
300.101
300.103
300.106
300.108
300.11
300.112
300.114
300.117
300.119
300.121
300.123
300.125
300.127
300.129
300.131
300.133
300.135
300.137
300.139
300.141
300.143
300.145
300.147
300.148
302.594
302.713
302.813
302.9
302.977
303.047
303.111
303.169
303.223
303.272
303.318
303.36
303.4
303.436
303.47
303.501
303.53
303.558
303.584
303.609
303.633
303.657
303.681
303.705
303.73
303.755
303.78
303.804
303.828
303.852
303.876
303.899
303.922
303.945
303.967
303.989
304.011
304.032
304.053
304.074
304.094
304.115
304.135
304.155
304.174
304.194
304.213
304.232
304.251
304.269
304.288
304.306
304.324
304.341
304.359
304.376
304.393
304.41
304.426
304.443
304.459
304.475
304.49
304.506
304.521
304.537
304.552
304.566
304.581
304.595
304.609
304.623
304.637
304.65
304.663
304.676
304.689
304.702
304.714
304.726
304.738
304.75
304.761
304.773
304.784
304.794
304.805
304.815
304.825
304.835
304.844
304.854
304.863
304.872
304.88
304.889
304.897
304.904
304.912
304.919
304.926
304.933
304.94
304.946
304.952
304.958
304.963
304.968
304.973
304.978
304.982
304.986
304.99
304.994
304.997
305
305.002
305.005
305.007
305.008
305.01
305.011
305.011
305.011
305.011
305.011
305.01
305.008
305.006
305.004
305.001
304.997
304.993
304.988
304.982
304.976
304.969
304.96
304.951
304.941
304.93
304.917
304.903
304.887
304.87
304.851
304.829
304.805
304.779
304.749
304.716
304.679
304.638
304.591
304.538
304.478
304.417
304.344
304.239
304.081
303.832
302.529
302.635
302.73
302.815
302.892
302.963
303.027
303.086
303.141
303.191
303.238
303.282
303.323
303.36
303.396
303.429
303.46
303.489
303.517
303.544
303.57
303.595
303.62
303.645
303.671
303.696
303.721
303.746
303.771
303.795
303.819
303.843
303.866
303.889
303.911
303.934
303.956
303.977
303.999
304.02
304.041
304.061
304.082
304.102
304.122
304.141
304.161
304.18
304.199
304.217
304.236
304.254
304.272
304.29
304.308
304.325
304.342
304.359
304.376
304.392
304.409
304.425
304.441
304.456
304.472
304.487
304.502
304.517
304.532
304.546
304.56
304.574
304.588
304.602
304.615
304.628
304.641
304.654
304.666
304.678
304.69
304.702
304.713
304.725
304.736
304.747
304.757
304.768
304.778
304.788
304.797
304.806
304.816
304.824
304.833
304.841
304.85
304.857
304.865
304.872
304.879
304.886
304.893
304.899
304.905
304.911
304.916
304.922
304.927
304.931
304.936
304.94
304.944
304.947
304.95
304.953
304.956
304.958
304.96
304.962
304.963
304.964
304.965
304.965
304.965
304.964
304.963
304.962
304.96
304.957
304.954
304.951
304.947
304.942
304.936
304.93
304.922
304.914
304.905
304.895
304.884
304.871
304.857
304.841
304.824
304.804
304.783
304.758
304.732
304.702
304.669
304.631
304.59
304.542
304.488
304.427
304.363
304.285
304.175
304.012
303.761
302.471
302.565
302.653
302.734
302.809
302.878
302.943
303.002
303.057
303.109
303.157
303.201
303.243
303.282
303.319
303.354
303.386
303.417
303.447
303.475
303.502
303.529
303.555
303.582
303.608
303.633
303.659
303.684
303.709
303.734
303.758
303.782
303.806
303.829
303.852
303.875
303.897
303.919
303.941
303.962
303.984
304.004
304.025
304.045
304.066
304.085
304.105
304.124
304.143
304.162
304.181
304.199
304.218
304.236
304.253
304.271
304.288
304.305
304.322
304.339
304.355
304.372
304.388
304.403
304.419
304.434
304.45
304.465
304.479
304.494
304.508
304.522
304.536
304.55
304.563
304.576
304.589
304.602
304.615
304.627
304.639
304.651
304.662
304.674
304.685
304.696
304.707
304.717
304.727
304.737
304.747
304.756
304.765
304.774
304.783
304.791
304.799
304.807
304.815
304.822
304.83
304.836
304.843
304.849
304.855
304.861
304.867
304.872
304.877
304.882
304.886
304.89
304.894
304.898
304.901
304.904
304.907
304.909
304.911
304.913
304.914
304.915
304.916
304.916
304.916
304.915
304.914
304.913
304.911
304.908
304.905
304.902
304.897
304.893
304.887
304.881
304.873
304.865
304.856
304.846
304.834
304.822
304.808
304.792
304.774
304.755
304.733
304.709
304.682
304.652
304.618
304.581
304.538
304.49
304.435
304.373
304.305
304.222
304.108
303.942
303.692
302.415
302.499
302.58
302.656
302.728
302.796
302.859
302.918
302.973
303.024
303.073
303.119
303.161
303.202
303.24
303.276
303.31
303.342
303.373
303.403
303.431
303.459
303.487
303.514
303.541
303.567
303.593
303.619
303.644
303.67
303.694
303.719
303.743
303.766
303.79
303.813
303.835
303.858
303.88
303.901
303.923
303.944
303.965
303.985
304.006
304.026
304.046
304.065
304.085
304.104
304.123
304.141
304.16
304.178
304.196
304.213
304.231
304.248
304.265
304.282
304.299
304.315
304.331
304.347
304.363
304.378
304.394
304.409
304.424
304.438
304.453
304.467
304.481
304.495
304.508
304.521
304.535
304.547
304.56
304.572
304.585
304.597
304.608
304.62
304.631
304.642
304.653
304.663
304.673
304.683
304.693
304.702
304.712
304.721
304.729
304.738
304.746
304.754
304.762
304.769
304.776
304.783
304.79
304.796
304.802
304.808
304.814
304.819
304.824
304.829
304.833
304.838
304.841
304.845
304.848
304.851
304.854
304.856
304.858
304.86
304.862
304.863
304.863
304.863
304.863
304.863
304.862
304.86
304.858
304.856
304.853
304.849
304.845
304.84
304.835
304.828
304.821
304.813
304.804
304.794
304.782
304.769
304.755
304.739
304.722
304.702
304.68
304.656
304.629
304.599
304.565
304.527
304.484
304.435
304.379
304.316
304.245
304.158
304.039
303.871
303.625
302.36
302.436
302.51
302.581
302.649
302.714
302.775
302.833
302.888
302.939
302.988
303.034
303.078
303.119
303.158
303.195
303.23
303.264
303.296
303.327
303.357
303.386
303.414
303.442
303.47
303.497
303.523
303.55
303.576
303.601
303.626
303.651
303.676
303.7
303.723
303.747
303.77
303.792
303.815
303.837
303.858
303.88
303.901
303.922
303.942
303.963
303.983
304.003
304.022
304.042
304.061
304.079
304.098
304.116
304.134
304.152
304.17
304.187
304.205
304.222
304.238
304.255
304.271
304.287
304.303
304.319
304.334
304.349
304.364
304.379
304.394
304.408
304.422
304.436
304.45
304.463
304.476
304.489
304.502
304.514
304.527
304.539
304.55
304.562
304.573
304.584
304.595
304.606
304.616
304.626
304.636
304.645
304.655
304.664
304.673
304.681
304.689
304.697
304.705
304.713
304.72
304.727
304.733
304.74
304.746
304.752
304.758
304.763
304.768
304.773
304.777
304.781
304.785
304.789
304.792
304.795
304.798
304.8
304.802
304.804
304.806
304.807
304.807
304.808
304.808
304.807
304.806
304.805
304.803
304.8
304.797
304.794
304.79
304.785
304.779
304.773
304.766
304.757
304.748
304.738
304.727
304.714
304.7
304.684
304.666
304.646
304.625
304.6
304.573
304.542
304.508
304.47
304.426
304.377
304.32
304.256
304.182
304.09
303.969
303.799
303.559
302.304
302.373
302.441
302.508
302.572
302.634
302.693
302.749
302.803
302.854
302.902
302.948
302.992
303.034
303.073
303.111
303.147
303.182
303.215
303.247
303.278
303.308
303.338
303.367
303.395
303.423
303.45
303.477
303.503
303.529
303.555
303.58
303.605
303.629
303.653
303.677
303.7
303.723
303.746
303.768
303.79
303.812
303.833
303.854
303.875
303.896
303.916
303.936
303.956
303.976
303.995
304.014
304.033
304.051
304.069
304.087
304.105
304.123
304.14
304.157
304.174
304.191
304.207
304.224
304.24
304.255
304.271
304.286
304.301
304.316
304.331
304.345
304.36
304.374
304.387
304.401
304.414
304.427
304.44
304.453
304.465
304.477
304.489
304.501
304.512
304.523
304.534
304.545
304.555
304.565
304.575
304.585
304.594
304.603
304.612
304.621
304.629
304.637
304.645
304.652
304.66
304.667
304.673
304.68
304.686
304.692
304.698
304.703
304.708
304.713
304.717
304.722
304.726
304.729
304.733
304.736
304.738
304.741
304.743
304.745
304.746
304.747
304.748
304.748
304.748
304.748
304.747
304.745
304.743
304.741
304.738
304.735
304.73
304.726
304.72
304.714
304.706
304.698
304.689
304.679
304.668
304.655
304.641
304.625
304.607
304.587
304.565
304.541
304.513
304.482
304.448
304.409
304.365
304.315
304.257
304.192
304.115
304.021
303.896
303.727
303.495
302.247
302.311
302.374
302.435
302.496
302.554
302.611
302.665
302.717
302.767
302.815
302.861
302.905
302.947
302.987
303.025
303.062
303.098
303.132
303.165
303.197
303.228
303.258
303.287
303.316
303.345
303.372
303.4
303.427
303.453
303.479
303.505
303.53
303.555
303.579
303.603
303.627
303.65
303.673
303.696
303.718
303.74
303.762
303.783
303.804
303.825
303.846
303.866
303.886
303.906
303.925
303.944
303.963
303.982
304
304.019
304.037
304.054
304.072
304.089
304.106
304.123
304.14
304.156
304.172
304.188
304.204
304.219
304.234
304.249
304.264
304.279
304.293
304.307
304.321
304.335
304.348
304.361
304.374
304.387
304.4
304.412
304.424
304.435
304.447
304.458
304.469
304.48
304.49
304.501
304.511
304.52
304.53
304.539
304.548
304.556
304.565
304.573
304.581
304.588
304.596
304.603
304.61
304.616
304.622
304.628
304.634
304.639
304.645
304.649
304.654
304.658
304.662
304.666
304.669
304.672
304.675
304.678
304.68
304.682
304.683
304.684
304.685
304.685
304.685
304.685
304.684
304.682
304.681
304.678
304.675
304.672
304.668
304.663
304.657
304.651
304.644
304.636
304.627
304.616
304.605
304.592
304.578
304.562
304.544
304.524
304.502
304.478
304.45
304.419
304.384
304.345
304.3
304.25
304.191
304.124
304.045
303.948
303.822
303.654
303.431
302.19
302.248
302.306
302.364
302.42
302.476
302.53
302.582
302.632
302.681
302.728
302.773
302.817
302.858
302.899
302.937
302.975
303.011
303.045
303.079
303.112
303.143
303.174
303.204
303.234
303.263
303.291
303.319
303.346
303.373
303.399
303.425
303.451
303.476
303.501
303.525
303.549
303.573
303.596
303.619
303.642
303.664
303.686
303.708
303.729
303.75
303.771
303.791
303.811
303.831
303.851
303.871
303.89
303.909
303.927
303.946
303.964
303.982
303.999
304.017
304.034
304.051
304.068
304.084
304.101
304.117
304.133
304.148
304.164
304.179
304.194
304.208
304.223
304.237
304.251
304.265
304.278
304.292
304.305
304.318
304.33
304.342
304.354
304.366
304.378
304.389
304.4
304.411
304.422
304.432
304.442
304.452
304.461
304.47
304.479
304.488
304.497
304.505
304.513
304.52
304.528
304.535
304.542
304.548
304.555
304.561
304.566
304.572
304.577
304.582
304.586
304.591
304.595
304.599
304.602
304.605
304.608
304.61
304.613
304.614
304.616
304.617
304.618
304.618
304.618
304.618
304.617
304.615
304.614
304.611
304.608
304.605
304.601
304.596
304.591
304.584
304.577
304.569
304.56
304.55
304.538
304.526
304.511
304.495
304.478
304.458
304.436
304.411
304.383
304.352
304.317
304.277
304.232
304.181
304.122
304.053
303.973
303.873
303.747
303.581
303.367
302.131
302.185
302.239
302.293
302.346
302.398
302.449
302.499
302.547
302.594
302.64
302.684
302.727
302.769
302.809
302.847
302.885
302.921
302.956
302.99
303.023
303.056
303.087
303.118
303.148
303.177
303.206
303.234
303.262
303.289
303.316
303.342
303.368
303.394
303.419
303.443
303.468
303.492
303.515
303.538
303.561
303.584
303.606
303.628
303.65
303.671
303.692
303.713
303.733
303.753
303.773
303.793
303.812
303.831
303.85
303.868
303.887
303.905
303.923
303.94
303.958
303.975
303.992
304.008
304.025
304.041
304.057
304.073
304.088
304.104
304.119
304.134
304.148
304.163
304.177
304.191
304.204
304.218
304.231
304.244
304.256
304.269
304.281
304.293
304.305
304.316
304.327
304.338
304.349
304.359
304.369
304.379
304.389
304.398
304.407
304.416
304.424
304.433
304.441
304.448
304.456
304.463
304.47
304.476
304.483
304.489
304.495
304.5
304.505
304.51
304.515
304.519
304.523
304.527
304.531
304.534
304.537
304.539
304.541
304.543
304.545
304.546
304.547
304.547
304.547
304.547
304.546
304.544
304.543
304.54
304.537
304.534
304.53
304.525
304.52
304.514
304.506
304.498
304.489
304.479
304.468
304.455
304.441
304.425
304.407
304.387
304.365
304.34
304.312
304.281
304.245
304.205
304.16
304.108
304.048
303.979
303.897
303.796
303.67
303.508
303.304
302.071
302.121
302.171
302.221
302.271
302.32
302.368
302.416
302.462
302.508
302.552
302.595
302.637
302.678
302.718
302.756
302.793
302.83
302.865
302.899
302.933
302.965
302.997
303.028
303.058
303.088
303.117
303.146
303.174
303.201
303.229
303.255
303.281
303.307
303.333
303.357
303.382
303.406
303.43
303.454
303.477
303.499
303.522
303.544
303.566
303.587
303.609
303.629
303.65
303.67
303.691
303.71
303.73
303.749
303.768
303.787
303.805
303.824
303.842
303.859
303.877
303.894
303.911
303.928
303.945
303.961
303.977
303.993
304.009
304.024
304.039
304.054
304.069
304.084
304.098
304.112
304.126
304.139
304.152
304.165
304.178
304.191
304.203
304.215
304.227
304.238
304.25
304.261
304.271
304.282
304.292
304.302
304.312
304.321
304.33
304.339
304.348
304.356
304.364
304.372
304.379
304.386
304.393
304.4
304.406
304.413
304.418
304.424
304.429
304.434
304.439
304.443
304.447
304.451
304.455
304.458
304.461
304.463
304.466
304.467
304.469
304.47
304.471
304.471
304.472
304.471
304.47
304.469
304.467
304.465
304.462
304.459
304.455
304.45
304.445
304.438
304.431
304.423
304.414
304.404
304.393
304.38
304.366
304.35
304.332
304.312
304.29
304.265
304.237
304.205
304.17
304.13
304.084
304.032
303.971
303.901
303.818
303.717
303.591
303.434
303.24
302.01
302.057
302.103
302.15
302.196
302.243
302.288
302.333
302.378
302.421
302.464
302.506
302.546
302.586
302.625
302.663
302.7
302.736
302.771
302.805
302.839
302.872
302.904
302.935
302.965
302.995
303.025
303.054
303.082
303.11
303.137
303.164
303.191
303.217
303.242
303.267
303.292
303.317
303.341
303.364
303.388
303.411
303.433
303.456
303.478
303.5
303.521
303.542
303.563
303.583
303.604
303.624
303.643
303.663
303.682
303.701
303.719
303.738
303.756
303.774
303.792
303.809
303.826
303.843
303.86
303.876
303.893
303.909
303.925
303.94
303.955
303.971
303.985
304
304.014
304.029
304.042
304.056
304.07
304.083
304.096
304.108
304.121
304.133
304.145
304.156
304.168
304.179
304.189
304.2
304.21
304.22
304.23
304.24
304.249
304.258
304.266
304.275
304.283
304.291
304.298
304.305
304.312
304.319
304.326
304.332
304.338
304.343
304.349
304.354
304.358
304.363
304.367
304.371
304.374
304.378
304.38
304.383
304.385
304.387
304.389
304.39
304.391
304.391
304.392
304.391
304.39
304.389
304.388
304.385
304.383
304.379
304.375
304.371
304.365
304.359
304.352
304.344
304.335
304.325
304.314
304.301
304.287
304.271
304.253
304.233
304.211
304.186
304.158
304.126
304.09
304.05
304.004
303.951
303.89
303.819
303.736
303.635
303.511
303.358
303.175
301.948
301.991
302.034
302.078
302.122
302.165
302.208
302.251
302.293
302.334
302.375
302.416
302.455
302.494
302.532
302.569
302.605
302.641
302.676
302.71
302.743
302.776
302.808
302.839
302.87
302.9
302.929
302.958
302.987
303.015
303.042
303.069
303.096
303.122
303.148
303.173
303.198
303.223
303.247
303.271
303.295
303.318
303.341
303.363
303.385
303.407
303.429
303.45
303.471
303.492
303.512
303.532
303.552
303.572
303.591
303.61
303.629
303.648
303.666
303.684
303.702
303.719
303.737
303.754
303.771
303.787
303.804
303.82
303.836
303.851
303.867
303.882
303.897
303.912
303.926
303.941
303.955
303.968
303.982
303.995
304.008
304.021
304.033
304.046
304.058
304.069
304.081
304.092
304.103
304.113
304.124
304.134
304.144
304.153
304.163
304.172
304.18
304.189
304.197
304.205
304.212
304.22
304.227
304.234
304.24
304.246
304.252
304.258
304.263
304.268
304.273
304.278
304.282
304.286
304.289
304.292
304.295
304.298
304.3
304.302
304.304
304.305
304.306
304.307
304.307
304.307
304.306
304.305
304.303
304.301
304.298
304.295
304.291
304.286
304.281
304.275
304.268
304.26
304.251
304.241
304.23
304.217
304.203
304.187
304.169
304.149
304.127
304.102
304.074
304.042
304.006
303.966
303.92
303.867
303.806
303.734
303.651
303.55
303.429
303.282
303.109
301.884
301.924
301.965
302.006
302.046
302.087
302.128
302.168
302.208
302.247
302.286
302.325
302.363
302.401
302.437
302.474
302.509
302.544
302.578
302.612
302.645
302.677
302.709
302.74
302.771
302.801
302.831
302.86
302.888
302.916
302.944
302.971
302.998
303.024
303.05
303.075
303.101
303.125
303.15
303.174
303.197
303.221
303.244
303.266
303.289
303.311
303.332
303.354
303.375
303.396
303.416
303.437
303.457
303.476
303.496
303.515
303.534
303.553
303.571
303.589
303.607
303.625
303.642
303.659
303.676
303.693
303.71
303.726
303.742
303.758
303.773
303.789
303.804
303.819
303.833
303.848
303.862
303.876
303.889
303.903
303.916
303.929
303.941
303.954
303.966
303.977
303.989
304
304.011
304.022
304.032
304.043
304.052
304.062
304.071
304.081
304.089
304.098
304.106
304.114
304.122
304.129
304.136
304.143
304.15
304.156
304.162
304.167
304.173
304.178
304.183
304.187
304.192
304.195
304.199
304.202
304.205
304.208
304.21
304.212
304.214
304.215
304.216
304.217
304.217
304.217
304.216
304.215
304.213
304.211
304.209
304.205
304.202
304.197
304.192
304.186
304.179
304.171
304.162
304.152
304.141
304.128
304.114
304.098
304.081
304.061
304.038
304.013
303.985
303.954
303.918
303.877
303.831
303.778
303.717
303.646
303.562
303.463
303.345
303.204
303.041
301.819
301.857
301.894
301.932
301.971
302.009
302.047
302.085
302.123
302.16
302.197
302.234
302.271
302.307
302.342
302.378
302.412
302.446
302.48
302.513
302.545
302.577
302.608
302.639
302.67
302.699
302.729
302.758
302.786
302.814
302.842
302.869
302.896
302.922
302.948
302.974
302.999
303.024
303.048
303.072
303.096
303.119
303.142
303.165
303.188
303.21
303.232
303.253
303.274
303.295
303.316
303.336
303.356
303.376
303.396
303.415
303.434
303.453
303.471
303.49
303.508
303.525
303.543
303.56
303.577
303.594
303.611
303.627
303.643
303.659
303.675
303.69
303.706
303.721
303.735
303.75
303.764
303.778
303.792
303.805
303.818
303.831
303.844
303.857
303.869
303.881
303.892
303.904
303.915
303.925
303.936
303.946
303.956
303.966
303.975
303.984
303.993
304.002
304.01
304.018
304.026
304.033
304.04
304.047
304.054
304.06
304.066
304.072
304.077
304.083
304.087
304.092
304.096
304.1
304.104
304.107
304.11
304.113
304.115
304.117
304.119
304.121
304.122
304.122
304.122
304.122
304.122
304.12
304.119
304.117
304.114
304.111
304.107
304.103
304.098
304.092
304.085
304.077
304.068
304.058
304.047
304.035
304.021
304.005
303.987
303.967
303.945
303.92
303.892
303.861
303.825
303.784
303.738
303.685
303.624
303.553
303.471
303.374
303.259
303.125
302.971
301.753
301.788
301.823
301.859
301.894
301.93
301.966
302.002
302.037
302.073
302.108
302.143
302.178
302.213
302.247
302.281
302.314
302.347
302.38
302.412
302.444
302.475
302.506
302.536
302.566
302.596
302.625
302.653
302.681
302.709
302.737
302.764
302.79
302.817
302.843
302.868
302.893
302.918
302.942
302.967
302.99
303.014
303.037
303.06
303.082
303.104
303.126
303.148
303.169
303.19
303.211
303.231
303.251
303.271
303.291
303.31
303.329
303.348
303.367
303.385
303.403
303.421
303.439
303.456
303.473
303.49
303.507
303.524
303.54
303.556
303.572
303.587
303.602
303.617
303.632
303.647
303.661
303.675
303.689
303.703
303.716
303.729
303.742
303.754
303.767
303.778
303.79
303.802
303.813
303.824
303.834
303.845
303.855
303.864
303.874
303.883
303.892
303.901
303.909
303.917
303.925
303.932
303.939
303.946
303.953
303.959
303.965
303.971
303.977
303.982
303.987
303.991
303.996
304
304.003
304.007
304.01
304.013
304.015
304.017
304.019
304.02
304.021
304.022
304.022
304.022
304.022
304.021
304.019
304.017
304.014
304.011
304.008
304.003
303.998
303.992
303.985
303.978
303.969
303.959
303.948
303.936
303.922
303.906
303.889
303.869
303.847
303.822
303.794
303.762
303.727
303.686
303.64
303.588
303.527
303.457
303.376
303.282
303.171
303.044
302.899
301.685
301.718
301.751
301.784
301.817
301.851
301.884
301.918
301.951
301.985
302.018
302.052
302.085
302.118
302.15
302.183
302.215
302.247
302.279
302.31
302.341
302.371
302.401
302.431
302.46
302.489
302.518
302.546
302.574
302.602
302.629
302.655
302.682
302.708
302.734
302.759
302.784
302.809
302.833
302.857
302.881
302.904
302.927
302.95
302.973
302.995
303.017
303.038
303.059
303.08
303.101
303.122
303.142
303.162
303.181
303.201
303.22
303.239
303.257
303.276
303.294
303.312
303.33
303.347
303.364
303.381
303.398
303.415
303.431
303.447
303.463
303.479
303.494
303.509
303.524
303.539
303.553
303.567
303.581
303.595
303.608
303.621
303.634
303.647
303.659
303.671
303.683
303.694
303.706
303.717
303.727
303.738
303.748
303.757
303.767
303.776
303.785
303.794
303.802
303.81
303.818
303.826
303.833
303.84
303.847
303.853
303.859
303.865
303.871
303.876
303.881
303.885
303.89
303.894
303.897
303.901
303.904
303.907
303.909
303.911
303.913
303.915
303.916
303.916
303.917
303.917
303.916
303.915
303.914
303.912
303.909
303.906
303.902
303.898
303.893
303.887
303.881
303.873
303.864
303.855
303.844
303.831
303.818
303.802
303.785
303.765
303.743
303.719
303.691
303.659
303.624
303.584
303.538
303.486
303.426
303.358
303.278
303.187
303.081
302.96
302.824
301.617
301.647
301.678
301.709
301.74
301.771
301.802
301.834
301.865
301.897
301.928
301.96
301.991
302.023
302.054
302.085
302.116
302.146
302.176
302.207
302.236
302.266
302.295
302.324
302.353
302.381
302.409
302.437
302.464
302.491
302.518
302.544
302.57
302.596
302.622
302.647
302.672
302.696
302.72
302.744
302.768
302.791
302.814
302.837
302.859
302.881
302.903
302.924
302.946
302.966
302.987
303.008
303.028
303.048
303.067
303.087
303.106
303.125
303.143
303.162
303.18
303.198
303.216
303.233
303.25
303.267
303.284
303.301
303.317
303.333
303.349
303.365
303.38
303.396
303.411
303.425
303.44
303.454
303.468
303.482
303.495
303.508
303.521
303.534
303.546
303.558
303.57
303.582
303.593
303.604
303.615
303.625
303.635
303.645
303.655
303.664
303.673
303.682
303.69
303.698
303.706
303.714
303.721
303.728
303.735
303.741
303.747
303.753
303.759
303.764
303.769
303.774
303.778
303.782
303.786
303.789
303.792
303.795
303.798
303.8
303.802
303.803
303.804
303.805
303.806
303.805
303.805
303.804
303.803
303.801
303.798
303.795
303.792
303.788
303.783
303.777
303.77
303.763
303.754
303.745
303.734
303.722
303.708
303.693
303.676
303.656
303.634
303.61
303.582
303.551
303.516
303.477
303.432
303.38
303.321
303.254
303.177
303.089
302.988
302.873
302.747
301.547
301.575
301.604
301.632
301.661
301.691
301.72
301.749
301.779
301.808
301.838
301.868
301.897
301.927
301.957
301.986
302.015
302.045
302.074
302.103
302.131
302.16
302.188
302.216
302.244
302.271
302.299
302.326
302.352
302.379
302.405
302.431
302.456
302.482
302.507
302.532
302.556
302.58
302.604
302.628
302.651
302.674
302.697
302.719
302.741
302.763
302.785
302.806
302.827
302.848
302.869
302.889
302.909
302.929
302.949
302.968
302.987
303.006
303.025
303.043
303.061
303.079
303.097
303.114
303.132
303.149
303.165
303.182
303.198
303.215
303.23
303.246
303.262
303.277
303.292
303.307
303.321
303.335
303.349
303.363
303.377
303.39
303.403
303.415
303.428
303.44
303.452
303.464
303.475
303.486
303.497
303.507
303.517
303.527
303.537
303.546
303.555
303.564
303.572
303.581
303.589
303.596
303.603
303.611
303.617
303.624
303.63
303.636
303.641
303.647
303.652
303.656
303.661
303.665
303.669
303.672
303.675
303.678
303.681
303.683
303.685
303.686
303.687
303.688
303.689
303.689
303.688
303.687
303.686
303.684
303.682
303.679
303.676
303.671
303.666
303.661
303.654
303.647
303.639
303.629
303.619
303.607
303.593
303.578
303.561
303.542
303.52
303.496
303.469
303.438
303.404
303.364
303.32
303.27
303.212
303.147
303.072
302.988
302.892
302.784
302.665
301.476
301.502
301.529
301.556
301.582
301.61
301.637
301.664
301.692
301.72
301.747
301.775
301.803
301.831
301.859
301.887
301.915
301.943
301.97
301.998
302.025
302.053
302.08
302.107
302.133
302.16
302.186
302.213
302.238
302.264
302.29
302.315
302.34
302.365
302.389
302.414
302.438
302.461
302.485
302.508
302.531
302.554
302.576
302.598
302.62
302.642
302.663
302.685
302.705
302.726
302.747
302.767
302.787
302.806
302.826
302.845
302.864
302.883
302.901
302.92
302.938
302.956
302.973
302.991
303.008
303.025
303.042
303.058
303.075
303.091
303.107
303.122
303.138
303.153
303.168
303.183
303.197
303.211
303.225
303.239
303.253
303.266
303.279
303.292
303.304
303.316
303.328
303.34
303.351
303.362
303.373
303.384
303.394
303.404
303.413
303.423
303.432
303.441
303.449
303.457
303.465
303.473
303.48
303.487
303.494
303.5
303.507
303.513
303.518
303.523
303.528
303.533
303.538
303.542
303.546
303.549
303.552
303.555
303.558
303.56
303.562
303.563
303.565
303.566
303.566
303.566
303.566
303.565
303.564
303.562
303.56
303.557
303.553
303.549
303.545
303.539
303.533
303.525
303.517
303.508
303.497
303.486
303.472
303.457
303.441
303.422
303.401
303.377
303.35
303.32
303.286
303.248
303.204
303.155
303.099
303.036
302.964
302.883
302.792
302.691
302.581
301.405
301.429
301.453
301.478
301.503
301.528
301.553
301.579
301.605
301.631
301.657
301.683
301.709
301.735
301.761
301.788
301.814
301.84
301.866
301.893
301.919
301.945
301.971
301.996
302.022
302.048
302.073
302.098
302.123
302.148
302.173
302.197
302.222
302.246
302.27
302.293
302.317
302.34
302.363
302.386
302.408
302.43
302.452
302.474
302.496
302.517
302.538
302.559
302.58
302.6
302.62
302.64
302.66
302.679
302.699
302.718
302.737
302.755
302.774
302.792
302.81
302.827
302.845
302.862
302.879
302.896
302.913
302.929
302.946
302.962
302.978
302.993
303.009
303.024
303.039
303.054
303.068
303.082
303.096
303.11
303.124
303.137
303.15
303.163
303.175
303.187
303.199
303.211
303.222
303.233
303.244
303.254
303.265
303.275
303.284
303.294
303.303
303.311
303.32
303.328
303.336
303.344
303.351
303.358
303.365
303.371
303.378
303.384
303.389
303.395
303.4
303.404
303.409
303.413
303.417
303.42
303.423
303.426
303.429
303.431
303.433
303.435
303.436
303.437
303.437
303.438
303.437
303.437
303.435
303.434
303.432
303.429
303.425
303.421
303.417
303.411
303.405
303.398
303.39
303.381
303.371
303.359
303.346
303.331
303.315
303.296
303.276
303.252
303.226
303.196
303.163
303.126
303.083
303.036
302.982
302.921
302.852
302.776
302.69
302.595
302.493
301.332
301.354
301.377
301.4
301.423
301.446
301.47
301.493
301.517
301.541
301.566
301.59
301.614
301.639
301.664
301.688
301.713
301.738
301.762
301.787
301.812
301.836
301.861
301.886
301.91
301.934
301.959
301.983
302.007
302.031
302.055
302.078
302.102
302.125
302.148
302.171
302.194
302.216
302.239
302.261
302.283
302.304
302.326
302.347
302.368
302.389
302.41
302.431
302.451
302.471
302.491
302.51
302.53
302.549
302.568
302.587
302.605
302.623
302.642
302.66
302.677
302.695
302.712
302.729
302.746
302.763
302.78
302.796
302.812
302.828
302.844
302.86
302.875
302.89
302.905
302.92
302.934
302.948
302.962
302.976
302.989
303.002
303.015
303.028
303.041
303.053
303.065
303.076
303.087
303.099
303.109
303.12
303.13
303.14
303.15
303.159
303.168
303.177
303.185
303.194
303.201
303.209
303.216
303.224
303.23
303.237
303.243
303.249
303.254
303.26
303.265
303.27
303.274
303.278
303.282
303.286
303.289
303.292
303.294
303.297
303.299
303.3
303.302
303.303
303.303
303.303
303.303
303.302
303.301
303.3
303.298
303.295
303.292
303.288
303.283
303.278
303.272
303.265
303.257
303.248
303.238
303.227
303.214
303.2
303.184
303.166
303.145
303.122
303.097
303.068
303.036
302.999
302.958
302.912
302.86
302.802
302.737
302.665
302.584
302.496
302.401
301.258
301.279
301.3
301.321
301.342
301.364
301.386
301.408
301.43
301.452
301.475
301.497
301.52
301.543
301.566
301.589
301.612
301.635
301.658
301.681
301.705
301.728
301.751
301.774
301.798
301.821
301.844
301.867
301.89
301.913
301.935
301.958
301.98
302.003
302.025
302.047
302.069
302.091
302.112
302.134
302.155
302.176
302.197
302.218
302.238
302.259
302.279
302.299
302.319
302.338
302.358
302.377
302.396
302.415
302.433
302.452
302.47
302.488
302.506
302.524
302.541
302.558
302.576
302.593
302.609
302.626
302.642
302.658
302.674
302.69
302.706
302.721
302.736
302.751
302.766
302.781
302.795
302.809
302.823
302.837
302.85
302.863
302.876
302.889
302.901
302.913
302.925
302.936
302.948
302.959
302.969
302.98
302.99
303
303.01
303.019
303.028
303.037
303.045
303.053
303.061
303.069
303.076
303.083
303.09
303.096
303.103
303.109
303.114
303.119
303.125
303.129
303.134
303.138
303.142
303.145
303.149
303.151
303.154
303.156
303.158
303.16
303.161
303.162
303.163
303.163
303.163
303.162
303.161
303.16
303.158
303.155
303.152
303.149
303.144
303.139
303.133
303.126
303.119
303.11
303.1
303.089
303.077
303.063
303.047
303.029
303.01
302.987
302.962
302.935
302.903
302.868
302.829
302.784
302.735
302.68
302.618
302.55
302.475
302.393
302.304
301.184
301.203
301.222
301.242
301.261
301.281
301.301
301.322
301.342
301.363
301.383
301.404
301.425
301.447
301.468
301.489
301.511
301.533
301.554
301.576
301.598
301.62
301.641
301.663
301.685
301.707
301.729
301.75
301.772
301.794
301.815
301.837
301.858
301.88
301.901
301.922
301.943
301.964
301.985
302.005
302.026
302.046
302.066
302.087
302.106
302.126
302.146
302.165
302.184
302.203
302.222
302.241
302.259
302.278
302.296
302.314
302.332
302.349
302.367
302.384
302.401
302.418
302.435
302.452
302.468
302.485
302.501
302.517
302.532
302.548
302.563
302.579
302.594
302.608
302.623
302.637
302.652
302.665
302.679
302.693
302.706
302.719
302.732
302.744
302.756
302.768
302.78
302.792
302.803
302.814
302.824
302.835
302.845
302.855
302.864
302.874
302.883
302.891
302.9
302.908
302.916
302.923
302.931
302.938
302.944
302.951
302.957
302.963
302.968
302.974
302.979
302.983
302.988
302.992
302.996
302.999
303.003
303.006
303.008
303.011
303.013
303.014
303.016
303.017
303.017
303.018
303.017
303.017
303.016
303.015
303.013
303.01
303.007
303.004
302.999
302.994
302.989
302.982
302.975
302.966
302.957
302.946
302.934
302.92
302.905
302.888
302.869
302.847
302.823
302.796
302.766
302.732
302.695
302.653
302.606
302.553
302.496
302.432
302.362
302.286
302.204
301.11
301.127
301.145
301.162
301.18
301.199
301.217
301.236
301.255
301.274
301.293
301.312
301.331
301.351
301.371
301.391
301.41
301.43
301.451
301.471
301.491
301.511
301.532
301.552
301.573
301.593
301.614
301.634
301.655
301.675
301.695
301.716
301.736
301.756
301.776
301.797
301.817
301.836
301.856
301.876
301.896
301.915
301.934
301.954
301.973
301.992
302.011
302.029
302.048
302.066
302.084
302.103
302.12
302.138
302.156
302.173
302.191
302.208
302.225
302.242
302.259
302.275
302.292
302.308
302.324
302.34
302.356
302.371
302.387
302.402
302.417
302.432
302.447
302.461
302.476
302.49
302.504
302.518
302.531
302.544
302.557
302.57
302.583
302.595
302.607
302.619
302.631
302.642
302.653
302.664
302.675
302.685
302.695
302.705
302.714
302.723
302.732
302.741
302.749
302.757
302.765
302.773
302.78
302.787
302.793
302.8
302.806
302.812
302.817
302.823
302.828
302.832
302.837
302.841
302.845
302.848
302.851
302.854
302.857
302.859
302.861
302.863
302.865
302.866
302.866
302.867
302.867
302.866
302.865
302.864
302.862
302.86
302.857
302.853
302.849
302.845
302.839
302.833
302.826
302.817
302.808
302.798
302.786
302.773
302.758
302.742
302.723
302.703
302.68
302.654
302.625
302.593
302.557
302.517
302.473
302.424
302.369
302.31
302.245
302.175
302.1
301.035
301.051
301.067
301.083
301.1
301.116
301.133
301.15
301.167
301.185
301.202
301.22
301.238
301.256
301.274
301.292
301.311
301.329
301.348
301.366
301.385
301.404
301.423
301.442
301.461
301.48
301.499
301.518
301.537
301.556
301.575
301.595
301.614
301.633
301.652
301.671
301.69
301.708
301.727
301.746
301.765
301.783
301.802
301.82
301.838
301.856
301.874
301.892
301.91
301.928
301.945
301.963
301.98
301.997
302.014
302.031
302.048
302.064
302.081
302.097
302.113
302.129
302.145
302.161
302.177
302.192
302.208
302.223
302.238
302.253
302.268
302.282
302.297
302.311
302.325
302.339
302.353
302.366
302.379
302.392
302.405
302.418
302.43
302.442
302.454
302.466
302.477
302.488
302.499
302.51
302.52
302.531
302.54
302.55
302.559
302.568
302.577
302.586
302.594
302.602
302.61
302.617
302.624
302.631
302.638
302.644
302.65
302.656
302.661
302.667
302.672
302.676
302.681
302.685
302.688
302.692
302.695
302.698
302.701
302.703
302.705
302.707
302.708
302.709
302.71
302.711
302.711
302.71
302.709
302.708
302.706
302.704
302.701
302.698
302.694
302.69
302.684
302.678
302.672
302.664
302.655
302.645
302.634
302.621
302.607
302.591
302.573
302.554
302.532
302.507
302.48
302.449
302.415
302.378
302.336
302.29
302.24
302.185
302.126
302.061
301.992
300.96
300.975
300.989
301.004
301.019
301.034
301.049
301.065
301.081
301.096
301.112
301.129
301.145
301.161
301.178
301.195
301.212
301.229
301.246
301.263
301.28
301.297
301.315
301.332
301.35
301.368
301.385
301.403
301.421
301.439
301.456
301.474
301.492
301.51
301.528
301.545
301.563
301.581
301.598
301.616
301.634
301.651
301.669
301.686
301.703
301.72
301.737
301.754
301.771
301.788
301.805
301.822
301.838
301.854
301.871
301.887
301.903
301.919
301.935
301.951
301.966
301.982
301.997
302.012
302.028
302.043
302.057
302.072
302.087
302.101
302.116
302.13
302.144
302.158
302.171
302.185
302.198
302.211
302.224
302.237
302.25
302.262
302.274
302.286
302.298
302.309
302.32
302.331
302.342
302.352
302.363
302.372
302.382
302.392
302.401
302.41
302.418
302.427
302.435
302.443
302.45
302.458
302.465
302.471
302.478
302.484
302.49
302.496
302.501
302.506
302.511
302.516
302.52
302.524
302.528
302.531
302.535
302.538
302.54
302.543
302.545
302.546
302.548
302.549
302.55
302.55
302.55
302.55
302.549
302.548
302.546
302.544
302.542
302.539
302.535
302.53
302.525
302.52
302.513
302.506
302.497
302.488
302.477
302.465
302.451
302.436
302.419
302.401
302.38
302.356
302.331
302.302
302.27
302.235
302.197
302.154
302.108
302.057
302.002
301.944
301.881
300.886
300.899
300.912
300.925
300.939
300.953
300.966
300.981
300.995
301.009
301.024
301.038
301.053
301.068
301.083
301.098
301.114
301.129
301.145
301.16
301.176
301.192
301.208
301.224
301.24
301.257
301.273
301.289
301.306
301.322
301.338
301.355
301.371
301.388
301.404
301.421
301.437
301.454
301.47
301.487
301.503
301.52
301.536
301.552
301.569
301.585
301.601
301.617
301.633
301.649
301.665
301.68
301.696
301.712
301.727
301.742
301.758
301.773
301.788
301.803
301.818
301.833
301.848
301.862
301.877
301.891
301.906
301.92
301.934
301.948
301.962
301.975
301.989
302.002
302.016
302.029
302.042
302.054
302.067
302.079
302.092
302.103
302.115
302.127
302.138
302.149
302.16
302.171
302.181
302.191
302.201
302.211
302.221
302.23
302.239
302.248
302.256
302.264
302.272
302.28
302.287
302.294
302.301
302.308
302.314
302.32
302.326
302.332
302.337
302.342
302.347
302.352
302.356
302.36
302.364
302.367
302.37
302.373
302.376
302.378
302.38
302.382
302.383
302.384
302.385
302.386
302.386
302.385
302.385
302.384
302.382
302.38
302.378
302.375
302.371
302.367
302.363
302.357
302.351
302.344
302.336
302.327
302.316
302.305
302.292
302.278
302.262
302.244
302.225
302.203
302.179
302.152
302.122
302.09
302.054
302.015
301.972
301.926
301.876
301.823
301.766
300.812
300.824
300.835
300.847
300.86
300.872
300.885
300.897
300.91
300.923
300.936
300.949
300.963
300.976
300.99
301.004
301.018
301.032
301.046
301.06
301.074
301.089
301.103
301.118
301.133
301.147
301.162
301.177
301.192
301.207
301.222
301.237
301.253
301.268
301.283
301.298
301.313
301.329
301.344
301.359
301.374
301.39
301.405
301.42
301.435
301.45
301.465
301.48
301.495
301.51
301.525
301.54
301.554
301.569
301.584
301.598
301.613
301.627
301.641
301.656
301.67
301.684
301.698
301.712
301.726
301.74
301.753
301.767
301.78
301.794
301.807
301.82
301.833
301.846
301.859
301.871
301.884
301.896
301.908
301.92
301.932
301.943
301.955
301.966
301.977
301.988
301.998
302.008
302.019
302.028
302.038
302.048
302.057
302.066
302.074
302.083
302.091
302.099
302.107
302.114
302.122
302.129
302.135
302.142
302.148
302.154
302.16
302.165
302.17
302.175
302.18
302.184
302.188
302.192
302.196
302.199
302.203
302.205
302.208
302.21
302.212
302.214
302.215
302.217
302.217
302.218
302.218
302.218
302.217
302.216
302.215
302.213
302.211
302.208
302.205
302.201
302.197
302.191
302.185
302.179
302.171
302.163
302.153
302.142
302.13
302.117
302.102
302.085
302.067
302.047
302.024
302
301.972
301.942
301.91
301.874
301.835
301.793
301.748
301.7
301.648
300.739
300.75
300.76
300.771
300.782
300.793
300.804
300.815
300.827
300.838
300.85
300.862
300.874
300.886
300.898
300.911
300.923
300.936
300.949
300.961
300.974
300.987
301.001
301.014
301.027
301.04
301.054
301.067
301.081
301.095
301.108
301.122
301.136
301.15
301.164
301.178
301.192
301.206
301.22
301.234
301.248
301.262
301.276
301.29
301.304
301.317
301.331
301.345
301.359
301.373
301.387
301.401
301.414
301.428
301.442
301.455
301.469
301.482
301.496
301.509
301.523
301.536
301.549
301.562
301.575
301.588
301.601
301.614
301.627
301.64
301.652
301.665
301.677
301.689
301.702
301.714
301.725
301.737
301.749
301.76
301.771
301.782
301.793
301.804
301.815
301.825
301.835
301.845
301.855
301.864
301.874
301.883
301.892
301.9
301.909
301.917
301.925
301.932
301.94
301.947
301.954
301.961
301.967
301.974
301.98
301.986
301.991
301.996
302.001
302.006
302.011
302.015
302.019
302.023
302.027
302.03
302.033
302.036
302.038
302.04
302.042
302.044
302.046
302.047
302.048
302.048
302.048
302.048
302.048
302.047
302.046
302.044
302.042
302.039
302.036
302.033
302.028
302.024
302.018
302.012
302.005
301.997
301.988
301.978
301.967
301.954
301.94
301.925
301.908
301.889
301.869
301.846
301.821
301.793
301.764
301.731
301.696
301.658
301.618
301.574
301.528
300.668
300.677
300.686
300.696
300.706
300.715
300.725
300.735
300.746
300.756
300.766
300.777
300.788
300.798
300.809
300.82
300.832
300.843
300.854
300.866
300.877
300.889
300.901
300.912
300.924
300.936
300.948
300.961
300.973
300.985
300.998
301.01
301.022
301.035
301.048
301.06
301.073
301.086
301.098
301.111
301.124
301.137
301.149
301.162
301.175
301.188
301.2
301.213
301.226
301.239
301.251
301.264
301.277
301.289
301.302
301.315
301.327
301.34
301.352
301.365
301.377
301.39
301.402
301.414
301.427
301.439
301.451
301.463
301.475
301.487
301.499
301.511
301.522
301.534
301.545
301.557
301.568
301.579
301.59
301.601
301.611
301.622
301.632
301.643
301.653
301.662
301.672
301.682
301.691
301.7
301.709
301.718
301.726
301.734
301.742
301.75
301.758
301.765
301.773
301.779
301.786
301.793
301.799
301.805
301.811
301.816
301.822
301.827
301.832
301.836
301.841
301.845
301.849
301.853
301.856
301.859
301.862
301.865
301.867
301.87
301.872
301.873
301.875
301.876
301.877
301.877
301.878
301.877
301.877
301.876
301.875
301.874
301.872
301.869
301.867
301.863
301.859
301.855
301.85
301.844
301.837
301.83
301.822
301.812
301.802
301.791
301.778
301.764
301.748
301.731
301.712
301.691
301.669
301.644
301.617
301.588
301.556
301.523
301.486
301.447
301.406
300.598
300.606
300.615
300.623
300.632
300.64
300.649
300.658
300.667
300.676
300.685
300.695
300.704
300.714
300.723
300.733
300.743
300.753
300.763
300.773
300.783
300.794
300.804
300.815
300.825
300.836
300.847
300.858
300.868
300.879
300.89
300.902
300.913
300.924
300.935
300.947
300.958
300.969
300.981
300.992
301.004
301.015
301.027
301.038
301.05
301.062
301.073
301.085
301.096
301.108
301.12
301.131
301.143
301.154
301.166
301.177
301.189
301.201
301.212
301.224
301.235
301.247
301.258
301.269
301.281
301.292
301.303
301.315
301.326
301.337
301.348
301.359
301.37
301.381
301.391
301.402
301.413
301.423
301.433
301.443
301.454
301.463
301.473
301.483
301.492
301.502
301.511
301.52
301.529
301.537
301.546
301.554
301.562
301.57
301.577
301.585
301.592
301.599
301.606
301.613
301.619
301.625
301.631
301.637
301.643
301.648
301.653
301.658
301.663
301.667
301.671
301.675
301.679
301.683
301.686
301.689
301.692
301.695
301.697
301.699
301.701
301.703
301.704
301.705
301.706
301.707
301.707
301.707
301.707
301.706
301.705
301.704
301.702
301.7
301.697
301.694
301.691
301.686
301.682
301.676
301.67
301.664
301.656
301.647
301.638
301.627
301.616
301.603
301.589
301.573
301.556
301.538
301.517
301.495
301.471
301.445
301.417
301.387
301.355
301.32
301.284
300.531
300.538
300.546
300.553
300.56
300.568
300.576
300.583
300.591
300.599
300.607
300.615
300.624
300.632
300.641
300.649
300.658
300.666
300.675
300.684
300.693
300.702
300.712
300.721
300.73
300.74
300.749
300.759
300.768
300.778
300.788
300.798
300.808
300.817
300.827
300.838
300.848
300.858
300.868
300.878
300.888
300.899
300.909
300.919
300.93
300.94
300.951
300.961
300.972
300.982
300.992
301.003
301.013
301.024
301.034
301.045
301.055
301.066
301.076
301.087
301.097
301.108
301.118
301.129
301.139
301.15
301.16
301.17
301.181
301.191
301.201
301.211
301.221
301.231
301.241
301.251
301.261
301.271
301.28
301.29
301.299
301.308
301.317
301.326
301.335
301.344
301.352
301.361
301.369
301.377
301.385
301.393
301.4
301.408
301.415
301.422
301.429
301.436
301.442
301.448
301.454
301.46
301.466
301.471
301.477
301.482
301.487
301.491
301.496
301.5
301.504
301.508
301.511
301.515
301.518
301.521
301.524
301.526
301.528
301.531
301.532
301.534
301.535
301.536
301.537
301.538
301.538
301.538
301.538
301.538
301.537
301.536
301.534
301.532
301.53
301.527
301.524
301.52
301.516
301.511
301.505
301.499
301.492
301.484
301.476
301.466
301.456
301.444
301.432
301.418
301.403
301.386
301.368
301.348
301.327
301.304
301.279
301.252
301.224
301.194
301.162
300.467
300.473
300.48
300.486
300.492
300.499
300.506
300.512
300.519
300.526
300.533
300.54
300.547
300.555
300.562
300.569
300.577
300.584
300.592
300.6
300.608
300.616
300.624
300.632
300.64
300.648
300.656
300.665
300.673
300.682
300.69
300.699
300.708
300.716
300.725
300.734
300.743
300.752
300.761
300.77
300.779
300.788
300.797
300.806
300.816
300.825
300.834
300.843
300.853
300.862
300.871
300.881
300.89
300.9
300.909
300.918
300.928
300.937
300.947
300.956
300.966
300.975
300.985
300.994
301.004
301.013
301.022
301.032
301.041
301.05
301.06
301.069
301.078
301.087
301.097
301.106
301.115
301.123
301.132
301.141
301.15
301.158
301.167
301.175
301.183
301.191
301.199
301.207
301.214
301.222
301.229
301.236
301.244
301.25
301.257
301.264
301.27
301.276
301.282
301.288
301.294
301.299
301.305
301.31
301.315
301.32
301.324
301.328
301.333
301.337
301.34
301.344
301.347
301.351
301.354
301.357
301.359
301.362
301.364
301.366
301.367
301.369
301.37
301.371
301.372
301.373
301.373
301.373
301.373
301.373
301.372
301.371
301.37
301.368
301.366
301.363
301.36
301.357
301.353
301.349
301.344
301.338
301.332
301.325
301.318
301.309
301.3
301.29
301.278
301.266
301.252
301.238
301.222
301.204
301.186
301.166
301.144
301.121
301.096
301.07
301.042
300.407
300.412
300.417
300.423
300.428
300.434
300.44
300.446
300.451
300.457
300.463
300.469
300.476
300.482
300.488
300.495
300.501
300.508
300.514
300.521
300.528
300.534
300.541
300.548
300.555
300.563
300.57
300.577
300.584
300.592
300.599
300.607
300.614
300.622
300.629
300.637
300.645
300.653
300.66
300.668
300.676
300.684
300.692
300.7
300.708
300.716
300.725
300.733
300.741
300.749
300.757
300.766
300.774
300.782
300.791
300.799
300.808
300.816
300.824
300.833
300.841
300.85
300.858
300.867
300.875
300.884
300.892
300.9
300.909
300.917
300.926
300.934
300.942
300.951
300.959
300.967
300.975
300.983
300.991
300.999
301.007
301.015
301.022
301.03
301.038
301.045
301.052
301.059
301.066
301.073
301.08
301.087
301.093
301.099
301.106
301.112
301.118
301.123
301.129
301.134
301.14
301.145
301.15
301.154
301.159
301.163
301.168
301.172
301.176
301.179
301.183
301.186
301.19
301.193
301.195
301.198
301.2
301.203
301.205
301.207
301.208
301.21
301.211
301.212
301.213
301.214
301.214
301.214
301.214
301.214
301.213
301.212
301.211
301.21
301.208
301.206
301.203
301.2
301.197
301.193
301.188
301.183
301.178
301.172
301.165
301.157
301.149
301.14
301.13
301.119
301.108
301.095
301.081
301.066
301.049
301.032
301.013
300.993
300.972
300.949
300.925
300.351
300.355
300.36
300.364
300.369
300.374
300.379
300.384
300.389
300.394
300.399
300.404
300.409
300.415
300.42
300.425
300.431
300.436
300.442
300.448
300.454
300.459
300.465
300.471
300.477
300.483
300.49
300.496
300.502
300.508
300.515
300.521
300.528
300.534
300.541
300.547
300.554
300.561
300.568
300.574
300.581
300.588
300.595
300.602
300.609
300.616
300.623
300.63
300.638
300.645
300.652
300.659
300.666
300.674
300.681
300.688
300.696
300.703
300.711
300.718
300.726
300.733
300.741
300.748
300.755
300.763
300.77
300.778
300.785
300.793
300.8
300.808
300.815
300.823
300.83
300.837
300.845
300.852
300.859
300.866
300.873
300.88
300.887
300.894
300.901
300.907
300.914
300.921
300.927
300.933
300.939
300.945
300.951
300.957
300.963
300.968
300.974
300.979
300.984
300.989
300.994
300.998
301.003
301.007
301.012
301.016
301.02
301.023
301.027
301.03
301.034
301.037
301.04
301.043
301.045
301.048
301.05
301.052
301.054
301.056
301.057
301.059
301.06
301.061
301.062
301.062
301.063
301.063
301.063
301.063
301.062
301.062
301.061
301.059
301.058
301.056
301.053
301.051
301.048
301.044
301.041
301.036
301.031
301.026
301.02
301.014
301.006
300.998
300.99
300.98
300.97
300.959
300.947
300.934
300.92
300.905
300.889
300.872
300.854
300.834
300.814
300.3
300.303
300.307
300.311
300.315
300.319
300.323
300.327
300.332
300.336
300.34
300.345
300.349
300.353
300.358
300.363
300.367
300.372
300.377
300.382
300.386
300.391
300.396
300.402
300.407
300.412
300.417
300.422
300.428
300.433
300.438
300.444
300.449
300.455
300.461
300.466
300.472
300.478
300.484
300.489
300.495
300.501
300.507
300.513
300.519
300.525
300.531
300.538
300.544
300.55
300.556
300.562
300.569
300.575
300.582
300.588
300.594
300.601
300.607
300.614
300.62
300.627
300.633
300.64
300.646
300.653
300.66
300.666
300.673
300.679
300.686
300.693
300.699
300.706
300.712
300.719
300.725
300.732
300.738
300.744
300.751
300.757
300.763
300.769
300.775
300.781
300.787
300.793
300.798
300.804
300.809
300.815
300.82
300.825
300.831
300.836
300.84
300.845
300.85
300.854
300.859
300.863
300.867
300.871
300.875
300.879
300.882
300.886
300.889
300.892
300.895
300.898
300.901
300.903
300.906
300.908
300.91
300.912
300.914
300.916
300.917
300.918
300.92
300.921
300.921
300.922
300.922
300.923
300.923
300.922
300.922
300.921
300.921
300.919
300.918
300.916
300.914
300.912
300.91
300.907
300.903
300.9
300.895
300.891
300.886
300.88
300.874
300.867
300.859
300.851
300.843
300.833
300.823
300.812
300.8
300.787
300.773
300.759
300.743
300.727
300.71
300.254
300.257
300.261
300.264
300.267
300.271
300.274
300.278
300.281
300.285
300.288
300.292
300.296
300.299
300.303
300.307
300.311
300.315
300.319
300.323
300.327
300.331
300.336
300.34
300.344
300.349
300.353
300.357
300.362
300.367
300.371
300.376
300.38
300.385
300.39
300.395
300.4
300.404
300.409
300.414
300.419
300.424
300.43
300.435
300.44
300.445
300.45
300.456
300.461
300.466
300.472
300.477
300.482
300.488
300.493
300.499
300.504
300.51
300.516
300.521
300.527
300.533
300.538
300.544
300.55
300.555
300.561
300.567
300.573
300.578
300.584
300.59
300.596
300.601
300.607
300.613
300.618
300.624
300.63
300.635
300.641
300.646
300.652
300.657
300.663
300.668
300.673
300.678
300.683
300.688
300.693
300.698
300.703
300.707
300.712
300.716
300.721
300.725
300.729
300.733
300.737
300.741
300.745
300.748
300.752
300.755
300.758
300.762
300.765
300.767
300.77
300.773
300.775
300.778
300.78
300.782
300.784
300.786
300.787
300.789
300.79
300.792
300.793
300.794
300.794
300.795
300.795
300.796
300.796
300.796
300.795
300.795
300.794
300.793
300.792
300.791
300.789
300.787
300.785
300.782
300.779
300.776
300.772
300.768
300.764
300.759
300.754
300.748
300.742
300.735
300.727
300.719
300.711
300.701
300.691
300.68
300.669
300.657
300.644
300.63
300.615
300.216
300.218
300.221
300.224
300.227
300.229
300.232
300.235
300.238
300.241
300.244
300.247
300.25
300.254
300.257
300.26
300.263
300.267
300.27
300.273
300.277
300.28
300.284
300.288
300.291
300.295
300.299
300.302
300.306
300.31
300.314
300.318
300.322
300.326
300.33
300.334
300.338
300.342
300.346
300.351
300.355
300.359
300.364
300.368
300.372
300.377
300.381
300.386
300.39
300.395
300.4
300.404
300.409
300.414
300.418
300.423
300.428
300.433
300.438
300.443
300.447
300.452
300.457
300.462
300.467
300.472
300.477
300.482
300.487
300.492
300.497
300.502
300.507
300.512
300.517
300.522
300.527
300.532
300.537
300.542
300.547
300.551
300.556
300.561
300.566
300.57
300.575
300.579
300.584
300.588
300.593
300.597
300.601
300.605
300.609
300.613
300.617
300.621
300.625
300.628
300.632
300.635
300.639
300.642
300.645
300.648
300.651
300.654
300.657
300.659
300.662
300.664
300.666
300.669
300.671
300.673
300.674
300.676
300.678
300.679
300.68
300.681
300.682
300.683
300.684
300.685
300.685
300.685
300.685
300.685
300.685
300.685
300.684
300.683
300.682
300.681
300.68
300.678
300.676
300.674
300.672
300.669
300.666
300.662
300.659
300.654
300.65
300.645
300.639
300.634
300.627
300.62
300.613
300.605
300.597
300.587
300.578
300.567
300.556
300.545
300.533
300.185
300.187
300.189
300.191
300.194
300.196
300.199
300.201
300.204
300.206
300.209
300.211
300.214
300.217
300.219
300.222
300.225
300.228
300.231
300.234
300.237
300.24
300.243
300.246
300.249
300.252
300.255
300.258
300.262
300.265
300.268
300.272
300.275
300.278
300.282
300.285
300.289
300.292
300.296
300.3
300.303
300.307
300.311
300.315
300.318
300.322
300.326
300.33
300.334
300.338
300.342
300.346
300.35
300.354
300.358
300.363
300.367
300.371
300.375
300.379
300.384
300.388
300.392
300.397
300.401
300.405
300.41
300.414
300.418
300.423
300.427
300.431
300.436
300.44
300.445
300.449
300.453
300.458
300.462
300.466
300.471
300.475
300.479
300.483
300.487
300.492
300.496
300.5
300.504
300.508
300.511
300.515
300.519
300.523
300.526
300.53
300.533
300.537
300.54
300.543
300.547
300.55
300.553
300.556
300.558
300.561
300.564
300.566
300.569
300.571
300.574
300.576
300.578
300.58
300.582
300.583
300.585
300.587
300.588
300.589
300.591
300.592
300.593
300.593
300.594
300.595
300.595
300.595
300.596
300.596
300.595
300.595
300.595
300.594
300.593
300.592
300.591
300.589
300.588
300.586
300.584
300.581
300.579
300.576
300.573
300.569
300.565
300.561
300.556
300.551
300.546
300.54
300.533
300.527
300.519
300.512
300.503
300.495
300.485
300.475
300.465
300.162
300.164
300.166
300.168
300.17
300.172
300.175
300.177
300.179
300.181
300.183
300.186
300.188
300.19
300.193
300.195
300.198
300.2
300.203
300.205
300.208
300.21
300.213
300.216
300.218
300.221
300.224
300.227
300.23
300.232
300.235
300.238
300.241
300.244
300.247
300.25
300.254
300.257
300.26
300.263
300.266
300.27
300.273
300.276
300.28
300.283
300.287
300.29
300.294
300.297
300.301
300.304
300.308
300.312
300.315
300.319
300.323
300.326
300.33
300.334
300.338
300.342
300.346
300.349
300.353
300.357
300.361
300.365
300.369
300.373
300.377
300.381
300.385
300.389
300.392
300.396
300.4
300.404
300.408
300.412
300.416
300.42
300.423
300.427
300.431
300.435
300.438
300.442
300.446
300.449
300.453
300.456
300.46
300.463
300.466
300.469
300.473
300.476
300.479
300.482
300.485
300.487
300.49
300.493
300.496
300.498
300.501
300.503
300.505
300.507
300.509
300.511
300.513
300.515
300.517
300.519
300.52
300.522
300.523
300.524
300.525
300.526
300.527
300.528
300.529
300.529
300.53
300.53
300.53
300.53
300.53
300.53
300.529
300.529
300.528
300.527
300.526
300.525
300.523
300.522
300.52
300.518
300.515
300.513
300.51
300.507
300.503
300.5
300.495
300.491
300.486
300.481
300.476
300.47
300.463
300.456
300.449
300.442
300.433
300.425
300.416
300.15
300.152
300.154
300.156
300.158
300.159
300.161
300.163
300.165
300.167
300.17
300.172
300.174
300.176
300.178
300.18
300.183
300.185
300.187
300.19
300.192
300.194
300.197
300.199
300.202
300.204
300.207
300.21
300.212
300.215
300.218
300.22
300.223
300.226
300.229
300.232
300.234
300.237
300.24
300.243
300.246
300.249
300.253
300.256
300.259
300.262
300.265
300.268
300.272
300.275
300.278
300.282
300.285
300.288
300.292
300.295
300.299
300.302
300.306
300.309
300.313
300.317
300.32
300.324
300.327
300.331
300.335
300.338
300.342
300.346
300.349
300.353
300.357
300.36
300.364
300.368
300.371
300.375
300.379
300.382
300.386
300.39
300.393
300.397
300.4
300.404
300.407
300.41
300.414
300.417
300.421
300.424
300.427
300.43
300.433
300.436
300.439
300.442
300.445
300.448
300.451
300.453
300.456
300.459
300.461
300.464
300.466
300.468
300.47
300.472
300.474
300.476
300.478
300.48
300.482
300.483
300.485
300.486
300.487
300.488
300.49
300.491
300.491
300.492
300.493
300.493
300.494
300.494
300.494
300.494
300.494
300.494
300.494
300.493
300.493
300.492
300.491
300.49
300.488
300.487
300.485
300.483
300.481
300.478
300.476
300.473
300.47
300.466
300.462
300.458
300.454
300.449
300.444
300.438
300.432
300.426
300.419
300.412
300.405
300.397
300.389
302.903
302.252
301.798
301.448
301.169
300.941
300.755
300.602
300.476
300.374
300.291
300.225
300.171
300.13
300.097
300.071
300.052
300.038
300.027
300.019
300.013
300.009
300.006
300.004
300.002
300.001
300.001
300
300
300
300
300
300
300
300
300
300
300
300
300
300
300
300
300
300
300
300
300
300
300
300
302.9
302.252
301.798
301.448
301.169
300.941
300.755
300.602
300.476
300.374
300.291
300.225
300.172
300.13
300.097
300.071
300.052
300.038
300.027
300.019
300.013
300.009
300.006
300.004
300.002
300.001
300.001
300
300
300
300
300
300
300
300
300
300
300
300
300
300
300
300
300
300
300
300
300
300
300
300
302.895
302.25
301.797
301.448
301.169
300.941
300.755
300.602
300.476
300.374
300.291
300.225
300.172
300.13
300.097
300.072
300.052
300.038
300.027
300.019
300.013
300.009
300.006
300.004
300.002
300.001
300.001
300
300
300
300
300
300
300
300
300
300
300
300
300
300
300
300
300
300
300
300
300
300
300
300
302.887
302.248
301.797
301.448
301.169
300.941
300.755
300.602
300.477
300.374
300.291
300.225
300.172
300.13
300.097
300.072
300.052
300.038
300.027
300.019
300.013
300.009
300.006
300.004
300.002
300.001
300.001
300
300
300
300
300
300
300
300
300
300
300
300
300
300
300
300
300
300
300
300
300
300
300
300
302.876
302.246
301.796
301.447
301.168
300.941
300.755
300.602
300.477
300.374
300.292
300.225
300.172
300.13
300.097
300.072
300.052
300.038
300.027
300.019
300.013
300.009
300.006
300.004
300.002
300.001
300.001
300
300
300
300
300
300
300
300
300
300
300
300
300
300
300
300
300
300
300
300
300
300
300
300
302.861
302.242
301.794
301.447
301.168
300.941
300.755
300.602
300.477
300.374
300.292
300.225
300.172
300.13
300.097
300.072
300.052
300.038
300.027
300.019
300.013
300.009
300.006
300.004
300.002
300.001
300.001
300
300
300
300
300
300
300
300
300
300
300
300
300
300
300
300
300
300
300
300
300
300
300
300
302.844
302.236
301.792
301.445
301.167
300.941
300.755
300.602
300.477
300.375
300.292
300.225
300.172
300.13
300.097
300.072
300.052
300.038
300.027
300.019
300.013
300.009
300.006
300.004
300.002
300.001
300.001
300
300
300
300
300
300
300
300
300
300
300
300
300
300
300
300
300
300
300
300
300
300
300
300
302.823
302.23
301.789
301.444
301.167
300.94
300.755
300.602
300.477
300.375
300.292
300.225
300.172
300.13
300.097
300.072
300.052
300.038
300.027
300.019
300.013
300.009
300.006
300.004
300.002
300.001
300.001
300
300
300
300
300
300
300
300
300
300
300
300
300
300
300
300
300
300
300
300
300
300
300
300
302.799
302.221
301.785
301.442
301.166
300.94
300.754
300.602
300.477
300.375
300.292
300.225
300.172
300.13
300.097
300.072
300.052
300.038
300.027
300.019
300.013
300.009
300.006
300.004
300.002
300.001
300.001
300
300
300
300
300
300
300
300
300
300
300
300
300
300
300
300
300
300
300
300
300
300
300
300
302.771
302.211
301.78
301.44
301.164
300.939
300.754
300.602
300.477
300.375
300.292
300.225
300.172
300.13
300.097
300.072
300.053
300.038
300.027
300.019
300.013
300.009
300.006
300.004
300.002
300.001
300.001
300
300
300
300
300
300
300
300
300
300
300
300
300
300
300
300
300
300
300
300
300
300
300
300
302.739
302.198
301.774
301.436
301.162
300.938
300.753
300.601
300.477
300.375
300.292
300.225
300.172
300.13
300.097
300.072
300.053
300.038
300.027
300.019
300.013
300.009
300.006
300.004
300.002
300.001
300.001
300
300
300
300
300
300
300
300
300
300
300
300
300
300
300
300
300
300
300
300
300
300
300
300
302.704
302.182
301.766
301.432
301.16
300.937
300.753
300.601
300.476
300.375
300.292
300.226
300.172
300.13
300.097
300.072
300.053
300.038
300.027
300.019
300.013
300.009
300.006
300.004
300.002
300.001
300.001
300
300
300
300
300
300
300
300
300
300
300
300
300
300
300
300
300
300
300
300
300
300
300
300
302.664
302.164
301.757
301.427
301.157
300.935
300.751
300.6
300.476
300.374
300.292
300.225
300.172
300.13
300.098
300.072
300.053
300.038
300.027
300.019
300.013
300.009
300.006
300.004
300.002
300.001
300.001
300
300
300
300
300
300
300
300
300
300
300
300
300
300
300
300
300
300
300
300
300
300
300
300
302.62
302.142
301.745
301.42
301.152
300.932
300.75
300.599
300.475
300.374
300.292
300.225
300.172
300.13
300.098
300.072
300.053
300.038
300.027
300.019
300.013
300.009
300.006
300.004
300.002
300.001
300.001
300
300
300
300
300
300
300
300
300
300
300
300
300
300
300
300
300
300
300
300
300
300
300
300
302.573
302.117
301.731
301.411
301.147
300.928
300.747
300.598
300.474
300.373
300.291
300.225
300.172
300.13
300.098
300.072
300.053
300.038
300.027
300.019
300.013
300.009
300.006
300.004
300.002
300.001
300.001
300
300
300
300
300
300
300
300
300
300
300
300
300
300
300
300
300
300
300
300
300
300
300
300
302.52
302.088
301.714
301.401
301.14
300.924
300.744
300.595
300.473
300.372
300.291
300.225
300.172
300.13
300.097
300.072
300.053
300.038
300.027
300.019
300.013
300.009
300.006
300.004
300.002
300.001
300.001
300
300
300
300
300
300
300
300
300
300
300
300
300
300
300
300
300
300
300
300
300
300
300
300
302.464
302.054
301.694
301.388
301.132
300.918
300.74
300.593
300.471
300.371
300.29
300.224
300.171
300.13
300.097
300.072
300.053
300.038
300.027
300.019
300.013
300.009
300.006
300.004
300.002
300.001
300.001
300
300
300
300
300
300
300
300
300
300
300
300
300
300
300
300
300
300
300
300
300
300
300
300
302.402
302.016
301.67
301.373
301.122
300.911
300.735
300.589
300.469
300.369
300.288
300.223
300.171
300.129
300.097
300.072
300.053
300.038
300.027
300.019
300.013
300.009
300.006
300.004
300.002
300.001
300.001
300
300
300
300
300
300
300
300
300
300
300
300
300
300
300
300
300
300
300
300
300
300
300
300
302.337
301.974
301.642
301.355
301.109
300.903
300.729
300.585
300.465
300.367
300.287
300.222
300.17
300.129
300.097
300.072
300.052
300.038
300.027
300.019
300.013
300.009
300.006
300.004
300.002
300.001
300.001
300
300
300
300
300
300
300
300
300
300
300
300
300
300
300
300
300
300
300
300
300
300
300
300
302.266
301.926
301.611
301.333
301.095
300.892
300.722
300.58
300.461
300.364
300.285
300.221
300.169
300.128
300.096
300.071
300.052
300.038
300.027
300.019
300.013
300.009
300.006
300.004
300.002
300.001
300.001
300
300
300
300
300
300
300
300
300
300
300
300
300
300
300
300
300
300
300
300
300
300
300
300
302.191
301.874
301.575
301.308
301.077
300.88
300.713
300.573
300.457
300.361
300.282
300.219
300.168
300.127
300.095
300.071
300.052
300.038
300.027
300.019
300.013
300.009
300.006
300.004
300.002
300.001
300.001
300
300
300
300
300
300
300
300
300
300
300
300
300
300
300
300
300
300
300
300
300
300
300
300
302.111
301.816
301.534
301.279
301.057
300.865
300.702
300.565
300.451
300.356
300.279
300.216
300.166
300.126
300.095
300.07
300.051
300.037
300.027
300.019
300.013
300.009
300.006
300.004
300.002
300.001
300.001
300
300
300
300
300
300
300
300
300
300
300
300
300
300
300
300
300
300
300
300
300
300
300
300
302.026
301.753
301.488
301.247
301.033
300.848
300.689
300.556
300.444
300.351
300.275
300.214
300.164
300.125
300.094
300.069
300.051
300.037
300.026
300.019
300.013
300.009
300.006
300.004
300.002
300.001
300.001
300
300
300
300
300
300
300
300
300
300
300
300
300
300
300
300
300
300
300
300
300
300
300
300
301.936
301.685
301.438
301.21
301.006
300.827
300.674
300.545
300.436
300.345
300.271
300.21
300.162
300.123
300.092
300.068
300.05
300.036
300.026
300.018
300.013
300.009
300.006
300.004
300.002
300.001
300.001
300
300
300
300
300
300
300
300
300
300
300
300
300
300
300
300
300
300
300
300
300
300
300
300
301.842
301.611
301.382
301.168
300.975
300.804
300.657
300.532
300.426
300.338
300.265
300.206
300.159
300.121
300.091
300.067
300.049
300.036
300.026
300.018
300.013
300.009
300.006
300.004
300.002
300.001
300.001
300
300
300
300
300
300
300
300
300
300
300
300
300
300
300
300
300
300
300
300
300
300
300
300
301.744
301.533
301.322
301.122
300.94
300.778
300.637
300.517
300.415
300.33
300.259
300.202
300.155
300.118
300.089
300.066
300.049
300.035
300.025
300.018
300.012
300.008
300.006
300.004
300.002
300.001
300.001
300
300
300
300
300
300
300
300
300
300
300
300
300
300
300
300
300
300
300
300
300
300
300
300
301.642
301.45
301.257
301.072
300.901
300.749
300.615
300.5
300.402
300.32
300.252
300.196
300.151
300.115
300.087
300.064
300.047
300.034
300.025
300.017
300.012
300.008
300.006
300.004
300.002
300.001
300.001
300
300
300
300
300
300
300
300
300
300
300
300
300
300
300
300
300
300
300
300
300
300
300
300
301.536
301.363
301.187
301.017
300.859
300.716
300.59
300.481
300.387
300.309
300.243
300.19
300.146
300.112
300.084
300.063
300.046
300.033
300.024
300.017
300.012
300.008
300.005
300.003
300.002
300.001
300.001
300
300
300
300
300
300
300
300
300
300
300
300
300
300
300
300
300
300
300
300
300
300
300
300
301.428
301.272
301.113
300.958
300.812
300.68
300.562
300.459
300.371
300.296
300.234
300.183
300.141
300.108
300.081
300.061
300.045
300.032
300.023
300.016
300.011
300.008
300.005
300.003
300.002
300.001
300.001
300
300
300
300
300
300
300
300
300
300
300
300
300
300
300
300
300
300
300
300
300
300
300
300
301.317
301.178
301.036
300.895
300.763
300.641
300.531
300.435
300.353
300.282
300.224
300.175
300.135
300.103
300.078
300.058
300.043
300.031
300.022
300.016
300.011
300.007
300.005
300.003
300.002
300.001
300.001
300
300
300
300
300
300
300
300
300
300
300
300
300
300
300
300
300
300
300
300
300
300
300
300
301.205
301.082
300.955
300.83
300.71
300.599
300.498
300.41
300.333
300.267
300.212
300.166
300.129
300.099
300.074
300.056
300.041
300.03
300.021
300.015
300.011
300.007
300.005
300.003
300.002
300.001
300.001
300
300
300
300
300
300
300
300
300
300
300
300
300
300
300
300
300
300
300
300
300
300
300
300
301.093
300.985
300.873
300.762
300.655
300.554
300.463
300.382
300.311
300.251
300.199
300.157
300.121
300.093
300.071
300.053
300.039
300.028
300.02
300.014
300.01
300.007
300.005
300.003
300.002
300.001
300.001
300
300
300
300
300
300
300
300
300
300
300
300
300
300
300
300
300
300
300
300
300
300
300
300
300.982
300.888
300.791
300.693
300.598
300.508
300.427
300.353
300.289
300.233
300.186
300.146
300.114
300.087
300.066
300.05
300.037
300.027
300.019
300.014
300.009
300.006
300.004
300.003
300.002
300.001
300
300
300
300
300
300
300
300
300
300
300
300
300
300
300
300
300
300
300
300
300
299.999
299.999
299.999
299.999
300.874
300.793
300.709
300.624
300.54
300.462
300.389
300.323
300.265
300.215
300.172
300.135
300.106
300.081
300.062
300.046
300.034
300.025
300.018
300.013
300.009
300.006
300.004
300.003
300.002
300.001
300
300
300
300
300
300
300
300
300
300
299.999
299.999
299.999
299.999
299.999
299.999
299.999
299.999
299.999
299.999
299.999
299.999
299.999
299.999
299.999
300.77
300.701
300.629
300.556
300.484
300.415
300.351
300.293
300.241
300.196
300.157
300.124
300.097
300.075
300.057
300.043
300.032
300.023
300.017
300.012
300.008
300.006
300.004
300.002
300.001
300.001
300
300
300
300
300
300
300
300
299.999
299.999
299.999
299.999
299.999
299.999
299.999
299.999
299.999
299.999
299.999
299.999
299.999
299.999
299.999
299.999
299.999
300.672
300.614
300.553
300.491
300.429
300.37
300.314
300.263
300.217
300.177
300.143
300.113
300.089
300.069
300.052
300.039
300.029
300.021
300.015
300.011
300.008
300.005
300.003
300.002
300.001
300.001
300
300
300
300
300
300
300
299.999
299.999
299.999
299.999
299.999
299.999
299.999
299.999
299.999
299.999
299.999
299.999
299.999
299.999
299.999
299.999
299.999
299.999
300.584
300.535
300.483
300.43
300.378
300.327
300.279
300.235
300.195
300.159
300.129
300.102
300.081
300.062
300.048
300.036
300.027
300.02
300.014
300.01
300.007
300.005
300.003
300.002
300.001
300.001
300
300
300
300
300
300
300
299.999
299.999
299.999
299.999
299.999
299.999
299.999
299.999
299.999
299.999
299.999
299.999
299.999
299.999
299.999
299.999
299.999
299.999
300.506
300.465
300.422
300.377
300.332
300.289
300.247
300.209
300.174
300.143
300.116
300.093
300.073
300.057
300.043
300.033
300.024
300.018
300.013
300.009
300.006
300.004
300.003
300.002
300.001
300
300
300
300
300
300
300
299.999
299.999
299.999
299.999
299.999
299.999
299.999
299.999
299.999
299.999
299.999
299.999
299.999
299.999
299.999
299.999
299.999
299.999
299.999
300.443
300.408
300.371
300.333
300.294
300.257
300.221
300.187
300.157
300.129
300.105
300.084
300.067
300.052
300.04
300.03
300.022
300.017
300.012
300.008
300.006
300.004
300.003
300.002
300.001
300
300
300
300
300
300
300
299.999
299.999
299.999
299.999
299.999
299.999
299.999
299.999
299.999
299.999
299.999
299.999
299.999
299.999
299.999
299.999
299.999
299.999
299.999
300.396
300.366
300.334
300.3
300.266
300.233
300.201
300.171
300.144
300.119
300.097
300.078
300.062
300.048
300.037
300.028
300.021
300.015
300.011
300.008
300.005
300.004
300.002
300.001
300.001
300
300
300
300
300
300
299.999
299.999
299.999
299.999
299.999
299.999
299.999
299.999
299.999
299.999
299.999
299.999
299.999
299.999
299.999
299.999
299.999
299.999
299.999
299.999
300.371
300.343
300.313
300.282
300.251
300.22
300.19
300.162
300.136
300.113
300.092
300.074
300.059
300.046
300.035
300.027
300.02
300.015
300.011
300.008
300.005
300.004
300.002
300.001
300.001
300
300
300
300
300
300
299.999
299.999
299.999
299.999
299.999
299.999
299.999
299.999
299.999
299.999
299.999
299.999
299.999
299.999
299.999
299.999
299.999
299.999
299.999
299.999
)
;

boundaryField
{
    inlet
    {
        type            fixedValue;
        value           uniform 300;
    }
    outlet
    {
        type            zeroGradient;
    }
    top
    {
        type            zeroGradient;
    }
    slip-bottom
    {
        type            zeroGradient;
    }
    bottom
    {
        type            zeroGradient;
    }
    interface
    {
        type            fixedGradient;
        gradient        nonuniform List<scalar> 
161
(
40.7729
40.1573
39.5355
38.9074
38.273
37.6321
36.9848
36.3309
35.6705
35.0033
34.3294
33.6487
32.9204
32.163
31.3979
30.6251
29.8445
29.056
28.2595
27.455
26.6423
25.8214
25.0381
24.8907
24.7417
24.5913
24.4393
24.2858
24.1308
23.9742
23.816
23.6562
23.5096
23.3764
23.2418
23.1059
22.9686
22.83
22.6899
22.5484
22.4055
22.3057
22.218
22.1295
22.04
21.9496
21.8583
21.766
21.6729
21.599
21.5311
21.4624
21.3931
21.3231
21.2523
21.1809
21.1147
21.06
21.0047
20.9489
20.8925
20.8356
20.778
20.7252
20.6789
20.6322
20.5849
20.5373
20.4891
20.4404
20.4005
20.3605
20.3201
20.2793
20.2381
20.1965
20.1616
20.1271
20.0923
20.0572
20.0216
19.9871
19.9581
19.9287
19.8991
19.8691
19.8389
19.8133
19.7888
19.7641
19.7392
19.7139
19.6918
19.6712
19.6504
19.6294
19.6081
19.5904
19.5734
19.5563
19.539
19.522
19.5081
19.494
19.4797
19.4653
19.4528
19.4411
19.4292
19.4172
19.4062
19.3965
19.3867
19.3768
19.3674
19.359
19.3504
19.3418
19.3338
19.3266
19.3193
19.3119
19.3052
19.2987
19.2922
19.2857
19.2802
19.2746
19.269
19.264
19.2595
19.255
19.2509
19.2487
19.2465
19.2443
19.2464
19.249
19.2516
19.2599
19.2703
19.2808
19.3013
19.3267
19.3523
19.3968
19.4497
19.5032
19.5962
19.6992
19.8037
20.0349
20.2685
20.5246
20.8373
21.1533
22.7746
25.2364
27.7193
30.0788
32.4621
)
;
    }
    defaultFaces
    {
        type            empty;
    }
}


// ************************************************************************* //
