/*--------------------------------*- C++ -*----------------------------------*\
| =========                 |                                                 |
| \\      /  F ield         | OpenFOAM: The Open Source CFD Toolbox           |
|  \\    /   O peration     | Version:  2112                                  |
|   \\  /    A nd           | Website:  www.openfoam.com                      |
|    \\/     M anipulation  |                                                 |
\*---------------------------------------------------------------------------*/
FoamFile
{
    version     2.0;
    format      ascii;
    arch        "LSB;label=32;scalar=64";
    class       surfaceScalarField;
    location    "0.8";
    object      phi;
}
// * * * * * * * * * * * * * * * * * * * * * * * * * * * * * * * * * * * * * //

dimensions      [0 3 -1 0 0 0 0];

oriented        oriented;

internalField   nonuniform List<scalar> 
3280
(
0.000302511785909
0.000917000419927
0.000201875180002
0.000100636601511
0.000190713127351
1.11620475417e-05
0.000183457486819
7.25564543381e-06
0.000184322989378
-8.6550244739e-07
0.000183689101591
6.33885660061e-07
0.000184149560509
-4.60458130363e-07
0.000184075046068
7.45150231964e-08
0.000184181527654
-1.06482134241e-07
0.000184160045281
2.14823132464e-08
0.000184179145753
-1.91002143119e-08
0.000184172195121
6.95057836638e-09
0.000184175523301
-3.32827164912e-09
0.000184173706623
1.81672831637e-09
0.00018417437815
-6.71508426254e-10
0.000184173974538
4.03582053321e-10
0.000184174130754
-1.56219277663e-10
0.000184174047231
8.35358471946e-11
0.000184174084512
-3.72826376753e-11
0.000184174067096
1.74126264833e-11
0.000184174075654
-8.55210960037e-12
0.000184174071868
3.78480909578e-12
0.000184174073756
-1.89410429661e-12
0.000184174072907
8.46975982802e-13
0.000184174073317
-4.08863263525e-13
0.000184174073126
1.91442796432e-13
0.000184174073216
-8.96305273131e-14
0.000184174073174
4.52339799441e-14
0.000184174073194
-2.34837043073e-14
0.000184174073183
9.30080111296e-15
0.000184174073188
-1.69910686416e-15
0.000184174073186
5.85063392389e-16
0.000184174073188
-6.41902786681e-16
0.000184174073186
-8.2171242111e-16
0.000184174073187
1.17613197236e-16
0.000184174073186
-3.08645175523e-15
0.000184174073187
3.05969121868e-15
0.000184174073186
-2.06416203712e-17
0.000184174073186
6.88184445162e-16
0.000184174073187
-1.03682989488e-15
-1.37490683755e-16
0.000680514169453
0.00145599844975
0.000528406826415
0.000252743947563
0.000487299792417
5.22690749932e-05
0.000473691255819
2.08641847239e-05
0.00047282104839
4.70678725811e-09
0.000472163308839
1.2916232758e-06
0.000472745710529
-1.04285980408e-06
0.000472786177428
3.40489060178e-08
0.000472942927805
-2.63232811811e-07
0.000472942668221
2.17416719933e-08
0.000472967592512
-4.40242969323e-08
0.000472962058999
1.24841270726e-08
0.000472965286148
-6.55552052479e-09
0.000472963286185
3.81670621497e-09
0.000472963805746
-1.19103528343e-09
0.000472963343394
8.65914131558e-10
0.000472963473191
-2.86024860113e-10
0.000472963384074
1.72659682902e-10
0.000472963419594
-7.2807299789e-11
0.000472963402631
3.43721866009e-11
0.000472963411364
-1.72867583348e-11
0.000472963407819
7.33685594069e-12
0.000472963409759
-3.83948962657e-12
0.000472963408949
1.65572982983e-12
0.000472963409361
-8.17123638804e-13
0.000472963409174
3.79827386376e-13
0.000472963409263
-1.76791454865e-13
0.000472963409222
8.77908835143e-14
0.00047296340924
-4.76128220857e-14
0.000472963409229
1.31916725334e-14
0.000472963409234
-6.90772904932e-15
0.000472963409232
6.36474296777e-15
0.000472963409234
-3.09748227569e-15
0.000472963409232
-3.3896044894e-15
0.000472963409233
-2.99520947643e-15
0.000472963409232
-2.92978885233e-15
0.000472963409233
3.49652221185e-15
0.000472963409232
-5.57634423914e-16
0.000472963409232
-5.91012962657e-16
0.000472963409233
1.51872026869e-16
3.42559850154e-15
0.000926701844703
0.0017488087997
0.00077920150761
0.000400244292802
0.000718735358821
0.000112735217291
0.000702147321616
3.74522222777e-05
0.000699004166104
3.14786504892e-06
0.000698516651361
1.77913665226e-06
0.000698982592905
-1.50880199097e-06
0.000699162841021
-1.46198414308e-07
0.00069932065309
-4.21044905887e-07
0.000699351625324
-9.23088459243e-09
0.000699374187809
-6.65866618984e-08
0.000699373435701
1.32363315243e-08
0.000699375160647
-8.28054717841e-09
0.000699373828982
5.14835578501e-09
0.000699373902273
-1.26429369807e-09
0.000699373563839
1.20433860021e-09
0.000699373596176
-3.18373672785e-10
0.000699373538534
2.30305436667e-10
0.000699373555203
-8.94715223704e-11
0.000699373546425
4.31440155691e-11
0.000699373551442
-2.23071777274e-11
0.000699373549833
8.95473063191e-12
0.000699373550974
-4.97286341775e-12
0.000699373550589
2.03724898139e-12
0.000699373550817
-1.04345141447e-12
0.000699373550721
4.81617489431e-13
0.000699373550768
-2.23403255531e-13
0.000699373550747
1.1448149225e-13
0.000699373550756
-5.83128090975e-14
0.000699373550749
1.91462669921e-14
0.000699373550751
-9.74835410956e-15
0.00069937355075
1.00375985193e-14
0.000699373550752
-1.57107736608e-15
0.000699373550751
-3.83457517678e-15
0.000699373550751
-4.02099606471e-15
0.000699373550751
-2.31664660584e-15
0.000699373550752
2.8519906206e-15
0.00069937355075
-6.7381576138e-16
0.00069937355075
-3.20280849385e-15
0.000699373550751
-2.52056770618e-15
1.11478215678e-15
0.00109320493401
0.00187511605457
0.000965358026856
0.000528091212712
0.000899455656496
0.000178637581994
0.000881195488989
5.57123877723e-05
0.000876532790279
7.81056711702e-06
0.000876031714562
2.28021179286e-06
0.000876389013034
-1.86610164817e-06
0.000876642067448
-3.99252176599e-07
0.000876799263858
-5.78241048958e-07
0.000876849532551
-5.9499936026e-08
0.000876871286456
-8.83405571767e-08
0.000876873717545
1.08053909337e-08
0.000876874673527
-9.2365823565e-09
0.000876873784502
6.03733092271e-09
0.000876873600307
-1.08006358079e-09
0.000876873336665
1.46798594633e-09
0.000876873309535
-2.91257623447e-10
0.000876873269939
2.69897365143e-10
0.000876873274911
-9.44434564243e-11
0.000876873270884
4.71709443221e-11
0.000876873273627
-2.50536605318e-11
0.000876873273169
9.41589237261e-12
0.000876873273832
-5.63149067027e-12
0.000876873273703
2.16841292466e-12
0.000876873273823
-1.16661789874e-12
0.000876873273781
5.20494252038e-13
0.000876873273803
-2.46293948359e-13
0.000876873273793
1.20117795054e-13
0.000876873273797
-5.92110307208e-14
0.000876873273793
2.15718394391e-14
0.000876873273793
-7.04037580631e-15
0.000876873273793
7.80720209844e-15
0.000876873273794
-1.8331223418e-15
0.000876873273794
-3.38793558083e-15
0.000876873273793
-3.23694958635e-15
0.000876873273794
-2.00776507989e-17
0.000876873273794
1.68046212304e-15
0.000876873273793
-7.71407501948e-16
0.000876873273793
1.41004059525e-15
0.000876873273794
-1.01116325345e-15
6.28987287731e-16
0.00120381208968
0.00189081614953
0.00110245758894
0.000629445729279
0.00103977727333
0.000241317893259
0.00102132931449
7.41603427918e-05
0.00101582899777
1.33108872348e-05
0.0010152517829
2.85742687446e-06
0.00101550432047
-2.11864071538e-06
0.00101578472798
-6.79659270026e-07
0.00101593598768
-7.29500265918e-07
0.0010159967382
-1.20250791901e-07
0.00101601786595
-1.09468403412e-07
0.00101602237347
6.29805037609e-09
0.00101602294848
-9.81161296398e-09
0.0010160223818
6.60394512833e-09
0.00101602205757
-7.5580603304e-10
0.00101602184639
1.67918347372e-09
0.00101602178381
-2.28685940113e-10
0.00101602175543
2.98271345201e-10
0.00101602175298
-9.19902861824e-11
0.00101602175177
4.83745374121e-11
0.00101602175304
-2.63320635297e-11
0.00101602175328
9.18781211101e-12
0.00101602175364
-5.9842893749e-12
0.00101602175366
2.13941380828e-12
0.00101602175372
-1.22080493561e-12
0.00101602175371
5.30333600926e-13
0.00101602175372
-2.48342978829e-13
0.00101602175371
1.23116676797e-13
0.00101602175371
-5.82328201167e-14
0.00101602175371
2.45058137357e-14
0.00101602175371
-1.11499699066e-14
0.00101602175371
4.06468056508e-15
0.00101602175371
-1.24950887196e-15
0.00101602175371
-1.73209388027e-15
0.00101602175371
-4.00038352367e-15
0.00101602175371
-1.74639996652e-16
0.00101602175371
-3.53537382603e-15
0.00101602175371
1.62260438529e-15
0.00101602175371
3.48837684991e-15
0.00101602175371
-2.1979221101e-15
-1.48456945114e-15
0.00127539470627
0.00183493362446
0.00120239580713
0.000702444645986
0.00114814203483
0.000295571662927
0.00113083079416
9.14715783224e-05
0.00112508861277
1.90530716378e-05
0.00112443712318
3.50891742555e-06
0.00112459194859
-2.27346770908e-06
0.00112486789035
-9.55600906502e-07
0.00112500718144
-8.68790738293e-07
0.00112507149744
-1.84567041582e-07
0.00112509157098
-1.29542129041e-07
0.00112509729164
5.77555879818e-10
0.00112509769226
-1.02122075746e-08
0.00112509737261
6.92352438912e-09
0.00112509698712
-3.70306687232e-10
0.00112509681808
1.8482533105e-09
0.00112509673678
-1.4739938047e-10
0.00112509671599
3.19054739594e-10
0.00112509670898
-8.49722022575e-11
0.00112509670942
4.79439462876e-11
0.00112509670972
-2.66427631069e-11
0.00112509671035
8.56015841428e-12
0.00112509671051
-6.13982355194e-12
0.00112509671063
2.01841509368e-12
0.00112509671064
-1.23425980681e-12
0.00112509671066
5.14033677539e-13
0.00112509671065
-2.43618568864e-13
0.00112509671066
1.18096447209e-13
0.00112509671065
-5.77627317995e-14
0.00112509671065
2.0273218622e-14
0.00112509671065
-9.77374406293e-15
0.00112509671065
2.64165225511e-15
0.00112509671065
-1.06719042334e-15
0.00112509671065
2.08412843073e-15
0.00112509671065
-1.94208916794e-15
0.00112509671065
1.3641211101e-15
0.00112509671065
-4.44115342228e-15
0.00112509671065
-1.61099726757e-16
0.00112509671065
2.55361252669e-15
0.00112509671065
8.4056558504e-16
-8.37253229878e-16
0.001320010621
0.00173443518267
0.00127434211608
0.000748113168957
0.00123134861294
0.00033856516531
0.00121624094125
0.000106579244066
0.00121075059214
2.4543423064e-05
0.00121006193055
4.19758061091e-06
0.00121012915554
-2.34069418692e-06
0.00121037877064
-1.20521619132e-06
0.00121050031359
-9.90333017342e-07
0.00121056274403
-2.46997607738e-07
0.00121058103718
-1.47835528929e-07
0.00121058727797
-5.66310637945e-09
0.00121058759725
-1.05314262157e-08
0.00121058747483
7.04587931653e-09
0.00121058708093
2.35814367468e-11
0.00121058695038
1.97883811917e-09
0.00121058686223
-5.92631207293e-11
0.00121058684732
3.33956354653e-10
0.00121058683771
-7.53676069038e-11
0.0012105868391
4.65649590514e-11
0.00121058683874
-2.62911057642e-11
0.00121058683957
7.73309739775e-12
0.0012105868396
-6.15747089806e-12
0.00121058683977
1.84035230599e-12
0.00121058683975
-1.21712542414e-12
0.00121058683978
4.90797872358e-13
0.00121058683977
-2.31762443298e-13
0.00121058683978
1.17037811828e-13
0.00121058683977
-5.46692971926e-14
0.00121058683977
2.25441589157e-14
0.00121058683977
-3.48153713268e-15
0.00121058683977
1.6638309484e-15
0.00121058683977
1.4359042682e-15
0.00121058683977
5.91823387965e-15
0.00121058683977
1.2408712279e-15
0.00121058683977
-2.24037580969e-15
0.00121058683977
-4.54820998948e-15
0.00121058683977
1.8811094154e-15
0.00121058683977
2.20636856028e-15
0.00121058683977
2.65945978443e-15
-2.24657192567e-15
0.00134618853208
0.00160775882789
0.00132536615362
0.000768935564808
0.00129484400669
0.000369087313364
0.00128272355113
0.000118699693408
0.00127787327753
2.93936980797e-05
0.00127720058414
4.87027605016e-06
0.00127719228324
-2.33239451621e-06
0.00127740114148
-1.41407490037e-06
0.00127749989177
-1.08908264631e-06
0.0012775561931
-3.03298940783e-07
0.00127757187219
-1.63514893397e-07
0.00127757807423
-1.18650628136e-08
0.00127757833473
-1.07918345216e-08
0.00127757837513
7.00541771648e-09
0.00127757800746
3.91227182986e-10
0.0012775779154
2.0709375751e-09
0.00127757782882
2.73125652676e-11
0.00127757781921
3.43550662704e-10
0.00127757780836
-6.45144484587e-11
0.0012775778103
4.46234267287e-11
0.00127757780948
-2.54726125901e-11
0.00127757781039
6.81743057554e-12
0.00127757781031
-6.07388198709e-12
0.00127757781051
1.64519263764e-12
0.00127757781047
-1.18409530435e-12
0.00127757781051
4.54270305754e-13
0.0012775778105
-2.19428120788e-13
0.0012775778105
1.10660704268e-13
0.0012775778105
-4.6519881713e-14
0.0012775778105
2.06055460433e-14
0.0012775778105
-1.41222245585e-15
0.0012775778105
1.80241571468e-15
0.0012775778105
1.98664844517e-17
0.0012775778105
8.75434867057e-15
0.0012775778105
1.73714683719e-15
0.0012775778105
-3.99578418654e-16
0.0012775778105
-6.7671325174e-15
0.0012775778105
2.49304001919e-15
0.0012775778105
-1.80998139488e-15
0.0012775778105
6.08140963349e-15
-1.74798459674e-15
0.00135993283781
0.00146733816704
0.00136088141011
0.000767987008292
0.00134297469507
0.000386994031233
0.00133435305998
0.000127321322455
0.00133043039701
3.33163614987e-05
0.00132982973314
5.47094222292e-06
0.00132975891035
-2.26157258484e-06
0.0013299180648
-1.57323006317e-06
0.0013299899988
-1.1610160721e-06
0.00133003693905
-3.50239057853e-07
0.00133004919789
-1.75774024267e-07
0.00133005491183
-1.75789721078e-08
0.00133005509634
-1.09762233565e-08
0.00133005527374
6.82797515436e-09
0.00133005495443
7.10493183118e-10
0.00133005490239
2.1230165638e-09
0.00133005482335
1.06360934799e-10
0.00133005481907
3.47808748489e-10
0.00133005480792
-5.33588724527e-11
0.00133005481021
4.2330883996e-11
0.00133005480905
-2.43093247573e-11
0.00133005480997
5.89338362387e-12
0.00133005480981
-5.90939333523e-12
0.00133005481001
1.4403626492e-12
0.00133005480996
-1.13449628645e-12
0.00133005481
4.1789507957e-13
0.00133005480999
-2.0078257629e-13
0.00133005481
1.0791971771e-13
0.00133005480999
-4.63510054095e-14
0.00133005480999
1.95194196461e-14
0.00133005480999
-4.64436106868e-16
0.00133005480999
4.58478320052e-15
0.00133005480999
2.42410634224e-15
0.00133005480999
5.74407842434e-15
0.00133005480999
4.19688210597e-15
0.00133005480999
-2.18491284045e-15
0.00133005480999
-4.43158026296e-15
0.00133005480999
-1.69771672153e-16
0.00133005480999
2.18460265301e-15
0.00133005480999
5.76823923514e-15
1.09227388258e-15
0.00136546588206
0.0013213844627
0.00138500770061
0.000748445203114
0.00137919228932
0.000392809446788
0.00137434205795
0.000132171548369
0.00137154271511
3.61157038474e-05
0.00137106490675
5.94875292931e-06
0.00137094454688
-2.14121314533e-06
0.00137104911172
-1.67779576868e-06
0.00137109135079
-1.20325470895e-06
0.00137112656977
-3.85457793817e-07
0.00137113471552
-1.83920040379e-07
0.00137113958709
-2.24505776751e-08
0.00137113965975
-1.10487634435e-08
0.00137113995307
6.5346329412e-09
0.00137113969558
9.67938333856e-10
0.00137113968531
2.13330600262e-09
0.00137113961798
1.73704738621e-10
0.00137113961934
3.46437945609e-10
0.00137113960855
-4.25744179303e-11
0.00137113961111
3.97722617452e-11
0.00137113960968
-2.2878380359e-11
0.00137113961056
5.00170736751e-12
0.00137113961032
-5.67502361962e-12
0.00137113961053
1.2375255534e-12
0.00137113961047
-1.07046372949e-12
0.00137113961051
3.75037939618e-13
0.00137113961049
-1.83266703805e-13
0.0013711396105
1.01158579579e-13
0.0013711396105
-4.22476319617e-14
0.0013711396105
1.81699643525e-14
0.00137113961049
-4.64030067471e-15
0.0013711396105
4.66715128614e-15
0.0013711396105
1.51851775114e-15
0.0013711396105
7.81514989949e-15
0.00137113961049
4.35725201961e-15
0.00137113961049
5.32785361299e-16
0.0013711396105
-2.94200414526e-15
0.0013711396105
-4.17044175543e-15
0.00137113961049
1.53386412873e-16
0.0013711396105
5.13459007437e-15
1.19669855524e-15
0.0013657492292
0.00117514741348
0.00140086607132
0.000713328371347
0.00140622473077
0.00038745079266
0.00140522086187
0.000133175412716
0.00140365964408
3.76769203023e-05
0.00140334575714
6.2626420825e-06
0.00140318804061
-1.98349662309e-06
0.00140323617879
-1.72593488827e-06
0.00140324700496
-1.21408062491e-06
0.00140326891482
-4.07367316454e-07
0.00140327241765
-1.87423082677e-07
0.00140327617993
-2.62129521203e-08
0.00140327609991
-1.09686287388e-08
0.00140327649093
6.14361699568e-09
0.00140327630253
1.15629425081e-09
0.00140327633529
2.10056594144e-09
0.00140327628246
2.26546293459e-10
0.00140327628976
3.3911778281e-10
0.00140327627982
-3.26353046221e-11
0.00140327628261
3.69888960446e-11
0.00140327628096
-2.12328522255e-11
0.00140327628178
4.17957171672e-12
0.00140327628147
-5.3736572089e-12
0.00140327628167
1.04498771174e-12
0.0014032762816
-1.00298522629e-12
0.00140327628164
3.38735922864e-13
0.00140327628162
-1.69955255268e-13
0.00140327628163
9.35876560735e-14
0.00140327628163
-3.83058244942e-14
0.00140327628163
1.26959181152e-14
0.00140327628163
-6.9626538774e-15
0.00140327628163
4.0553615053e-15
0.00140327628163
2.36038664312e-15
0.00140327628163
7.39096061387e-15
0.00140327628163
1.94833972922e-15
0.00140327628163
1.03223353267e-15
0.00140327628163
1.14147285529e-15
0.00140327628163
-4.63404158632e-15
0.00140327628163
-2.10914017516e-15
0.00140327628163
-1.55654637588e-15
3.24696366307e-15
0.00136284996976
0.00103180962581
0.00141081105335
0.000665367294698
0.0014262184208
0.000372043431183
0.00142897935267
0.000130414477434
0.00142870176351
3.79545074513e-05
0.00142858099702
6.38341049417e-06
0.00142839674415
-1.79924335682e-06
0.00142838894009
-1.71813175885e-06
0.00142836775283
-1.19289328345e-06
0.00142837546114
-4.15075255977e-07
0.00142837398023
-1.85942313338e-07
0.00142837644883
-2.86816836942e-08
0.00142837617889
-1.06985925625e-08
0.00142837665143
5.67111809481e-09
0.00142837653486
1.27281329816e-09
0.00142837661101
2.02441837485e-09
0.00142837657436
2.63222247678e-10
0.00142837658785
3.25613902108e-10
0.00142837657907
-2.38575356716e-11
0.00142837658208
3.39863146081e-11
0.00142837658025
-1.94089941921e-11
0.00142837658099
3.43530816542e-12
0.00142837658063
-5.00758288067e-12
0.0014283765808
8.70702043332e-13
0.00142837658073
-9.27292047587e-13
0.00142837658077
3.01190593031e-13
0.00142837658075
-1.51949522469e-13
0.00142837658076
8.74133785755e-14
0.00142837658075
-3.19599151133e-14
0.00142837658076
1.37743646811e-14
0.00142837658075
-1.10680986553e-14
0.00142837658075
1.77140755678e-15
0.00142837658075
2.93671002621e-15
0.00142837658075
6.76085803355e-15
0.00142837658075
-3.49872523546e-16
0.00142837658075
4.06142053108e-15
0.00142837658076
2.98066093224e-15
0.00142837658076
-4.69775405725e-15
0.00142837658075
-4.46357359651e-15
0.00142837658075
-1.57533526754e-16
1.51529389822e-15
0.00135820131383
0.000893120497336
0.00141661101903
0.000606957592865
0.00144085465331
0.000347799803096
0.00144717903415
0.000124090094451
0.00144817261118
3.69609279273e-05
0.00144826174532
6.29427786286e-06
0.00144806008895
-1.59758625809e-06
0.00144799861773
-1.65666137563e-06
0.00144794586025
-1.14013589912e-06
0.00144793910444
-4.08319053724e-07
0.00144793249821
-1.79336152073e-07
0.00144793356725
-2.97508823995e-08
0.00144793307907
-1.02103332911e-08
0.00144793361865
5.13159194709e-09
0.00144793357324
1.31817774626e-09
0.00144793369208
1.90556865305e-09
0.00144793367233
2.82988231011e-10
0.0014479336921
3.05851634322e-10
0.00144793368467
-1.64384644892e-11
0.00144793368791
3.07468214434e-11
0.00144793368594
-1.74315098204e-11
0.00144793368659
2.78541490283e-12
0.00144793368616
-4.58094929124e-12
0.00144793368632
7.12505058267e-13
0.00144793368624
-8.43156146993e-13
0.00144793368628
2.60658893094e-13
0.00144793368626
-1.38668488069e-13
0.00144793368627
7.77378144014e-14
0.00144793368626
-2.70139223588e-14
0.00144793368627
1.7344992042e-14
0.00144793368626
-6.76609113458e-15
0.00144793368626
4.69002737499e-16
0.00144793368627
3.31542808491e-15
0.00144793368626
1.07139892919e-15
0.00144793368626
1.43808675408e-15
0.00144793368626
-1.26941459959e-17
0.00144793368627
8.20871773155e-15
0.00144793368627
-3.73715384561e-15
0.00144793368626
-5.42194185801e-15
0.00144793368626
4.91838330494e-17
2.14216420907e-15
0.00135278878295
0.000759843903427
0.00141958755069
0.000540158824956
0.00145144386863
0.000315943491158
0.00146104143129
0.000114492530971
0.00146324622451
3.47561319502e-05
0.0014635500441
5.99045928513e-06
0.00146333829342
-1.38583460381e-06
0.00146322682764
-1.54519628518e-06
0.00146314389704
-1.05720555206e-06
0.00146312298377
-3.87405416543e-07
0.00146311130916
-1.67661534599e-07
0.00146311094693
-2.93888128883e-08
0.00146311022402
-9.48738369945e-09
0.0014631108178
4.53786800669e-09
0.00146311084023
1.2957150099e-09
0.00146311099994
1.74584173154e-09
0.00146311099701
2.85930347512e-10
0.00146311102294
2.79920312394e-10
0.00146311101696
-1.04569363555e-11
0.00146311102043
2.72760195399e-11
0.00146311101834
-1.5332369332e-11
0.00146311101891
2.21778070293e-12
0.00146311101842
-4.10239272522e-12
0.00146311101857
5.70628770826e-13
0.00146311101847
-7.4965861332e-13
0.00146311101851
2.21614436471e-13
0.00146311101849
-1.23865326848e-13
0.0014631110185
7.13973418599e-14
0.0014631110185
-2.09295228395e-14
0.0014631110185
1.50248451038e-14
0.0014631110185
-6.46737535207e-15
0.0014631110185
5.31671566879e-15
0.0014631110185
3.13891810851e-15
0.0014631110185
-6.95558940271e-16
0.0014631110185
1.69723036925e-15
0.0014631110185
4.76526737317e-16
0.0014631110185
4.46975498097e-15
0.0014631110185
-6.70104007549e-16
0.0014631110185
-7.02417206518e-15
0.0014631110185
5.77196724564e-16
4.7954405369e-15
0.00134728316587
0.000632072930936
0.00142072261345
0.000466719373946
0.00145900125694
0.000277664853116
0.00147151765128
0.000101976137055
0.00147483554589
3.14382345258e-05
0.00147534784759
5.47815807755e-06
0.00147513149859
-1.1694844709e-06
0.00147497481171
-1.38850990187e-06
0.00147486395988
-9.46354093339e-07
0.00147482970574
-3.53150965569e-07
0.00147481320934
-1.5116505092e-07
0.00147481145309
-2.76327326815e-08
0.00147481049215
-8.52643909555e-09
0.00147481112889
3.9012029166e-09
0.00147481121376
1.21082004522e-09
0.00147481141141
1.54816912927e-09
0.00147481142452
2.72834356223e-10
0.0014748114563
2.48146573406e-10
0.00147481145176
-5.92335943261e-12
0.00147481145546
2.3564172716e-11
0.00147481145327
-1.31359400766e-11
0.00147481145376
1.72993258455e-12
0.00147481145322
-3.56322540408e-12
0.00147481145335
4.4735253846e-13
0.00147481145324
-6.49391323388e-13
0.00147481145328
1.83929265591e-13
0.00147481145326
-1.07301401855e-13
0.00147481145327
6.00443254881e-14
0.00147481145327
-2.03377900694e-14
0.00147481145327
1.72159924783e-14
0.00147481145327
-5.9011386228e-15
0.00147481145327
5.84446598223e-15
0.00147481145327
2.56351605499e-15
0.00147481145327
1.06480056666e-15
0.00147481145327
2.3834547364e-15
0.00147481145327
1.32631467863e-15
0.00147481145327
7.59263606865e-15
0.00147481145327
-5.33129775589e-15
0.00147481145327
-3.44969728778e-15
0.00147481145327
3.24030727852e-15
3.81135740897e-15
0.00134213529839
0.000509449829203
0.00142074039723
0.000388114268797
0.00146430681209
0.000234098442866
0.00147934286175
8.69400889591e-05
0.00148364565051
2.71354430835e-05
0.00148435057166
4.77323690016e-06
0.0014841334234
-9.52335011332e-07
0.00148393715981
-1.19224659352e-06
0.0014838013887
-8.10583444801e-07
0.00148375505996
-3.06821980864e-07
0.00148373416304
-1.30267997089e-07
0.00148373111282
-2.45826480517e-08
0.00148372992381
-7.33745153472e-09
0.00148373059378
3.23130747146e-09
0.00148373073404
1.07055145541e-09
0.00148373096568
1.31649486169e-09
0.00148373099342
2.45104092831e-10
0.00148373103054
2.11030839515e-10
0.00148373102736
-2.74532098279e-12
0.00148373103128
1.96339747459e-11
0.00148373102901
-1.08525475202e-11
0.00148373102943
1.31294684612e-12
0.00148373102884
-2.98390046121e-12
0.00148373102895
3.4317944999e-13
0.00148373102884
-5.46087132085e-13
0.00148373102888
1.45121743678e-13
0.00148373102886
-8.96315440411e-14
0.00148373102887
5.08638169721e-14
0.00148373102887
-1.56205821713e-14
0.00148373102887
1.42533186877e-14
0.00148373102887
-3.42738817955e-15
0.00148373102887
5.88354033366e-15
0.00148373102887
4.26121529526e-16
0.00148373102887
1.16182307622e-15
0.00148373102887
3.17454821876e-15
0.00148373102887
3.94549467047e-15
0.00148373102887
6.08761274607e-15
0.00148373102887
-8.3444827792e-15
0.00148373102887
4.10218976255e-16
0.00148373102887
1.97254467024e-15
5.56825434976e-15
0.0013376434654
0.000391318563916
0.00142016929501
0.000305588430583
0.00146795250324
0.000186315238176
0.00148507865589
6.98139388085e-05
0.00149021490045
2.19991961435e-05
0.00149108840122
3.89973564257e-06
0.00149087274467
-7.36677302841e-07
0.0014906432352
-9.627371877e-07
0.00149048618817
-6.53536907838e-07
0.00149042943826
-2.5007192677e-07
0.00149040471714
-1.05546689421e-07
0.00149040052835
-2.03939697422e-08
0.00149039913369
-5.9428481023e-09
0.00149039982861
2.536459262e-09
0.00149040001588
8.83282787956e-10
0.00149040027666
1.05568385623e-09
0.00149040031711
2.04661704757e-10
0.00149040035887
1.69278366008e-10
0.0014904003569
-7.79955290051e-13
0.00149040036102
1.54985956282e-11
0.00149040035868
-8.5057640697e-12
0.00149040035904
9.52686804337e-13
0.00149040035842
-2.36492114162e-12
0.00149040035851
2.48672093217e-13
0.00149040035839
-4.30697211964e-13
0.00149040035843
1.12537768466e-13
0.00149040035841
-6.99689948898e-14
0.00149040035842
4.08928262465e-14
0.00149040035842
-1.12385845865e-14
0.00149040035842
9.79916011322e-15
0.00149040035842
2.83586422848e-16
0.00149040035842
3.49569218784e-15
0.00149040035842
-2.62485690395e-15
0.00149040035842
5.2419935339e-15
0.00149040035842
6.25294908262e-15
0.00149040035842
7.38492498368e-15
0.00149040035842
3.92794123859e-15
0.00149040035842
-6.64631071278e-15
0.00149040035842
4.17470105421e-15
0.00149040035842
2.5590105214e-15
1.50703946479e-15
0.00133400104145
0.00027682972554
0.00141938826954
0.000220201192236
0.00147037874499
0.000135324765065
0.00148914558307
5.10471039481e-05
0.00149494638647
1.61983907888e-05
0.00149595778337
2.88833786488e-06
0.00149574463721
-5.23530095531e-07
0.00149548874516
-7.06845006127e-07
0.00149531459512
-4.79387354121e-07
0.0014952493994
-1.84876165204e-07
0.00149522156199
-7.77090760523e-08
0.00149521643701
-1.52690546588e-08
0.00149521487013
-4.37603594611e-09
0.00149521558299
1.82364546005e-09
0.00149521580788
6.58421636691e-10
0.00149521609216
7.71367825869e-10
0.00149521614294
1.53877463349e-10
0.00149521618849
1.23738469688e-10
0.00149521618752
1.91960304425e-13
0.00149521619181
1.11949994173e-11
0.00149521618942
-6.1094062725e-12
0.00149521618973
6.4169367936e-13
0.00149521618908
-1.707957352e-12
0.00149521618915
1.68126127254e-13
0.00149521618904
-3.07036712085e-13
0.00149521618907
8.39046293759e-14
0.00149521618905
-5.17657567319e-14
0.00149521618906
2.69725740188e-14
0.00149521618906
-8.55122438045e-15
0.00149521618906
4.56465873701e-15
0.00149521618906
3.40651651991e-15
0.00149521618906
5.94675432476e-15
0.00149521618906
-1.52513275065e-15
0.00149521618906
4.39740956803e-15
0.00149521618906
6.89472546147e-15
0.00149521618906
7.8235046003e-15
0.00149521618906
3.11194759366e-15
0.00149521618906
-2.00838797148e-15
0.00149521618906
5.36990898313e-15
0.00149521618906
2.81207092082e-15
-1.75378612178e-15
0.00133132976364
0.00016501216779
0.00141866090608
0.000132870038591
0.00147190197111
8.20837011218e-05
0.00149184763786
3.11014408727e-05
0.00149813149882
9.91452839181e-06
0.00149924499415
1.77484136574e-06
0.00149903436918
-3.12904259888e-07
0.0014987593564
-4.31831920344e-07
0.00149857269127
-2.92722664011e-07
0.00149850127901
-1.13463950366e-07
0.00149847113855
-4.75684099289e-08
0.00149846531732
-9.44784414303e-09
0.00149846362067
-2.67947955863e-09
0.00149846434554
1.09880361163e-09
0.00149846459784
4.06161552691e-10
0.00149846489936
4.69816530876e-10
0.00149846495778
9.54496912104e-11
0.00149846500613
7.53938649719e-11
0.00149846500591
4.20102585434e-13
0.00149846501033
6.76657141222e-12
0.0014984650079
-3.67970872495e-12
0.00149846500817
3.7296283934e-13
0.0014984650075
-1.03169999412e-12
0.00149846500757
9.65466182336e-14
0.00149846500744
-1.84523100399e-13
0.00149846500748
5.38824361411e-14
0.00149846500746
-2.71202707208e-14
0.00149846500747
1.48730251313e-14
0.00149846500747
-4.45084277546e-15
0.00149846500747
1.55277649392e-16
0.00149846500747
3.87582771626e-15
0.00149846500747
4.34029454644e-15
0.00149846500747
-3.98058290417e-15
0.00149846500747
-2.12724512867e-16
0.00149846500747
6.55180408261e-15
0.00149846500747
6.69176294046e-15
0.00149846500747
2.23256756607e-15
0.00149846500747
-1.51608737301e-15
0.00149846500747
4.94615118978e-15
0.00149846500747
2.9527009707e-15
-2.54680730719e-15
0.00132970237285
5.48220018908e-05
0.00141815957602
4.44128239864e-05
0.00147273469587
2.75085811588e-05
0.00149339002937
1.04461112345e-05
0.00149996697422
3.33758265628e-06
0.00150114315653
5.98657705637e-07
0.00150093433644
-1.04083521565e-07
0.00150064774211
-1.4523714248e-07
0.00150045344807
-9.84289876652e-08
0.00150037823188
-3.8247888456e-08
0.00150034667841
-1.60147451121e-08
0.00150034042828
-3.197702914e-09
0.00150033865103
-9.02315263786e-10
0.00150033938277
3.6707857407e-10
0.00150033965173
1.37240908937e-10
0.00150033996379
1.57743394749e-10
0.00150034002688
3.23384945045e-11
0.00150034007696
2.53312436015e-11
0.0015003400772
1.91046424531e-13
0.0015003400817
2.25932267449e-12
0.00150034007925
-1.22438973198e-12
0.0015003400795
1.23119252759e-13
0.00150034007881
-3.44672643836e-13
0.00150034007887
3.05590892152e-14
0.00150034007875
-5.80673020522e-14
0.00150034007878
2.53532347948e-14
0.00150034007876
-7.07036171482e-15
0.00150034007877
4.26118933096e-15
0.00150034007877
8.99040195512e-16
0.00150034007877
-1.69985888267e-15
0.00150034007877
-6.09941897613e-16
0.00150034007877
5.65848308958e-15
0.00150034007877
-3.73549873151e-15
0.00150034007877
7.35118817812e-16
0.00150034007877
5.22769919867e-15
0.00150034007877
5.15810589513e-15
0.00150034007877
-3.33532427226e-16
0.00150034007877
-1.7746608231e-15
0.00150034007877
4.67406348228e-15
0.00150034007877
1.25144373224e-15
-7.45259759123e-17
0.00132915623323
-5.48220236365e-05
0.00141798187832
-4.44128321036e-05
0.00147299902408
-2.75085658093e-05
0.00149389124823
-1.04461091127e-05
0.00150056642063
-3.3375900623e-06
0.00150176373403
-5.98657134505e-07
0.00150155556417
1.04086741595e-07
0.00150126509128
1.4523627709e-07
0.00150106823425
9.8427759658e-08
0.00150099173767
3.8248508699e-08
0.00150095970795
1.60151369606e-08
0.001500953313
3.19729799003e-09
0.00150095150841
9.02190551536e-10
0.00150095224238
-3.66896492478e-10
0.00150095251694
-1.37265979825e-10
0.00150095283254
-1.57864817148e-10
0.00150095289721
-3.23447231672e-11
0.00150095294786
-2.53150985233e-11
0.00150095294826
-2.03727035838e-13
0.00150095295279
-2.27170452644e-12
0.00150095295033
1.23667064072e-12
0.00150095295057
-1.17203636946e-13
0.00150095294987
3.47251619813e-13
0.00150095294994
-2.91281202813e-14
0.00150095294981
6.70399521371e-14
0.00150095294984
-8.0702213587e-15
0.00150095294983
1.40557985031e-14
0.00150095294983
-1.0823214887e-14
0.00150095294983
6.01423269366e-15
0.00150095294984
-5.91504132813e-15
0.00150095294983
-3.84326246494e-15
0.00150095294983
4.93074467743e-15
0.00150095294983
1.71488886121e-15
0.00150095294983
-1.58666566105e-15
0.00150095294983
-1.12908708513e-15
0.00150095294983
1.26923261981e-15
0.00150095294983
-1.77714562906e-16
0.00150095294984
-5.38126393818e-15
0.00150095294983
-1.90931241764e-15
0.00150095294983
3.70959117405e-15
2.03602240194e-15
0.0013297023734
-0.000165012189352
0.00141815957684
-0.000132870045549
0.00147273469546
-8.20836865342e-05
0.00149339002902
-3.11014391694e-05
0.00149996697448
-9.91453531923e-06
0.00150114315664
-1.77484070185e-06
0.0015009343363
3.12907227862e-07
0.00150064774209
4.31831062981e-07
0.00150045344813
2.92721547108e-07
0.00150037823188
1.13464544083e-07
0.00150034667838
4.75687479558e-08
0.00150034042829
9.44746923898e-09
0.00150033865104
2.6793762047e-09
0.00150033938277
-1.09864731362e-09
0.00150033965173
-4.06189943062e-10
0.00150033996379
-4.69925652931e-10
0.00150034002688
-9.54545967074e-11
0.00150034007696
-7.53826231676e-11
0.0015003400772
-4.41449975633e-13
0.0015003400817
-6.77746608949e-12
0.00150034007925
3.68995620785e-12
0.0015003400795
-3.65059325862e-13
0.00150034007881
1.03864267223e-12
0.00150034007887
-9.53596142826e-14
0.00150034007875
1.93312610777e-13
0.00150034007878
-4.52783241822e-14
0.00150034007876
2.99999286288e-14
0.00150034007877
-2.34942712647e-14
0.00150034007877
6.10336541651e-15
0.00150034007877
-5.57105917492e-15
0.00150034007877
-2.44016459803e-15
0.00150034007877
5.8971233339e-15
0.00150034007877
5.48274955522e-15
0.00150034007877
-1.44803294559e-15
0.00150034007877
-2.22184125357e-15
0.00150034007877
6.76558705374e-16
0.00150034007877
1.88123832913e-16
0.00150034007877
1.40048176994e-15
0.00150034007877
-1.93625691316e-15
0.00150034007877
6.12399040231e-15
4.74336079505e-15
0.00133132976478
-0.000276829746692
0.00141866090766
-0.00022020119697
0.00147190197028
-0.000135324751959
0.00149184763719
-5.10471030384e-05
0.00149813149932
-1.61983967992e-05
0.00149924499435
-2.88833703308e-06
0.00149903436892
5.23532581439e-07
0.00149875935637
7.06844170001e-07
0.00149857269139
4.79386461703e-07
0.001498501279
1.84876695675e-07
0.0014984711385
7.77093199194e-08
0.00149846531733
1.52687312679e-08
0.00149846362069
4.37596738305e-09
0.00149846434553
-1.82351727921e-09
0.00149846459783
-6.58454856486e-10
0.00149846489937
-7.71456121686e-10
0.00149846495778
-1.53881957583e-10
0.00149846500613
-1.237335331e-10
0.00149846500591
-2.16823695264e-13
0.00149846501033
-1.12032505478e-11
0.0014984650079
6.12261354171e-12
0.00149846500817
-6.34496623323e-13
0.0014984650075
1.71333015436e-12
0.00149846500757
-1.67517561902e-13
0.00149846500744
3.1138048083e-13
0.00149846500748
-8.15681396992e-14
0.00149846500746
4.86012437767e-14
0.00149846500747
-3.03764160944e-14
0.00149846500747
5.5051007713e-15
0.00149846500747
-7.12555922642e-15
0.00149846500747
-6.09136165618e-15
0.00149846500747
8.76378712376e-16
0.00149846500747
1.04282772067e-14
0.00149846500747
-3.18545309166e-15
0.00149846500747
-1.8656954713e-15
0.00149846500747
3.87275974397e-15
0.00149846500747
-5.58549337513e-16
0.00149846500747
6.30562350232e-16
0.00149846500747
-2.33759548593e-15
0.00149846500747
6.09854967563e-15
4.67998599766e-15
0.00133400104323
-0.000391318584341
0.00141938827175
-0.000305588432234
0.00147037874378
-0.00018631522721
0.00148914558214
-6.98139389826e-05
0.00149494638719
-2.19992008419e-05
0.00149595778364
-3.89973459722e-06
0.00149574463683
7.36679109521e-07
0.00149548874512
9.62736405143e-07
0.00149531459529
6.53536331887e-07
0.00149524939939
2.50072363967e-07
0.00149522156192
1.05546808731e-07
0.00149521643703
2.03937276205e-08
0.00149521487016
5.94281533921e-09
0.00149521558298
-2.53637844046e-09
0.00149521580787
-8.83322918742e-10
0.00149521609217
-1.0557411802e-09
0.00149521614294
-2.04668280385e-10
0.00149521618849
-1.69280936661e-10
0.00149521618752
7.55148479956e-13
0.00149521619182
-1.55088250926e-11
0.00149521618942
8.51557983849e-12
0.00149521618973
-9.40794885346e-13
0.00149521618907
2.36637734186e-12
0.00149521618915
-2.4714082285e-13
0.00149521618904
4.27944157766e-13
0.00149521618907
-1.15754572029e-13
0.00149521618905
6.67249476232e-14
0.00149521618906
-3.87260033502e-14
0.00149521618906
1.2365262636e-14
0.00149521618906
-4.69301159072e-15
0.00149521618906
-3.71526067781e-15
0.00149521618906
-2.48062516139e-15
0.00149521618906
1.04287739143e-14
0.00149521618906
-4.23390081867e-16
0.00149521618906
-1.00835449465e-15
0.00149521618906
5.58285008026e-15
0.00149521618906
4.51089443199e-15
0.00149521618906
-2.29679424287e-16
0.00149521618906
-3.98220758808e-15
0.00149521618906
3.33273793066e-15
3.47959124277e-15
0.00133764346788
-0.000509449848488
0.00142016929769
-0.000388114266795
0.00146795250166
-0.000234098434594
0.00148507865479
-8.69400903837e-05
0.00149021490136
-2.71354461528e-05
0.00149108840153
-4.77323562825e-06
0.00149087274421
9.52335997805e-07
0.00149064323515
1.19224589532e-06
0.00149048618838
8.10583232795e-07
0.00149042943823
3.06822298724e-07
0.00149040471705
1.30267971515e-07
0.00149040052838
2.45824990142e-08
0.00149039913372
7.33746370604e-09
0.00149039982859
-3.23128317054e-09
0.00149040001587
-1.0705979048e-09
0.00149040027667
-1.31652525075e-09
0.00149040031711
-2.45109050111e-10
0.00149040035887
-2.11038980565e-10
0.0014904003569
2.7330288114e-12
0.00149040036103
-1.96408175107e-11
0.00149040035868
1.08586705335e-11
0.00149040035904
-1.29988883492e-12
0.00149040035842
2.98174545142e-12
0.00149040035851
-3.38007834382e-13
0.00149040035839
5.41160411861e-13
0.00149040035843
-1.52647584899e-13
0.00149040035841
8.27992404958e-14
0.00149040035842
-4.46207736936e-14
0.00149040035842
1.59745366104e-14
0.00149040035842
-8.90822965859e-15
0.00149040035842
-4.53777405583e-15
0.00149040035842
-6.1660421481e-15
0.00149040035842
7.93185773497e-15
0.00149040035842
2.59871133787e-15
0.00149040035842
-2.72664571394e-15
0.00149040035842
8.59323940979e-15
0.00149040035842
9.67800233156e-15
0.00149040035842
1.49267247872e-15
0.00149040035842
5.53056642922e-16
0.00149040035842
3.68621511691e-15
1.45584590082e-15
0.00134213530162
-0.000632072948553
0.00142074040017
-0.000466719368062
0.00146430681019
-0.000277664847958
0.00147934286057
-0.000101976139762
0.00148364565155
-3.14382357468e-05
0.00148435057197
-5.47815662421e-06
0.00148413342288
1.1694845498e-06
0.00148393715978
1.38850932422e-06
0.00148380138893
9.46354279088e-07
0.00148375505992
3.5315112926e-07
0.00148373416295
1.51164877768e-07
0.00148373111286
2.76326856329e-08
0.00148372992384
8.52648887433e-09
0.00148373059375
-3.90124155986e-09
0.00148373073403
-1.21086942434e-09
0.00148373096569
-1.54816369501e-09
0.00148373099342
-2.72844962529e-10
0.00148373103054
-2.48159521894e-10
0.00148373102736
5.91569947847e-12
0.00148373103129
-2.35713433365e-11
0.00148373102901
1.31358100834e-11
0.00148373102943
-1.72080376282e-12
0.00148373102884
3.56532995582e-12
0.00148373102895
-4.45886054896e-13
0.00148373102884
6.51891544825e-13
0.00148373102888
-1.88532588518e-13
0.00148373102886
1.05393678475e-13
0.00148373102887
-5.17472709317e-14
0.00148373102887
1.94279101276e-14
0.00148373102887
-1.15938049461e-14
0.00148373102887
-8.05552527274e-16
0.00148373102887
-6.93142936894e-15
0.00148373102887
5.41279217755e-15
0.00148373102887
4.70049448818e-15
0.00148373102887
-4.97074214876e-15
0.00148373102887
6.49726960128e-15
0.00148373102887
1.05557943081e-14
0.00148373102887
3.97092475749e-16
0.00148373102887
5.68131937427e-16
0.00148373102887
1.85506843018e-15
-1.66456605435e-15
0.00134728316992
-0.000759843918739
0.00142072261641
-0.000540158815343
0.00145900125477
-0.000315943489386
0.00147151765015
-0.000114492534831
0.00147483554703
-3.475613122e-05
0.00147534784785
-5.99045774668e-06
0.00147513149805
1.38583376085e-06
0.0014749748117
1.5451958793e-06
0.0014748639601
1.0572061118e-06
0.00147482970569
3.87405417468e-07
0.00147481320925
1.67661231583e-07
0.00147481145313
2.93888722765e-08
0.00147481049218
9.487468442e-09
0.00147481112887
-4.53796694116e-09
0.00147481121376
-1.29576236643e-09
0.00147481141142
-1.74581184196e-09
0.00147481142452
-2.85943498566e-10
0.0014748114563
-2.79945926745e-10
0.00147481145176
1.04566494911e-11
0.00147481145547
-2.7278761116e-11
0.00147481145327
1.53294747772e-11
0.00147481145376
-2.21185688973e-12
0.00147481145322
4.10283436062e-12
0.00147481145335
-5.65647885623e-13
0.00147481145324
7.57295582553e-13
0.00147481145328
-2.19556725347e-13
0.00147481145326
1.23663698525e-13
0.00147481145327
-6.1808718204e-14
0.00147481145327
2.22967390269e-14
0.00147481145327
-1.45696307758e-14
0.00147481145327
1.74029701273e-15
0.00147481145327
-7.45117876608e-15
0.00147481145327
5.42116085742e-15
0.00147481145327
4.79383309651e-15
0.00147481145327
-7.37722696204e-15
0.00147481145327
2.64088112822e-15
0.00147481145327
8.53978558008e-15
0.00147481145327
3.42750301468e-15
0.00147481145327
2.68279289381e-15
0.00147481145327
-1.65123724756e-17
-2.53219891045e-15
0.00135278878783
-0.000893120509656
0.00141958755345
-0.000606957580035
0.00145144386626
-0.000347799804808
0.0014610414303
-0.000124090099193
0.00146324622568
-3.69609252788e-05
0.00146355004428
-6.29427637809e-06
0.00146333829289
1.59758455254e-06
0.00146322682767
1.65666119821e-06
0.00146314389725
1.14013678653e-06
0.00146312298371
4.08318883717e-07
0.00146311130909
1.79335750527e-07
0.00146311094697
2.97510453161e-08
0.00146311022404
1.02104406979e-08
0.00146311081778
-5.13173962545e-09
0.00146311084023
-1.31822196304e-09
0.00146311099995
-1.90551321452e-09
0.00146311099701
-2.83005282041e-10
0.00146311102294
-3.05886565406e-10
0.00146311101696
1.64427764449e-11
0.00146311102043
-3.07484782153e-11
0.00146311101834
1.74252742401e-11
0.00146311101891
-2.78175974326e-12
0.00146311101842
4.58587086476e-12
0.00146311101857
-7.04797815685e-13
0.00146311101847
8.51308911003e-13
0.00146311101851
-2.59828858837e-13
0.00146311101849
1.42372368773e-13
0.0014631110185
-6.95672372372e-14
0.0014631110185
2.73185268054e-14
0.0014631110185
-1.91255250312e-14
0.0014631110185
6.04870936532e-15
0.0014631110185
-4.91676081179e-15
0.0014631110185
5.29112133953e-15
0.0014631110185
4.5854915816e-15
0.0014631110185
-2.72740387596e-15
0.0014631110185
9.8027679679e-16
0.0014631110185
8.29731972148e-15
0.0014631110185
6.92346734535e-15
0.0014631110185
9.0252881748e-16
0.0014631110185
-3.82813165777e-15
-2.77902945206e-15
0.00135820131953
-0.00103180963443
0.00141661102137
-0.000665367279516
0.0014408546508
-0.000372043436292
0.00144717903341
-0.000130414482647
0.00144817261234
-3.79545030485e-05
0.00144826174539
-6.38340922459e-06
0.00144806008846
1.79924092733e-06
0.00144799861779
1.71813184655e-06
0.00144794586042
1.19289440567e-06
0.00144793910437
4.15074909032e-07
0.00144793249815
1.859418552e-07
0.00144793356729
2.86819364585e-08
0.00144793307908
1.06987060455e-08
0.00144793361863
-5.67130055414e-09
0.00144793357324
-1.27284194161e-09
0.00144793369208
-2.02434913822e-09
0.00144793367233
-2.63244406355e-10
0.00144793369209
-3.25658518138e-10
0.00144793368467
2.38625481654e-11
0.00144793368791
-3.39850634982e-11
0.00144793368594
1.93916740656e-11
0.00144793368659
-3.43996334333e-12
0.00144793368616
5.01903063811e-12
0.00144793368632
-8.61404103823e-13
0.00144793368624
9.30159433077e-13
0.00144793368628
-2.97674501207e-13
0.00144793368626
1.63180889694e-13
0.00144793368627
-7.988150548e-14
0.00144793368626
2.9083525254e-14
0.00144793368627
-1.86922331271e-14
0.00144793368627
7.69812486745e-15
0.00144793368627
-1.69147264272e-15
0.00144793368626
2.43893304571e-15
0.00144793368626
4.41994470399e-15
0.00144793368627
2.12308527325e-15
0.00144793368626
-3.95547476932e-15
0.00144793368626
7.41452831666e-15
0.00144793368627
1.28418333742e-14
0.00144793368627
-2.8651031618e-15
0.00144793368626
-7.63711104684e-15
-5.5062753637e-15
0.00136284997622
-0.00117514741777
0.00141081105507
-0.000713328354954
0.00142621841825
-0.000387450800895
0.00142897935225
-0.000133175417891
0.00142870176458
-3.767691444e-05
0.00142858099696
-6.2626412111e-06
0.00142839674374
1.98349367187e-06
0.0014283889402
1.72593527035e-06
0.00142836775295
1.21408187526e-06
0.00142837546107
4.07366822981e-07
0.0014283739802
1.87422627282e-07
0.00142837644887
2.62132682317e-08
0.0014283761789
1.09687265369e-08
0.00142837665141
-6.14382018352e-09
0.00142837653486
-1.15631145056e-09
0.00142837661101
-2.10048830308e-09
0.00142837657436
-2.26577070473e-10
0.00142837658785
-3.39161410078e-10
0.00142837657907
3.26400535699e-11
0.00142837658208
-3.69907576603e-11
0.00142837658025
2.12154310567e-11
0.00142837658099
-4.18266685921e-12
0.00142837658063
5.38261437232e-12
0.0014283765808
-1.03929261932e-12
0.00142837658073
1.00956993099e-12
0.00142837658077
-3.3478919626e-13
0.00142837658075
1.794669782e-13
0.00142837658076
-9.2122448254e-14
0.00142837658075
3.30474192642e-14
0.00142837658076
-1.55885292265e-14
0.00142837658075
8.13530883417e-15
0.00142837658076
-4.78388078304e-16
0.00142837658075
3.03548559971e-15
0.00142837658075
5.00253423661e-15
0.00142837658075
3.34589860482e-15
0.00142837658075
-4.02940251623e-15
0.00142837658075
3.47279590105e-15
0.00142837658075
1.36701541612e-14
0.00142837658075
-4.56679550035e-15
0.00142837658075
-1.0069554525e-14
-5.16192488931e-15
0.00136574923628
-0.00132138446216
0.00140086607226
-0.000748445186843
0.00140622472828
-0.000392809457684
0.00140522086183
-0.000132171552944
0.00140365964499
-3.61156969484e-05
0.00140334575694
-5.94875262084e-06
0.00140318804031
2.14120993993e-06
0.00140323617893
1.67779645822e-06
0.00140324700503
1.20325595227e-06
0.00140326891474
3.85457172446e-07
0.00140327241764
1.83919634271e-07
0.00140327617996
2.24509366083e-08
0.0014032760999
1.10488332847e-08
0.00140327649092
-6.53483174468e-09
0.00140327630253
-9.67941533408e-10
0.00140327633529
-2.13324169456e-09
0.00140327628246
-1.73738099359e-10
0.00140327628977
-3.46467340901e-10
0.00140327627982
4.25808012499e-11
0.00140327628261
-3.97716276225e-11
0.00140327628096
2.28652277355e-11
0.00140327628178
-5.00196247164e-12
0.00140327628147
5.69006319104e-12
0.00140327628167
-1.22951381903e-12
0.0014032762816
1.07022997621e-12
0.00140327628164
-3.76292450903e-13
0.00140327628162
1.9954064677e-13
0.00140327628163
-9.93640480016e-14
0.00140327628163
3.77857666348e-14
0.00140327628163
-2.05771156275e-14
0.00140327628163
8.24438252727e-15
0.00140327628163
2.68641076585e-15
0.00140327628163
-3.8542432095e-15
0.00140327628163
5.02904426409e-15
0.00140327628163
6.24356683286e-15
0.00140327628163
-3.90857925836e-15
0.00140327628163
3.1458133908e-15
0.00140327628163
1.68097133611e-14
0.00140327628163
-5.49732516568e-15
0.00140327628163
-1.00588992954e-14
-4.07632732216e-15
0.00136546588959
-0.00146733816141
0.00138500770069
-0.000767986993546
0.001379192287
-0.00038699404416
0.00137434205831
-0.00012732132588
0.00137154271582
-3.33163540824e-05
0.00137106490643
-5.47094261166e-06
0.00137094454671
2.26156942055e-06
0.00137104911188
1.57323104032e-06
0.00137109135079
1.16101716883e-06
0.00137112656969
3.5023836345e-07
0.00137113471554
1.7577372361e-07
0.00137113958711
1.75793292627e-08
0.00137113965973
1.09762449082e-08
0.00137113995307
-6.82815210669e-09
0.00137113969559
-7.10481879292e-10
0.00137113968531
-2.12296535079e-09
0.00137113961798
-1.06394334726e-10
0.00137113961934
-3.47827573897e-10
0.00137113960855
5.33617098037e-11
0.00137113961111
-4.23304714448e-11
0.00137113960968
2.42956985622e-11
0.00137113961056
-5.89093621369e-12
0.00137113961032
5.92648288385e-12
0.00137113961053
-1.42888570607e-12
0.00137113961047
1.129017041e-12
0.00137113961051
-4.14139998158e-13
0.00137113961049
2.14048485324e-13
0.0013711396105
-1.0340818732e-13
0.0013711396105
4.13344295093e-14
0.0013711396105
-1.95033149079e-14
0.0013711396105
8.39287889371e-15
0.0013711396105
4.66287615976e-16
0.0013711396105
-3.89426411186e-16
0.00137113961049
6.01464328129e-15
0.0013711396105
8.77829666701e-15
0.0013711396105
9.83176103396e-16
0.0013711396105
4.6435124518e-15
0.00137113961049
9.13148846504e-15
0.0013711396105
-3.75000249767e-15
0.0013711396105
-8.75089642508e-15
-4.90524060067e-16
0.00135993284555
-0.00160775881721
0.00136088140929
-0.000768935552913
0.00134297469302
-0.000369087327529
0.00133435306072
-0.000118699695201
0.00133043039748
-2.93936907332e-05
0.0013298297327
-4.87027720025e-06
0.00132975891031
2.3323916994e-06
0.00132991806498
1.41407610817e-06
0.00132998999875
1.08908347489e-06
0.00133003693899
3.03298228187e-07
0.00133004919794
1.63514737111e-07
0.00133005491184
1.18653836326e-08
0.00133005509631
1.0791800825e-08
0.00133005527374
-7.00555717547e-09
0.00133005495444
-3.9119756982e-10
0.00133005490238
-2.07091336378e-09
0.00133005482334
-2.73475630479e-11
0.00133005481908
-3.43557382041e-10
0.00133005480792
6.45208729044e-11
0.00133005481022
-4.46236656395e-11
0.00133005480905
2.54631589222e-11
0.00133005480997
-6.81761353835e-12
0.0013300548098
6.08776241629e-12
0.00133005481001
-1.63931225098e-12
0.00133005480996
1.17581391334e-12
0.00133005481
-4.55374490748e-13
0.00133005480999
2.27563370168e-13
0.00133005481
-1.09565564792e-13
0.00133005480999
4.44488210372e-14
0.00133005480999
-2.25459095278e-14
0.00133005480999
1.2760430295e-14
0.00133005480999
-1.39677913578e-15
0.00133005480999
-1.97683763796e-15
0.00133005480999
-1.31838526807e-15
0.00133005480999
8.12018970093e-15
0.00133005480999
-4.1933042864e-16
0.00133005480999
4.16980791864e-15
0.00133005480999
2.93275956047e-15
0.00133005480999
-4.54471347599e-15
0.00133005480999
-7.58194798038e-15
7.36164610981e-16
0.00134618853975
-0.00173443516732
0.00132536615196
-0.000748113161018
0.00129484400501
-0.000338565179802
0.0012827235522
-0.000106579243884
0.00127787327773
-2.45434164097e-05
0.00127720058363
-4.19758250002e-06
0.00127719228334
2.34069201261e-06
0.00127740114165
1.20521753191e-06
0.00127749989166
9.90333482757e-07
0.00127755619305
2.46996943355e-07
0.00127757187225
1.47835535591e-07
0.00127757807423
5.66336508039e-09
0.0012775783347
1.05313389083e-08
0.00127757837514
-7.04596757146e-09
0.00127757800747
-2.35447652655e-11
0.00127757791539
-1.97883716323e-09
0.00127757782882
5.92356065942e-11
0.00127757781921
-3.33953130939e-10
0.00127757780836
7.53733085924e-11
0.0012775778103
-4.65600658198e-11
0.00127757780948
2.62805277687e-11
0.00127757781039
-7.72993664611e-12
0.00127757781031
6.16379427806e-12
0.00127757781051
-1.84203797111e-12
0.00127757781047
1.21146072944e-12
0.00127757781051
-4.88527695008e-13
0.00127757781049
2.41673769825e-13
0.0012775778105
-1.14630438924e-13
0.0012775778105
4.97352502245e-14
0.0012775778105
-2.35980012023e-14
0.0012775778105
9.03571522431e-15
0.0012775778105
-3.55119727089e-15
0.0012775778105
3.44281707986e-16
0.0012775778105
-2.66225362948e-15
0.0012775778105
7.97692869174e-15
0.0012775778105
1.63781633668e-15
0.0012775778105
3.35157415439e-15
0.0012775778105
-1.42670086803e-16
0.0012775778105
5.68128124839e-16
0.0012775778105
-4.30658938186e-15
-5.91047234344e-16
0.00132001062833
-0.0018349336052
0.00127434211367
-0.00070244464271
0.00123134861171
-0.000295571676762
0.00121624094257
-9.14715760226e-05
0.00121075059206
-1.90530662493e-05
0.00121006193001
-3.50891994139e-06
0.00121012915576
2.27346638686e-06
0.00121037877079
9.55602273946e-07
0.00121050031344
8.68790788192e-07
0.001210562744
1.8456648787e-07
0.00121058103725
1.29542294927e-07
0.00121058727796
-5.77388206141e-10
0.00121058759723
1.02120723565e-08
0.00121058747484
-6.92356203356e-09
0.00121058708094
3.70348731929e-10
0.00121058695038
-1.84827832574e-09
0.00121058686224
1.47383835675e-10
0.00121058684733
-3.19040323775e-10
0.00121058683772
8.49805943416e-11
0.0012105868391
-4.79379529718e-11
0.00121058683875
2.66379689411e-11
0.00121058683957
-8.5540592753e-12
0.00121058683959
6.14093359074e-12
0.00121058683977
-2.01790511297e-12
0.00121058683975
1.23173548001e-12
0.00121058683978
-5.15442697249e-13
0.00121058683977
2.49849433936e-13
0.00121058683977
-1.15040179024e-13
0.00121058683977
5.46525966553e-14
0.00121058683977
-2.44354259514e-14
0.00121058683977
9.29282568908e-15
0.00121058683977
-5.77684014107e-15
0.00121058683977
-1.21647230317e-15
0.00121058683977
-6.62005770406e-15
0.00121058683977
9.34054321754e-15
0.00121058683977
3.31260767833e-15
0.00121058683977
6.44362742726e-16
0.00121058683977
-1.01878005425e-15
0.00121058683977
-2.45513386436e-16
0.00121058683977
-3.35852271288e-15
-2.21913553909e-15
0.00127539471297
-0.00189081612754
0.00120239580413
-0.000629445730807
0.00114814203411
-0.000241317905496
0.00113083079561
-7.41603385144e-05
0.00112508861243
-1.33108835474e-05
0.00112443712267
-2.85742980264e-06
0.00112459194889
2.11864035594e-06
0.00112486789046
6.79660533051e-07
0.00112500718127
7.29499911299e-07
0.00112507149743
1.20250402887e-07
0.00112509157105
1.09468708372e-07
0.00112509729162
-6.2979895852e-09
0.00112509769223
9.81145107419e-09
0.00112509737262
-6.60392911522e-09
0.00112509698713
7.55845036663e-10
0.00112509681808
-1.67923006439e-09
0.00112509673678
2.28681074403e-10
0.001125096716
-2.98258015939e-10
0.00112509670899
9.19870729662e-11
0.00112509670942
-4.83767116445e-11
0.00112509670973
2.63331161074e-11
0.00112509671035
-9.18186682317e-12
0.00112509671051
5.98077675221e-12
0.00112509671063
-2.14267630294e-12
0.00112509671064
1.229253343e-12
0.00112509671066
-5.25213485197e-13
0.00112509671065
2.47751992246e-13
0.00112509671065
-1.16477696433e-13
0.00112509671065
5.53633372503e-14
0.00112509671065
-2.81141866155e-14
0.00112509671065
1.13342050198e-14
0.00112509671065
-8.83768181457e-15
0.00112509671065
-1.25211730058e-15
0.00112509671065
-4.95322796827e-15
0.00112509671065
4.62300477498e-15
0.00112509671065
8.46185908793e-16
0.00112509671065
2.81927500713e-17
0.00112509671065
-2.10079330435e-15
0.00112509671065
3.8239792335e-15
0.00112509671065
-2.79610802758e-15
1.67533102848e-15
0.00120381209552
-0.00187511603146
0.00110245758555
-0.000528091218427
0.00103977727315
-0.000178637591832
0.00102132931596
-5.57123819951e-05
0.00101582899721
-7.8105653315e-06
0.00101525178246
-2.28021482097e-06
0.00101550432084
1.86610220749e-06
0.00101578472805
3.99253212232e-07
0.0010159359875
5.78240361623e-07
0.00101599673822
5.94997311306e-08
0.00101601786602
8.83409504206e-08
0.00101602237344
-1.08054332777e-08
0.00101602294846
9.2364128165e-09
0.00101602238182
-6.03726918315e-09
0.00101602205758
1.08009306776e-09
0.00101602184638
-1.46803864301e-09
0.00101602178381
2.91258475081e-10
0.00101602175543
-2.69881438768e-10
0.00101602175298
9.44362945047e-11
0.00101602175177
-4.71673024409e-11
0.00101602175305
2.50581129267e-11
0.00101602175328
-9.40709663588e-12
0.00101602175363
5.62381424758e-12
0.00101602175366
-2.17350593402e-12
0.00101602175372
1.17531954074e-12
0.00101602175371
-5.16159574037e-13
0.00101602175372
2.40866765016e-13
0.00101602175371
-1.18344897036e-13
0.00101602175371
5.41628881411e-14
0.00101602175371
-2.93883482434e-14
0.00101602175371
9.40748577815e-15
0.00101602175371
-1.11552840532e-14
0.00101602175371
1.57910718229e-16
0.00101602175371
-2.99855541286e-15
0.00101602175371
4.85174134759e-15
0.00101602175371
3.79322381834e-16
0.00101602175371
4.65553945367e-15
0.00101602175371
-2.89138967876e-15
0.00101602175371
-1.48384653227e-16
0.00101602175371
-7.08129664337e-16
1.19285078692e-15
0.00109320493883
-0.00174880877757
0.000965358023276
-0.000400244301213
0.000899455656831
-0.000112735224257
0.000881195490367
-3.7452215855e-05
0.000876532789544
-3.14786500595e-06
0.000876031714228
-1.77913942389e-06
0.000876389013423
1.5088032188e-06
0.000876642067455
1.46199143919e-07
0.000876799263692
4.21044035805e-07
0.00087684953259
9.23085577736e-09
0.000876871286506
6.65870778863e-08
0.00087687371751
-1.32364507927e-08
0.000876874673513
8.28039868469e-09
0.000876873784518
-5.14825903125e-09
0.000876873600309
1.26431453899e-09
0.000876873336661
-1.20439417493e-09
0.000876873309538
3.18379289896e-10
0.000876873269943
-2.30286551792e-10
0.000876873274912
8.94670187578e-11
0.000876873270885
-4.31464256615e-11
0.000876873273631
2.23148400893e-11
0.000876873273169
-8.94680300152e-12
0.000876873273831
4.96225986159e-12
0.000876873273702
-2.04842234009e-12
0.000876873273824
1.05710588887e-12
0.000876873273781
-4.76122512968e-13
0.000876873273803
2.19262327692e-13
0.000876873273792
-1.07602490053e-13
0.000876873273796
4.93781730712e-14
0.000876873273793
-2.66124585419e-14
0.000876873273795
8.24937381188e-15
0.000876873273793
-7.64572136793e-15
0.000876873273794
-1.37451124484e-16
0.000876873273794
-3.93430191862e-15
0.000876873273793
1.64938282902e-15
0.000876873273793
5.28212656506e-16
0.000876873273793
4.99883453864e-15
0.000876873273792
-3.33296852089e-15
0.000876873273793
1.71038616635e-15
0.000876873273794
2.75354155791e-15
-1.82264413313e-15
0.000926701848483
-0.00145599843157
0.000779201504015
-0.000252743956135
0.000718735359602
-5.22690790409e-05
0.000702147322825
-2.08641789794e-05
0.000699004165262
-4.707794719e-09
0.000698516651149
-1.29162539205e-06
0.000698982593289
1.04286122918e-06
0.000699162840974
-3.40485064527e-08
0.000699320652949
2.63231991954e-07
0.000699351625379
-2.17415845439e-08
0.000699374187842
4.40246510571e-08
0.000699373435663
-1.24842666189e-08
0.000699375160641
6.55541055049e-09
0.000699373828996
-3.81661216493e-09
0.000699373902272
1.19104855002e-09
0.000699373563836
-8.65960768029e-10
0.00069937359618
2.86030625989e-10
0.000699373538537
-1.7264373241e-10
0.000699373555203
7.2798282546e-11
0.000699373546425
-3.43733848344e-11
0.000699373551446
1.72924087802e-11
0.000699373549833
-7.33371536404e-12
0.000699373550973
3.8287140002e-12
0.000699373550589
-1.66096704006e-12
0.000699373550818
8.21579672953e-13
0.000699373550722
-3.79367309712e-13
0.000699373550768
1.77342853958e-13
0.000699373550745
-8.78227023055e-14
0.000699373550755
3.91554693294e-14
0.00069937355075
-2.1530049283e-14
0.000699373550752
8.35534013429e-15
0.00069937355075
-4.22282361159e-15
0.000699373550752
-2.69810464186e-15
0.000699373550751
-6.27694127791e-15
0.000699373550751
9.03251054378e-16
0.000699373550751
2.52153734443e-15
0.00069937355075
6.93422541388e-15
0.00069937355075
-4.59524143954e-16
0.00069937355075
-3.00289588778e-16
0.000699373550751
-5.69222566533e-16
-2.6418969144e-16
0.000680514172294
-0.000917000408804
0.000528406822974
-0.000100636607202
0.000487299793519
-1.11620492222e-05
0.000473691256804
-7.25564184244e-06
0.000472821047521
8.65501307485e-07
0.000472163308748
-6.33886820013e-07
0.000472745710877
4.60459174019e-07
0.00047278617734
-7.45148825807e-08
0.000472942927696
1.0648159613e-07
0.000472942668286
-2.14822073218e-08
0.000472967592529
1.91004308218e-08
0.000472962058962
-6.95068655933e-09
0.000472965286149
3.32821311908e-09
0.000472963286197
-1.81666512053e-09
0.000472963805742
6.71509174256e-10
0.000472963343392
-4.0361192452e-10
0.000472963473194
1.56223908669e-10
0.000472963384075
-8.35232135953e-11
0.000472963419593
3.72785415526e-11
0.000472963402631
-1.74128917109e-11
0.000472963411368
8.55997375602e-12
0.000472963407818
-3.78862110482e-12
0.000472963409758
1.88903077828e-12
0.00047296340895
-8.49457158465e-13
0.000472963409362
4.10175976534e-13
0.000472963409174
-1.91758054196e-13
0.000472963409263
8.77317215065e-14
0.000472963409221
-4.25045483654e-14
0.000472963409239
2.15859127145e-14
0.00047296340923
-8.40776728874e-15
0.000472963409235
1.36819120765e-15
0.000472963409232
-2.39317408765e-15
0.000472963409234
-6.74589312873e-16
0.000472963409233
-1.5677019833e-15
0.000472963409233
4.92518334463e-16
0.000472963409233
2.2123916748e-15
0.000472963409232
4.10540643213e-15
0.000472963409232
1.6522724307e-16
0.000472963409232
2.8814170702e-17
0.000472963409233
1.84337092208e-15
1.78571057808e-15
0.000302511787439
0.000201875177754
0.00019071312825
0.000183457487355
0.000184322988793
0.000183689101593
0.00018414956072
0.00018407504599
0.000184181527598
0.000184160045328
0.000184179145756
0.000184172195098
0.000184175523305
0.00018417370663
0.000184174378146
0.000184173974537
0.000184174130757
0.000184174047231
0.000184174084512
0.000184174067096
0.000184174075656
0.000184174071868
0.000184174073756
0.000184174072907
0.000184174073318
0.000184174073126
0.000184174073216
0.000184174073174
0.000184174073193
0.000184174073184
0.000184174073188
0.000184174073186
0.000184174073187
0.000184174073187
0.000184174073187
0.000184174073187
0.000184174073186
0.000184174073186
0.000184174073186
0.000184174073187
)
;

boundaryField
{
    in
    {
        type            calculated;
        value           nonuniform List<scalar> 
41
(
-0.001219512195
-0.001219512195
-0.0012195121955
-0.001219512195
-0.001219512195
-0.001219512195
-0.0012195121955
-0.001219512195
-0.001219512195
-0.001219512195
-0.0012195121955
-0.001219512195
-0.001219512195
-0.001219512195
-0.0012195121955
-0.001219512195
-0.001219512195
-0.001219512195
-0.0012195121955
-0.001219512195
-0.001219512195
-0.001219512195
-0.0012195121955
-0.001219512195
-0.001219512195
-0.001219512195
-0.0012195121955
-0.001219512195
-0.001219512195
-0.001219512195
-0.0012195121955
-0.001219512195
-0.001219512195
-0.001219512195
-0.0012195121955
-0.001219512195
-0.001219512195
-0.001219512195
-0.0012195121955
-0.001219512195
-0.001219512195
)
;
    }
    out
    {
        type            calculated;
        value           nonuniform List<scalar> 
41
(
0.000184174073187
0.000472963409233
0.000699373550751
0.000876873273794
0.00101602175371
0.00112509671065
0.00121058683977
0.0012775778105
0.00133005480999
0.0013711396105
0.00140327628163
0.00142837658075
0.00144793368626
0.0014631110185
0.00147481145327
0.00148373102887
0.00149040035842
0.00149521618906
0.00149846500747
0.00150034007877
0.00150095294983
0.00150034007877
0.00149846500747
0.00149521618906
0.00149040035842
0.00148373102887
0.00147481145327
0.0014631110185
0.00144793368626
0.00142837658075
0.00140327628163
0.0013711396105
0.00133005480999
0.0012775778105
0.00121058683977
0.00112509671065
0.00101602175371
0.000876873273794
0.000699373550752
0.000472963409233
0.000184174073187
)
;
    }
    top
    {
        type            calculated;
        value           uniform 0;
    }
    bottom
    {
        type            calculated;
        value           uniform 0;
    }
    frontback
    {
        type            empty;
        value           nonuniform List<scalar> 0();
    }
}


// ************************************************************************* //
