/*--------------------------------*- C++ -*----------------------------------*\
| =========                 |                                                 |
| \\      /  F ield         | OpenFOAM: The Open Source CFD Toolbox           |
|  \\    /   O peration     | Version:  2112                                  |
|   \\  /    A nd           | Website:  www.openfoam.com                      |
|    \\/     M anipulation  |                                                 |
\*---------------------------------------------------------------------------*/
FoamFile
{
    version     2.0;
    format      ascii;
    arch        "LSB;label=32;scalar=64";
    class       volVectorField;
    location    "0.8";
    object      U;
}
// * * * * * * * * * * * * * * * * * * * * * * * * * * * * * * * * * * * * * //

dimensions      [0 1 -1 0 0 0 0];

internalField   nonuniform List<vector> 
1681
(
(0.113095983193 0.0397627777713 0)
(0.10559373248 0.00404140581612 0)
(0.0753206983622 0.000263626374535 0)
(0.0773212180305 0.000259727319681 0)
(0.0747911180256 -5.2590526988e-05 0)
(0.0756236077833 2.64594090121e-05 0)
(0.0753165684649 -1.91561333399e-05 0)
(0.0755320395976 4.07547812726e-06 0)
(0.075475929002 -4.21385772621e-06 0)
(0.075520160352 1.09956832377e-06 0)
(0.0755057850151 -7.77036694035e-07 0)
(0.0755140984404 3.13669550981e-07 0)
(0.0755103863601 -1.4410043679e-07 0)
(0.0755120175302 7.74032748504e-08 0)
(0.075511149992 -3.02001864857e-08 0)
(0.0755115037418 1.70050309911e-08 0)
(0.0755113156435 -6.97449927005e-09 0)
(0.0755113969241 3.56668938361e-09 0)
(0.0755113570499 -1.62981422793e-09 0)
(0.0755113756951 7.56216506986e-10 0)
(0.0755113671053 -3.69010899734e-10 0)
(0.0755113712794 1.65700189595e-10 0)
(0.0755113693843 -8.16308956378e-11 0)
(0.0755113703012 3.68861945173e-11 0)
(0.0755113698777 -1.75684484642e-11 0)
(0.0755113700784 8.17399402131e-12 0)
(0.0755113699841 -3.83469339095e-12 0)
(0.0755113700287 1.995446835e-12 0)
(0.0755113700078 -1.19364606961e-12 0)
(0.0755113700172 3.02526953578e-13 0)
(0.0755113700125 -3.28275350316e-14 0)
(0.0755113700148 -4.84315639899e-14 0)
(0.0755113700139 -1.53247232405e-14 0)
(0.0755113700144 -1.07325186047e-14 0)
(0.075511370014 -9.41682720739e-14 0)
(0.0755113700141 -2.06355893216e-13 0)
(0.0755113700141 6.77845967904e-14 0)
(0.0755113700141 1.23757442763e-13 0)
(0.0755113700139 6.87517951667e-14 0)
(0.075511370014 -4.53846833012e-14 0)
(0.0755113700142 -1.07687128905e-13 0)
(0.261383903677 0.102230113053 0)
(0.258090326412 0.0143135473899 0)
(0.195428690567 0.00220889794981 0)
(0.198566140926 0.00106787294564 0)
(0.19244465966 -7.26853095933e-05 0)
(0.194183761153 7.89861451193e-05 0)
(0.193468050394 -6.19511662105e-05 0)
(0.193953540497 6.55988669024e-06 0)
(0.193830981362 -1.47373903867e-05 0)
(0.193933118065 2.22731314613e-06 0)
(0.19390187005 -2.55483868442e-06 0)
(0.193921022148 8.53265277048e-07 0)
(0.193912774821 -4.18077388464e-07 0)
(0.193916471394 2.35688807229e-07 0)
(0.193914512432 -8.14480205397e-08 0)
(0.193915304383 5.26555017276e-08 0)
(0.193914877233 -1.92155333765e-08 0)
(0.193915059063 1.07269500843e-08 0)
(0.193914968702 -4.69729676095e-09 0)
(0.193915010604 2.19741376596e-09 0)
(0.193914991227 -1.09084725555e-09 0)
(0.193915000642 4.74959313523e-10 0)
(0.193914996378 -2.41697688516e-10 0)
(0.19391499845 1.06613240676e-10 0)
(0.193914997497 -5.18856946475e-11 0)
(0.19391499795 2.42220746355e-11 0)
(0.193914997738 -1.13201648655e-11 0)
(0.193914997838 5.49078979164e-12 0)
(0.193914997791 -2.96138796274e-12 0)
(0.193914997812 8.82864151921e-13 0)
(0.193914997801 -4.4298228901e-13 0)
(0.193914997806 3.26570952516e-13 0)
(0.193914997804 -8.89075934301e-14 0)
(0.193914997805 -1.26415227417e-13 0)
(0.193914997805 -2.01447364897e-13 0)
(0.193914997805 -3.04544926904e-13 0)
(0.193914997805 2.9847855943e-13 0)
(0.193914997805 -1.49831239682e-14 0)
(0.193914997804 -1.42493313388e-13 0)
(0.193914997805 -1.20120693829e-13 0)
(0.193914997805 2.94687799745e-13 0)
(0.357968266799 0.136051010568 0)
(0.367129584365 0.0268451048744 0)
(0.290113505817 0.00648377212738 0)
(0.293525474717 0.00232299708173 0)
(0.284927588016 9.25547434029e-05 0)
(0.287143392005 0.000125379402889 0)
(0.286138419099 -0.000105625887568 0)
(0.286791057404 -2.68792093158e-06 0)
(0.286626002754 -2.77539805221e-05 0)
(0.286766275556 9.58018984867e-07 0)
(0.286724769541 -4.51175742134e-06 0)
(0.286751171955 1.11504153464e-06 0)
(0.286740104836 -6.21293262273e-07 0)
(0.286745159924 3.73638575829e-07 0)
(0.286742502832 -1.05777235948e-07 0)
(0.286743576174 8.57317876791e-08 0)
(0.286742993736 -2.59086291079e-08 0)
(0.286743239578 1.67796765129e-08 0)
(0.286743116363 -6.85433018488e-09 0)
(0.286743173133 3.25797896891e-09 0)
(0.286743146775 -1.65934427493e-09 0)
(0.286743159564 6.88057635682e-10 0)
(0.286743153776 -3.68791173684e-10 0)
(0.286743156593 1.55787913416e-10 0)
(0.2867431553 -7.80407362083e-11 0)
(0.286743155916 3.62091242689e-11 0)
(0.286743155628 -1.68661975921e-11 0)
(0.286743155763 8.3357493002e-12 0)
(0.286743155699 -4.57756416134e-12 0)
(0.286743155729 1.48371735884e-12 0)
(0.286743155714 -6.83354540283e-13 0)
(0.286743155721 8.06005183204e-13 0)
(0.286743155718 -2.78598281346e-13 0)
(0.28674315572 -4.88079660524e-13 0)
(0.286743155719 -1.39217016189e-13 0)
(0.286743155719 -2.32492734738e-13 0)
(0.286743155719 3.38755034333e-13 0)
(0.286743155719 -7.5584383996e-14 0)
(0.286743155719 -9.3381936942e-14 0)
(0.286743155719 -1.50712903912e-13 0)
(0.286743155719 1.89162189779e-13 0)
(0.420240366027 0.151568552282 0)
(0.444346484277 0.0385079454313 0)
(0.364026239534 0.0118880252542 0)
(0.367747655305 0.00379822042218 0)
(0.357580303396 0.000423919211895 0)
(0.360039120484 0.000165742584021 0)
(0.35882229991 -0.000140462854607 0)
(0.359574404634 -2.12204326079e-05 0)
(0.359379174178 -4.100828576e-05 0)
(0.359544091957 -2.49335041607e-06 0)
(0.359495959626 -6.36488584978e-06 0)
(0.359527257193 1.04128780032e-06 0)
(0.359514404514 -7.30612759491e-07 0)
(0.359520383834 4.66482103574e-07 0)
(0.359517276814 -1.00410469581e-07 0)
(0.35951853805 1.10870059498e-07 0)
(0.359517853522 -2.60075161732e-08 0)
(0.359518141355 2.08146462636e-08 0)
(0.359517996312 -7.74202967899e-09 0)
(0.359518062795 3.78305729769e-09 0)
(0.359518031801 -1.98090698614e-09 0)
(0.359518046803 7.72813246752e-10 0)
(0.359518040007 -4.43048401495e-10 0)
(0.359518043315 1.76537294299e-10 0)
(0.359518041799 -9.25356160312e-11 0)
(0.359518042522 4.20080513292e-11 0)
(0.359518042184 -1.97598646544e-11 0)
(0.359518042343 9.7908432737e-12 0)
(0.359518042268 -5.02914487764e-12 0)
(0.359518042303 1.76973416361e-12 0)
(0.359518042286 -7.09059118105e-13 0)
(0.359518042294 7.58764019968e-13 0)
(0.35951804229 -1.62687738067e-13 0)
(0.359518042292 -3.81987333205e-13 0)
(0.359518042291 -3.23479668559e-13 0)
(0.359518042291 -9.97957296348e-15 0)
(0.359518042291 1.86835685414e-13 0)
(0.359518042291 -3.55537315087e-14 0)
(0.359518042291 -3.64398080195e-14 0)
(0.359518042291 -6.59049146202e-14 0)
(0.359518042292 6.07824124504e-14 0)
(0.459578277082 0.156228374316 0)
(0.498235702671 0.0480338632453 0)
(0.421225243166 0.0173288349564 0)
(0.42563143483 0.00533678182991 0)
(0.414619801082 0.000854591208524 0)
(0.417204950545 0.000209349142003 0)
(0.415829958687 -0.000165497696211 0)
(0.416636541539 -4.39572573546e-05 0)
(0.416417041934 -5.38112913212e-05 0)
(0.416597128616 -7.21729278541e-06 0)
(0.416544263887 -8.13025698001e-06 0)
(0.416578855551 7.36516601859e-07 0)
(0.416564838052 -7.87410756665e-07 0)
(0.416571468983 5.24435107059e-07 0)
(0.416568071006 -7.75041036175e-08 0)
(0.416569464159 1.30071244477e-07 0)
(0.41656871205 -2.19093824468e-08 0)
(0.416569028554 2.35037012614e-08 0)
(0.416568868721 -7.77398306006e-09 0)
(0.416568941717 3.96669737792e-09 0)
(0.41656890755 -2.13349118458e-09 0)
(0.416568924033 7.74684824993e-10 0)
(0.416568916549 -4.81559999151e-10 0)
(0.416568920189 1.79391196786e-10 0)
(0.416568918521 -9.91764174336e-11 0)
(0.416568919317 4.38228265122e-11 0)
(0.416568918945 -2.05658498462e-11 0)
(0.416568919121 1.01743588374e-11 0)
(0.416568919038 -4.87176577859e-12 0)
(0.416568919076 1.82173907451e-12 0)
(0.416568919057 -9.34384348587e-13 0)
(0.416568919066 7.24374640256e-13 0)
(0.416568919062 -1.34443804713e-13 0)
(0.416568919064 -2.28778967581e-13 0)
(0.416568919063 -4.05791885992e-13 0)
(0.416568919063 1.48495204577e-16 0)
(0.416568919064 -2.03554489084e-13 0)
(0.416568919064 1.03480136182e-13 0)
(0.416568919063 1.85606356101e-13 0)
(0.416568919063 -2.38327237934e-13 0)
(0.416568919064 -9.97830252992e-14 0)
(0.483609229364 0.153915843501 0)
(0.535110871565 0.055179814962 0)
(0.465114573738 0.0222120850909 0)
(0.470660289392 0.00682719602038 0)
(0.459370490272 0.0013272200957 0)
(0.462035273646 0.000260008127643 0)
(0.460541605265 -0.000181945242611 0)
(0.461372916716 -6.73579913191e-05 0)
(0.461131519301 -6.58317881488e-05 0)
(0.461320002572 -1.24817048171e-05 0)
(0.461263266234 -9.82829029842e-06 0)
(0.4613000341 2.99235645763e-07 0)
(0.461285213883 -8.23542452651e-07 0)
(0.461292323003 5.59097450082e-07 0)
(0.461288736053 -4.68618100698e-08 0)
(0.461290228029 1.4543757975e-07 0)
(0.46128943096 -1.56748779547e-08 0)
(0.461289768193 2.54460679562e-08 0)
(0.461289598103 -7.3272744783e-09 0)
(0.461289675635 3.97515034316e-09 0)
(0.461289639214 -2.18839974513e-09 0)
(0.461289656715 7.33651166888e-10 0)
(0.461289648742 -5.00365490655e-10 0)
(0.461289652611 1.7203089833e-10 0)
(0.461289650836 -1.01188544523e-10 0)
(0.461289651684 4.30380821391e-11 0)
(0.461289651288 -2.03345255553e-11 0)
(0.461289651475 9.89576646066e-12 0)
(0.461289651387 -4.94637885396e-12 0)
(0.461289651427 1.70168230012e-12 0)
(0.461289651407 -8.91672578302e-13 0)
(0.461289651416 2.89829129175e-13 0)
(0.461289651412 -7.45148168001e-14 0)
(0.461289651414 6.61607624415e-14 0)
(0.461289651413 -1.02275970689e-13 0)
(0.461289651414 -2.53059482077e-14 0)
(0.461289651414 -2.34280718302e-13 0)
(0.461289651414 2.32437551922e-14 0)
(0.461289651413 2.22707033916e-13 0)
(0.461289651414 -1.27956328378e-13 0)
(0.461289651414 -1.4289055573e-13 0)
(0.497510417773 0.147070537111 0)
(0.559694652982 0.0600015042271 0)
(0.498496403873 0.0262399918316 0)
(0.505587453108 0.00817504226678 0)
(0.494451712672 0.00179687150926 0)
(0.497189205464 0.000315931264263 0)
(0.495607663434 -0.000190793120829 0)
(0.496444228473 -8.92715841826e-05 0)
(0.496181518414 -7.66333849566e-05 0)
(0.496373478374 -1.77782417238e-05 0)
(0.49631314562 -1.14171093828e-05 0)
(0.496351284789 -2.04326158196e-07 0)
(0.496335864552 -8.51852076789e-07 0)
(0.496343338655 5.76283081696e-07 0)
(0.496339628404 -1.39989161661e-08 0)
(0.496341199784 1.57674768964e-07 0)
(0.496340372813 -8.5161628777e-09 0)
(0.496340726107 2.68836611211e-08 0)
(0.496340548729 -6.610467306e-09 0)
(0.49634062958 3.88930852241e-09 0)
(0.496340591484 -2.18135430981e-09 0)
(0.496340609711 6.70594247597e-10 0)
(0.496340601371 -5.06730202835e-10 0)
(0.496340605404 1.58932620258e-10 0)
(0.49634060355 -1.00918525902e-10 0)
(0.496340604434 4.1440096344e-11 0)
(0.496340604021 -1.97955311032e-11 0)
(0.496340604216 9.70397742972e-12 0)
(0.496340604124 -4.70313658205e-12 0)
(0.496340604167 1.83554276839e-12 0)
(0.496340604146 -5.11903003839e-13 0)
(0.496340604155 1.42054660918e-13 0)
(0.496340604151 1.01962267349e-13 0)
(0.496340604153 2.7702098997e-13 0)
(0.496340604152 7.40863030637e-14 0)
(0.496340604152 -4.23007114014e-14 0)
(0.496340604153 -5.23325257533e-13 0)
(0.496340604153 1.53416330995e-13 0)
(0.496340604152 1.00142740401e-13 0)
(0.496340604152 3.21331304048e-13 0)
(0.496340604153 -1.87149393078e-13 0)
(0.504792969648 0.137450954107 0)
(0.575495186765 0.0626693596553 0)
(0.523651238367 0.0292679272727 0)
(0.532589119318 0.00930465833055 0)
(0.521926940565 0.00222779108046 0)
(0.524750303207 0.000372939978146 0)
(0.523105927476 -0.000192949818439 0)
(0.52393520551 -0.000108298877025 0)
(0.523651028257 -8.57605421801e-05 0)
(0.523842851273 -2.27220799748e-05 0)
(0.523778896796 -1.28276148342e-05 0)
(0.523817810052 -7.24717017732e-07 0)
(0.523801897625 -8.75734010445e-07 0)
(0.52380965967 5.79056155349e-07 0)
(0.523805868758 1.77777519924e-08 0)
(0.523807508024 1.66831564644e-07 0)
(0.523806661394 -1.21014553449e-09 0)
(0.523807028012 2.78851219718e-08 0)
(0.523806845342 -5.74915155999e-09 0)
(0.523806928757 3.74770701309e-09 0)
(0.523806889362 -2.13011488967e-09 0)
(0.523806908126 5.9741812861e-10 0)
(0.523806899496 -5.03318514269e-10 0)
(0.52380690365 1.42974949491e-10 0)
(0.523806901734 -9.87648484449e-11 0)
(0.523806902647 3.88059343707e-11 0)
(0.52380690222 -1.86148407658e-11 0)
(0.523806902421 9.37556661351e-12 0)
(0.523806902327 -4.03318093132e-12 0)
(0.523806902371 1.71558881083e-12 0)
(0.523806902349 -1.4459200181e-13 0)
(0.523806902359 1.33270839406e-13 0)
(0.523806902355 1.16657068874e-15 0)
(0.523806902357 5.50505168735e-13 0)
(0.523806902356 1.30544530046e-13 0)
(0.523806902356 -8.63831915141e-15 0)
(0.523806902356 -4.70639075185e-13 0)
(0.523806902357 5.52639743961e-14 0)
(0.523806902356 1.69223929869e-13 0)
(0.523806902356 3.67694119781e-13 0)
(0.523806902356 -4.48482877681e-14 0)
(0.507830239407 0.126290686725 0)
(0.58509843205 0.0634203265977 0)
(0.542416370048 0.0312501462598 0)
(0.553385431488 0.0101630503061 0)
(0.543421215612 0.00259247420613 0)
(0.546351311234 0.000426286789918 0)
(0.544664814157 -0.000189436484514 0)
(0.54547898307 -0.000123524109047 0)
(0.545173036727 -9.28309518239e-05 0)
(0.545362071336 -2.7012158354e-05 0)
(0.545294345809 -1.39890413923e-05 0)
(0.545333581422 -1.22150971136e-06 0)
(0.54531723009 -8.94622103227e-07 0)
(0.545325224888 5.69655970604e-07 0)
(0.545321381264 4.62906831882e-08 0)
(0.545323081302 1.72782972643e-07 0)
(0.545322222131 5.68233374542e-09 0)
(0.545322600445 2.84582336884e-08 0)
(0.545322413867 -4.8308563147e-09 0)
(0.545322499369 3.57154632737e-09 0)
(0.545322458928 -2.04703232981e-09 0)
(0.545322478103 5.20883119872e-10 0)
(0.545322469233 -4.92839642797e-10 0)
(0.54532247348 1.26364763969e-10 0)
(0.545322471514 -9.51343805456e-11 0)
(0.545322472448 3.56891153657e-11 0)
(0.545322472012 -1.72333238644e-11 0)
(0.545322472218 8.85424323932e-12 0)
(0.545322472121 -3.8033121828e-12 0)
(0.545322472166 1.65189140228e-12 0)
(0.545322472144 -1.60237164794e-13 0)
(0.545322472154 1.68828529961e-13 0)
(0.545322472149 8.05240670589e-16 0)
(0.545322472152 6.01218743083e-13 0)
(0.545322472151 1.56242901465e-13 0)
(0.545322472151 -5.02600904285e-14 0)
(0.545322472151 -5.5794680533e-13 0)
(0.545322472152 3.39233141373e-14 0)
(0.545322472151 -9.79528972778e-14 0)
(0.545322472151 5.565311223e-13 0)
(0.545322472151 -1.06610677563e-13 0)
(0.508222044543 0.114412202761 0)
(0.590400233092 0.0625170789788 0)
(0.55625868932 0.0322084267069 0)
(0.569334973542 0.0107187784457 0)
(0.560213582455 0.00287128427525 0)
(0.563271565711 0.000471465843043 0)
(0.561560023016 -0.000181335050703 0)
(0.562354508756 -0.000134402501598 0)
(0.562026661116 -9.75596254371e-05 0)
(0.562210998655 -3.04212036461e-05 0)
(0.562139335499 -1.48384979941e-05 0)
(0.562178550119 -1.66194032312e-06 0)
(0.562161784182 -9.0600147249e-07 0)
(0.562169970045 5.49948267481e-07 0)
(0.56216609222 7.01416041104e-08 0)
(0.562167848192 1.75373239483e-07 0)
(0.562166981516 1.17550479083e-08 0)
(0.5621673705 2.85836633395e-08 0)
(0.562167181008 -3.91964549111e-09 0)
(0.562167268283 3.37130676197e-09 0)
(0.562167226973 -1.93955754469e-09 0)
(0.562167246474 4.45500836671e-10 0)
(0.562167237399 -4.76346222317e-10 0)
(0.562167241719 1.09672131199e-10 0)
(0.56216723971 -9.06569246211e-11 0)
(0.562167240663 3.25742449592e-11 0)
(0.562167240217 -1.56435968841e-11 0)
(0.562167240427 8.52461868835e-12 0)
(0.562167240329 -3.55718475998e-12 0)
(0.562167240375 1.54287804456e-12 0)
(0.562167240352 -2.07640150037e-13 0)
(0.562167240362 4.26424476446e-13 0)
(0.562167240358 8.22780588243e-14 0)
(0.56216724036 5.34811625193e-13 0)
(0.562167240359 2.05841885591e-13 0)
(0.562167240359 -1.69717908878e-13 0)
(0.562167240359 -3.7513969114e-13 0)
(0.56216724036 -5.93941715724e-14 0)
(0.562167240359 3.63436763416e-14 0)
(0.562167240359 5.07380037412e-13 0)
(0.562167240359 9.14520894983e-14 0)
(0.507042508577 0.102346112 0)
(0.592783715362 0.0602176657738 0)
(0.566340322524 0.0322065122949 0)
(0.581509247832 0.0109585043859 0)
(0.573309942312 0.00305171345275 0)
(0.576513097821 0.000504649959095 0)
(0.574790312878 -0.000169694352265 0)
(0.575562804455 -0.000140675148318 0)
(0.575213250182 -9.97590901489e-05 0)
(0.575391580434 -3.27888883573e-05 0)
(0.575315858955 -1.53252114205e-05 0)
(0.5753547952 -2.02060367885e-06 0)
(0.575337626006 -9.06528900035e-07 0)
(0.575345969897 5.21532476959e-07 0)
(0.575342070228 8.85176590581e-08 0)
(0.575343878339 1.74470458718e-07 0)
(0.575343007755 1.67282609538e-08 0)
(0.575343406676 2.82336426826e-08 0)
(0.575343215004 -3.06173335308e-09 0)
(0.575343303832 3.15215760693e-09 0)
(0.575343261785 -1.81245456262e-09 0)
(0.575343281552 3.74937504596e-10 0)
(0.575343272297 -4.54607216545e-10 0)
(0.575343276676 9.3584407983e-11 0)
(0.57534327463 -8.53802819606e-11 0)
(0.575343275597 2.95124076479e-11 0)
(0.575343275144 -1.44968534205e-11 0)
(0.575343275357 8.02654131646e-12 0)
(0.575343275257 -3.40582290187e-12 0)
(0.575343275305 1.23699179285e-12 0)
(0.575343275282 -5.46990592166e-13 0)
(0.575343275292 5.57940499134e-13 0)
(0.575343275287 1.67765531582e-13 0)
(0.57534327529 7.97104366612e-13 0)
(0.575343275288 3.65099251641e-13 0)
(0.575343275289 7.10593461561e-14 0)
(0.575343275289 -1.91058475525e-13 0)
(0.575343275289 -3.96482243175e-13 0)
(0.575343275289 4.64898386827e-14 0)
(0.575343275289 9.27216333846e-14 0)
(0.575343275289 2.90194987932e-13 0)
(0.505008100221 0.0904223724254 0)
(0.59325242686 0.0567595953177 0)
(0.573575728022 0.0313313760581 0)
(0.590751731365 0.010883341255 0)
(0.583500460571 0.00312742916787 0)
(0.586860117729 0.00052293439224 0)
(0.585136864818 -0.00015546772953 0)
(0.585886648214 -0.000142299579256 0)
(0.585515974436 -9.93358230089e-05 0)
(0.585687486397 -3.40149841011e-05 0)
(0.585607667456 -1.54131578121e-05 0)
(0.585646139873 -2.27907174228e-06 0)
(0.585628575757 -8.92867277843e-07 0)
(0.585637050486 4.85812096095e-07 0)
(0.585633137272 1.01035478596e-07 0)
(0.585634994035 1.70002830475e-07 0)
(0.58563412211 2.04231152488e-08 0)
(0.585634530343 2.73831928928e-08 0)
(0.585634337044 -2.28917610755e-09 0)
(0.58563442726 2.91497839749e-09 0)
(0.58563438458 -1.66946313869e-09 0)
(0.585634404567 3.10413201499e-10 0)
(0.585634395152 -4.26931130838e-10 0)
(0.585634399579 7.81798113727e-11 0)
(0.585634397501 -7.9292011389e-11 0)
(0.58563439848 2.60126022571e-11 0)
(0.585634398021 -1.32580029768e-11 0)
(0.585634398237 7.34823980823e-12 0)
(0.585634398136 -2.84819265296e-12 0)
(0.585634398184 1.12945521347e-12 0)
(0.585634398161 -6.54592834319e-13 0)
(0.585634398171 1.6540625322e-13 0)
(0.585634398166 2.19615938788e-13 0)
(0.585634398169 4.74086937604e-13 0)
(0.585634398167 1.43615483378e-13 0)
(0.585634398168 2.82528192732e-13 0)
(0.585634398168 1.83368245081e-13 0)
(0.585634398168 -3.21902033754e-13 0)
(0.585634398168 -1.93722397967e-13 0)
(0.585634398168 -2.1129563289e-14 0)
(0.585634398168 1.28852313809e-13 0)
(0.502592179627 0.0788323251784 0)
(0.592529973086 0.0523534634043 0)
(0.578679941753 0.0296809246779 0)
(0.597724723861 0.0105055987274 0)
(0.591404746549 0.00309730568329 0)
(0.594925497701 0.000524434844471 0)
(0.593209740008 -0.000139478102507 0)
(0.593937243865 -0.000139398501187 0)
(0.593546443779 -9.62851474679e-05 0)
(0.593710753353 -3.40534631599e-05 0)
(0.59362689742 -1.50824715449e-05 0)
(0.593664783071 -2.42552906949e-06 0)
(0.593646835354 -8.62244264367e-07 0)
(0.593655417955 4.44039744741e-07 0)
(0.593651496768 1.07629928288e-07 0)
(0.593653398601 1.6198250966e-07 0)
(0.593652527124 2.27431886202e-08 0)
(0.593652944042 2.60191092372e-08 0)
(0.593652749544 -1.62223587656e-09 0)
(0.593652841006 2.65926937209e-09 0)
(0.59365279778 -1.51311566521e-09 0)
(0.593652817953 2.53445885168e-10 0)
(0.593652808396 -3.9424436348e-10 0)
(0.593652812862 6.45064380459e-11 0)
(0.593652810754 -7.27621288447e-11 0)
(0.593652811744 2.28890700662e-11 0)
(0.593652811279 -1.19552325332e-11 0)
(0.593652811498 6.93627071305e-12 0)
(0.593652811395 -2.29792035909e-12 0)
(0.593652811444 1.27218921194e-12 0)
(0.593652811421 -7.36276026192e-13 0)
(0.593652811431 -6.02467040934e-14 0)
(0.593652811426 2.62311779281e-13 0)
(0.593652811429 2.88340431463e-13 0)
(0.593652811427 -6.86355493136e-14 0)
(0.593652811428 4.82313516602e-14 0)
(0.593652811428 5.00557628893e-13 0)
(0.593652811428 -3.67011282109e-13 0)
(0.593652811428 -4.36511584971e-13 0)
(0.593652811428 -7.52466920698e-15 0)
(0.593652811428 1.18895342246e-13 0)
(0.500103458253 0.0676714543243 0)
(0.591134448078 0.0471816229123 0)
(0.582208505608 0.0273562746384 0)
(0.602946451454 0.00984601064765 0)
(0.597507346467 0.00296451868026 0)
(0.601187060141 0.000508283951662 0)
(0.599484182339 -0.000122400735652 0)
(0.600190664804 -0.000132222786542 0)
(0.59978112222 -9.06845035225e-05 0)
(0.599938215537 -3.29073787789e-05 0)
(0.599850489222 -1.43297909449e-05 0)
(0.599887720646 -2.45443125257e-06 0)
(0.599869407046 -8.12780439121e-07 0)
(0.599878077818 3.97333604142e-07 0)
(0.599874152369 1.08478897504e-07 0)
(0.599876095371 1.505123289e-07 0)
(0.599875225526 2.36652630808e-08 0)
(0.59987565044 2.41414416337e-08 0)
(0.599875455072 -1.07214516648e-09 0)
(0.599875547648 2.3839984463e-09 0)
(0.599875503954 -1.34544178847e-09 0)
(0.599875524283 2.03359121357e-10 0)
(0.5998755146 -3.5697284349e-10 0)
(0.599875519099 5.21843906239e-11 0)
(0.599875516965 -6.53494961249e-11 0)
(0.599875517964 1.99267879999e-11 0)
(0.599875517494 -1.05873106115e-11 0)
(0.599875517715 6.18814135856e-12 0)
(0.599875517611 -2.05060415794e-12 0)
(0.599875517661 1.42098608398e-12 0)
(0.599875517637 -4.27601373181e-13 0)
(0.599875517648 2.70649794994e-13 0)
(0.599875517643 2.80115518156e-13 0)
(0.599875517645 3.51176649437e-14 0)
(0.599875517644 1.0452128363e-13 0)
(0.599875517644 9.30492791645e-14 0)
(0.599875517644 5.62266807997e-13 0)
(0.599875517645 -2.07676966538e-13 0)
(0.599875517645 -5.0942844244e-13 0)
(0.599875517644 2.08790301252e-14 0)
(0.599875517645 2.33740861525e-13 0)
(0.497739842019 0.056969572826 0)
(0.589433814992 0.0413995265268 0)
(0.584589977451 0.0244570865973 0)
(0.606820372842 0.00893146055492 0)
(0.602185552606 0.00273572997652 0)
(0.606015849293 0.000474565738115 0)
(0.604328916051 -0.000104759134768 0)
(0.605016245693 -0.00012112401617 0)
(0.604589703604 -8.26856254032e-05 0)
(0.604739888943 -3.06240194746e-05 0)
(0.604648563843 -1.31678146126e-05 0)
(0.604685123064 -2.36612261112e-06 0)
(0.604666469381 -7.43652183834e-07 0)
(0.604675211286 3.46680328881e-07 0)
(0.604671283986 1.03950606986e-07 0)
(0.60467326384 1.35788737029e-07 0)
(0.604672396321 2.32261422831e-08 0)
(0.604672828451 2.17670526356e-08 0)
(0.604672632467 -6.42088783112e-10 0)
(0.604672726025 2.08938317199e-09 0)
(0.604672681934 -1.16903754641e-09 0)
(0.604672702393 1.60406483785e-10 0)
(0.6046726926 -3.15459709829e-10 0)
(0.604672697126 4.14668412297e-11 0)
(0.604672694969 -5.75642727293e-11 0)
(0.604672695975 1.68717356868e-11 0)
(0.604672695501 -9.59926402806e-12 0)
(0.604672695725 5.41507643529e-12 0)
(0.60467269562 -1.6476777043e-12 0)
(0.60467269567 1.38595256519e-12 0)
(0.604672695646 -4.88705117214e-13 0)
(0.604672695657 6.58061733146e-13 0)
(0.604672695652 2.386818879e-13 0)
(0.604672695654 -1.13888030722e-13 0)
(0.604672695653 1.75714194381e-13 0)
(0.604672695653 -1.1522224526e-13 0)
(0.604672695653 5.11422073096e-13 0)
(0.604672695654 -2.47989718691e-13 0)
(0.604672695654 -5.53163896033e-13 0)
(0.604672695653 7.60986083216e-14 0)
(0.604672695653 4.58979382168e-13 0)
(0.495625386617 0.0467120974024 0)
(0.587686898336 0.0351384903527 0)
(0.586152013684 0.0210789962813 0)
(0.609658219649 0.00779318796862 0)
(0.605731099086 0.00242037400334 0)
(0.60969807635 0.000424215285474 0)
(0.608028114989 -8.69310023964e-05 0)
(0.608698614302 -0.000106533447802 0)
(0.608257134776 -7.25061260572e-05 0)
(0.608400998803 -2.72900494756e-05 0)
(0.608306445052 -1.16242908579e-05 0)
(0.608342357873 -2.16637321035e-06 0)
(0.6083233985 -6.55141074555e-07 0)
(0.608332196739 2.92937731303e-07 0)
(0.608328269074 9.45628904403e-08 0)
(0.608330281021 1.18095561881e-07 0)
(0.608329416121 2.15176910474e-08 0)
(0.608329854581 1.89299099465e-08 0)
(0.608329658173 -3.28157069892e-10 0)
(0.60832975258 1.7757825979e-09 0)
(0.608329708157 -9.84713702759e-10 0)
(0.608329728724 1.2350291515e-10 0)
(0.608329718837 -2.69243390428e-10 0)
(0.608329723384 3.20817648808e-11 0)
(0.608329721208 -4.91746354614e-11 0)
(0.60832972222 1.34021447202e-11 0)
(0.608329721743 -8.021080188e-12 0)
(0.608329721968 4.45483288032e-12 0)
(0.608329721863 -1.4054290002e-12 0)
(0.608329721913 1.35742773058e-12 0)
(0.608329721889 -3.413359316e-13 0)
(0.6083297219 3.75322703237e-13 0)
(0.608329721895 3.50250316525e-14 0)
(0.608329721897 2.32780085969e-13 0)
(0.608329721896 2.17853801524e-13 0)
(0.608329721896 2.75814132872e-13 0)
(0.608329721896 4.98971649131e-13 0)
(0.608329721897 -5.4140497231e-13 0)
(0.608329721896 -7.24383092912e-14 0)
(0.608329721896 1.27498053868e-13 0)
(0.608329721896 3.64760549022e-13 0)
(0.493835629524 0.0368548705978 0)
(0.586073531269 0.0285091275633 0)
(0.587141980986 0.0173124905715 0)
(0.611697971611 0.0064654238495 0)
(0.60836696968 0.00203004722951 0)
(0.612452044549 0.000358900732229 0)
(0.61079834537 -6.91613710582e-05 0)
(0.611454675784 -8.89454003363e-05 0)
(0.611000595094 -6.04207244999e-05 0)
(0.611138960857 -2.3026491607e-05 0)
(0.61104163694 -9.74057331262e-06 0)
(0.611076967107 -1.86581859734e-06 0)
(0.611057744726 -5.48598608263e-07 0)
(0.611066586396 2.3684093075e-07 0)
(0.611062659186 8.09548019395e-08 0)
(0.611064698039 9.77965979447e-08 0)
(0.611063835724 1.86783016116e-08 0)
(0.611064279525 1.56802790145e-08 0)
(0.611064082837 -1.21106376016e-10 0)
(0.611064177951 1.44431005926e-09 0)
(0.611064133259 -7.9476052716e-10 0)
(0.611064153913 9.17807653477e-11 0)
(0.611064143948 -2.20025497946e-10 0)
(0.611064148512 2.39936551168e-11 0)
(0.611064146321 -4.00102348206e-11 0)
(0.611064147338 1.05439804366e-11 0)
(0.611064146857 -6.56103134613e-12 0)
(0.611064147084 3.63799348258e-12 0)
(0.611064146978 -1.21032498196e-12 0)
(0.611064147028 9.49280255039e-13 0)
(0.611064147004 -2.12359368678e-13 0)
(0.611064147015 2.55015586503e-13 0)
(0.61106414701 -3.11032179772e-14 0)
(0.611064147013 2.92221772888e-13 0)
(0.611064147011 2.95529960025e-13 0)
(0.611064147012 5.75480276066e-13 0)
(0.611064147012 5.15205735772e-13 0)
(0.611064147012 -6.15107618476e-13 0)
(0.611064147012 3.09531364931e-13 0)
(0.611064147012 1.95070461135e-13 0)
(0.611064147012 4.04649136663e-13 0)
(0.492414885126 0.0273343872617 0)
(0.584716517881 0.0216050135529 0)
(0.587742956031 0.013242762752 0)
(0.613117704721 0.00498438613117 0)
(0.610260267665 0.00157799328051 0)
(0.61444105878 0.000280898079595 0)
(0.612801486167 -5.15804853534e-05 0)
(0.613446560414 -6.89036410983e-05 0)
(0.612982441495 -4.67521964089e-05 0)
(0.613116326722 -1.79834965822e-05 0)
(0.613016766569 -7.56983358782e-06 0)
(0.613051609616 -1.47931407802e-06 0)
(0.613032174322 -4.26352267704e-07 0)
(0.613041048093 1.79011011729e-07 0)
(0.613037121676 6.38607296401e-08 0)
(0.613039181876 7.53247502678e-08 0)
(0.613038321845 1.48855490079e-08 0)
(0.613038769906 1.20821164608e-08 0)
(0.613038573041 -5.47434803316e-12 0)
(0.613038668714 1.09787753065e-09 0)
(0.613038623815 -6.00048664809e-10 0)
(0.613038644534 6.43221463639e-11 0)
(0.613038634509 -1.67681527159e-10 0)
(0.613038639086 1.70858679198e-11 0)
(0.613038636882 -3.0341422327e-11 0)
(0.613038637903 8.15557999845e-12 0)
(0.61303863742 -4.94488073447e-12 0)
(0.613038637647 2.83881694312e-12 0)
(0.613038637541 -8.36678174536e-13 0)
(0.613038637592 5.05085839689e-13 0)
(0.613038637568 1.17479780577e-13 0)
(0.613038637579 3.14321849741e-13 0)
(0.613038637574 -1.20207645244e-13 0)
(0.613038637576 2.27162744949e-13 0)
(0.613038637575 5.87615885702e-13 0)
(0.613038637575 5.39634847554e-13 0)
(0.613038637575 4.83125890123e-13 0)
(0.613038637575 -3.85409774418e-13 0)
(0.613038637576 4.29834937062e-13 0)
(0.613038637575 2.29700740816e-13 0)
(0.613038637575 3.97596915846e-14 0)
(0.491387938733 0.018074804689 0)
(0.583697376775 0.0145063528377 0)
(0.588085842136 0.00895021673443 0)
(0.614046038551 0.00338756322358 0)
(0.611531875899 0.00107867112987 0)
(0.615783084095 0.000192964853275 0)
(0.614154392882 -3.42246436715e-05 0)
(0.614791305176 -4.69897680482e-05 0)
(0.614319888513 -3.18620868933e-05 0)
(0.614450463471 -1.23348748331e-05 0)
(0.614349261569 -5.17501130559e-06 0)
(0.614383738272 -1.0251972442e-06 0)
(0.614364146295 -2.91557796258e-07 0)
(0.614373042084 1.1997279792e-07 0)
(0.614369116458 4.40886760613e-08 0)
(0.614371192135 5.11718455981e-08 0)
(0.614370333883 1.03495698728e-08 0)
(0.614370785044 8.21153886219e-09 0)
(0.614370588075 3.78877480666e-11 0)
(0.614370684152 7.38793350908e-10 0)
(0.614370639105 -4.02011203924e-10 0)
(0.614370659872 4.10138478189e-11 0)
(0.614370649803 -1.12764381475e-10 0)
(0.614370654389 1.07161757804e-11 0)
(0.614370652176 -2.02789581436e-11 0)
(0.614370653199 5.82758005974e-12 0)
(0.614370652715 -3.16285757711e-12 0)
(0.614370652943 1.8487642566e-12 0)
(0.614370652837 -5.55677183479e-13 0)
(0.614370652888 2.54086087851e-13 0)
(0.614370652863 3.52927811958e-13 0)
(0.614370652874 5.11607030061e-13 0)
(0.614370652869 -3.88607119527e-13 0)
(0.614370652872 1.59556286603e-13 0)
(0.61437065287 7.90391311656e-13 0)
(0.614370652871 8.0217869131e-13 0)
(0.61437065287 2.23337868191e-13 0)
(0.614370652871 -1.30461441756e-13 0)
(0.614370652871 4.71983090122e-13 0)
(0.614370652871 2.37998604043e-13 0)
(0.614370652871 -3.90533169125e-13 0)
(0.490767781568 0.00899268040919 0)
(0.583067292833 0.0072834813542 0)
(0.588258191815 0.00451137593405 0)
(0.614569734122 0.00171321251298 0)
(0.612263454419 0.000547390763866 0)
(0.616557724006 9.82155815593e-05 0)
(0.614935877444 -1.70587630484e-05 0)
(0.615567845024 -2.38128783841e-05 0)
(0.615091998551 -1.61412215532e-05 0)
(0.615220543208 -6.27240813131e-06 0)
(0.615118338278 -2.62654975313e-06 0)
(0.615152587746 -5.24485959115e-07 0)
(0.615132899883 -1.48023550028e-07 0)
(0.615141808512 6.01735758349e-08 0)
(0.615137883448 2.25020941375e-08 0)
(0.615139968505 2.58735513628e-08 0)
(0.61513911138 5.30401124711e-09 0)
(0.615139564424 4.15370337133e-09 0)
(0.615139367402 3.14809158714e-11 0)
(0.615139463723 3.71187642289e-10 0)
(0.615139418589 -2.01433378382e-10 0)
(0.615139439383 2.00472320989e-11 0)
(0.615139429287 -5.66853511817e-11 0)
(0.615139433879 5.08416670669e-12 0)
(0.61513943166 -9.86119211543e-12 0)
(0.615139432685 3.18548145632e-12 0)
(0.6151394322 -1.14696139804e-12 0)
(0.615139432429 8.0131238473e-13 0)
(0.615139432322 -1.76341552185e-13 0)
(0.615139432373 -9.35049247874e-14 0)
(0.615139432349 4.46924091318e-14 0)
(0.61513943236 5.44616671011e-13 0)
(0.615139432355 -3.78227454839e-13 0)
(0.615139432357 9.68794149659e-14 0)
(0.615139432356 5.29062488335e-13 0)
(0.615139432356 5.43090436488e-13 0)
(0.615139432356 -5.64132389923e-14 0)
(0.615139432357 -1.24434950798e-13 0)
(0.615139432357 3.95875305076e-13 0)
(0.615139432356 2.3938142749e-13 0)
(0.615139432356 -8.75941528402e-14 0)
(0.490560471784 -8.92005432274e-10 0)
(0.582854289509 -3.36340015087e-10 0)
(0.588310196089 6.31580456161e-10 0)
(0.614738848699 8.85845876545e-11 0)
(0.612502173427 -3.05002978234e-10 0)
(0.616810930529 2.30087168908e-11 0)
(0.615191417949 1.32667648208e-10 0)
(0.615821729476 -3.55564454329e-11 0)
(0.615344397866 -5.09094651576e-11 0)
(0.615472258368 2.54926040942e-11 0)
(0.615369716068 1.60925879897e-11 0)
(0.615403888545 -1.6576816076e-11 0)
(0.615384168406 -5.22629218449e-12 0)
(0.615393081252 7.32387270653e-12 0)
(0.615389156388 -1.10207353611e-12 0)
(0.615391244588 -5.12942936839e-12 0)
(0.615390387848 -3.22254029442e-13 0)
(0.615390841525 6.22449377761e-13 0)
(0.615390644485 -4.72588858555e-13 0)
(0.615390740888 -5.59060682238e-13 0)
(0.615390695725 4.59641590657e-13 0)
(0.615390716528 1.34256983227e-13 0)
(0.615390706424 6.38842615175e-14 0)
(0.615390711017 6.11339104642e-14 0)
(0.615390708797 4.71127700688e-13 0)
(0.615390709822 5.89731048679e-13 0)
(0.615390709337 3.41260236122e-13 0)
(0.615390709566 -3.07664871987e-13 0)
(0.615390709459 3.86089767693e-13 0)
(0.61539070951 -2.76698984306e-13 0)
(0.615390709486 -1.09450480031e-13 0)
(0.615390709496 4.37815222662e-13 0)
(0.615390709491 1.4872829836e-14 0)
(0.615390709494 2.64787264363e-14 0)
(0.615390709493 1.64987158486e-13 0)
(0.615390709493 1.59902477701e-13 0)
(0.615390709493 -5.75268365385e-14 0)
(0.615390709493 -3.4472427301e-13 0)
(0.615390709494 3.2295640467e-14 0)
(0.615390709493 2.56168551421e-13 0)
(0.615390709493 7.53742023796e-14 0)
(0.490767781684 -0.00899268218614 0)
(0.58306729315 -0.00728348197945 0)
(0.588258191903 -0.00451137470217 0)
(0.614569733928 -0.00171321235376 0)
(0.612263454406 -0.000547391354276 0)
(0.616557724096 -9.82155314802e-05 0)
(0.614935877431 1.70590182365e-05 0)
(0.615567844986 2.38128076181e-05 0)
(0.615091998564 1.61411248265e-05 0)
(0.615220543222 6.27245791111e-06 0)
(0.61511833827 2.62657994831e-06 0)
(0.615152587742 5.24453773736e-07 0)
(0.615132899888 1.48014349729e-07 0)
(0.615141808513 -6.01595106251e-08 0)
(0.615137883446 -2.25042710486e-08 0)
(0.615139968505 -2.5882887392e-08 0)
(0.615139111381 -5.30433605923e-09 0)
(0.615139564424 -4.15254118214e-09 0)
(0.615139367401 -3.28403600985e-11 0)
(0.615139463723 -3.72273014703e-10 0)
(0.615139418589 2.02376000069e-10 0)
(0.615139439383 -1.94712885811e-11 0)
(0.615139429287 5.68865631297e-11 0)
(0.615139433879 -4.88139374964e-12 0)
(0.61513943166 1.05766337821e-11 0)
(0.615139432685 -2.20229571433e-12 0)
(0.6151394322 1.68214013377e-12 0)
(0.615139432429 -1.38041197541e-12 0)
(0.615139432322 3.17727875679e-13 0)
(0.615139432373 -4.36416458185e-13 0)
(0.615139432349 -3.82696168168e-13 0)
(0.61513943236 2.31945963234e-13 0)
(0.615139432355 2.62963562363e-13 0)
(0.615139432357 -1.51237406706e-13 0)
(0.615139432356 -4.61465140042e-14 0)
(0.615139432356 5.03234472035e-14 0)
(0.615139432356 1.20630451222e-13 0)
(0.615139432357 -2.54129462184e-13 0)
(0.615139432357 -7.25321311608e-14 0)
(0.615139432356 3.46620383582e-13 0)
(0.615139432356 2.58286750879e-13 0)
(0.491387938973 -0.0180748064418 0)
(0.583697377402 -0.0145063533232 0)
(0.588085842297 -0.00895021559461 0)
(0.614046038174 -0.00338756311474 0)
(0.611531875877 -0.00107867166294 0)
(0.615783084269 -0.000192964792233 0)
(0.614154392857 3.42248688547e-05 0)
(0.614791305104 4.69896985465e-05 0)
(0.614319888538 3.18620040007e-05 0)
(0.614450463497 1.23349211637e-05 0)
(0.614349261552 5.17503533757e-06 0)
(0.614383738264 1.02516856492e-06 0)
(0.614364146305 2.9155066444e-07 0)
(0.614373042085 -1.19961097253e-07 0)
(0.614369116453 -4.40913681597e-08 0)
(0.614371192135 -5.11800280604e-08 0)
(0.614370333885 -1.03498780721e-08 0)
(0.614370785044 -8.21085016693e-09 0)
(0.614370588075 -3.97646245104e-11 0)
(0.614370684152 -7.39530209458e-10 0)
(0.614370639106 4.02924246414e-10 0)
(0.614370659872 -4.03654066649e-11 0)
(0.614370649803 1.13246328232e-10 0)
(0.614370654389 -1.06331023927e-11 0)
(0.614370652176 2.07614212592e-11 0)
(0.614370653199 -5.14606808293e-12 0)
(0.614370652715 3.19616135464e-12 0)
(0.614370652943 -2.23251697234e-12 0)
(0.614370652837 5.42388684873e-13 0)
(0.614370652887 -5.34210355431e-13 0)
(0.614370652864 -5.2744360817e-13 0)
(0.614370652874 2.87605289411e-13 0)
(0.614370652869 6.94278942892e-13 0)
(0.614370652872 -1.49990833508e-13 0)
(0.61437065287 -3.75974737915e-13 0)
(0.614370652871 5.90559537777e-14 0)
(0.61437065287 4.23686025268e-14 0)
(0.614370652871 1.74024679322e-13 0)
(0.614370652871 -1.70645988382e-13 0)
(0.614370652871 5.19605986926e-13 0)
(0.614370652871 5.77485585187e-13 0)
(0.492414885506 -0.0273343889686 0)
(0.584716518802 -0.021605013819 0)
(0.58774295624 -0.0132427617613 0)
(0.613117704182 -0.00498438609937 0)
(0.610260267642 -0.00157799372195 0)
(0.614441059027 -0.000280898002822 0)
(0.612801486128 5.15806623818e-05 0)
(0.613446560313 6.89035744514e-05 0)
(0.612982441532 4.67521357537e-05 0)
(0.613116326757 1.79835365513e-05 0)
(0.613016766544 7.56984875058e-06 0)
(0.613051609605 1.47929072479e-06 0)
(0.613032174335 4.26347886257e-07 0)
(0.613041048095 -1.79002237941e-07 0)
(0.61303712167 -6.38636630418e-08 0)
(0.613039181876 -7.53307380441e-08 0)
(0.613038321848 -1.48861543328e-08 0)
(0.613038769906 -1.20819750081e-08 0)
(0.613038573041 3.40885856021e-12 0)
(0.613038668715 -1.09829970834e-09 0)
(0.613038623815 6.00850504807e-10 0)
(0.613038644534 -6.36630280834e-11 0)
(0.613038634509 1.67751915918e-10 0)
(0.613038639086 -1.67949796336e-11 0)
(0.613038636882 3.04166660392e-11 0)
(0.613038637903 -7.9157942293e-12 0)
(0.61303863742 4.6049883512e-12 0)
(0.613038637647 -2.86377432207e-12 0)
(0.613038637541 7.35394848991e-13 0)
(0.613038637592 -4.82463642533e-13 0)
(0.613038637568 -2.44943954161e-13 0)
(0.613038637579 4.09662803931e-14 0)
(0.613038637573 7.91011552959e-13 0)
(0.613038637576 -9.98021598747e-14 0)
(0.613038637575 -1.77778006694e-13 0)
(0.613038637575 2.6423918993e-13 0)
(0.613038637575 1.37441047826e-13 0)
(0.613038637576 1.20580426774e-13 0)
(0.613038637576 -1.16456445504e-13 0)
(0.613038637575 3.79881197738e-13 0)
(0.613038637575 2.57468015467e-13 0)
(0.493835630064 -0.036854872229 0)
(0.586073532459 -0.0285091275513 0)
(0.587141981208 -0.0173124897795 0)
(0.611697970939 -0.00646542391458 0)
(0.608366969668 -0.00203004754971 0)
(0.612452044852 -0.000358900637015 0)
(0.610798345315 6.91614860648e-05 0)
(0.611454675663 8.89453392159e-05 0)
(0.611000595141 6.04206920899e-05 0)
(0.611138960899 2.30265224602e-05 0)
(0.61104163691 9.74057710166e-06 0)
(0.611076967095 1.86580227162e-06 0)
(0.611057744742 5.48597795445e-07 0)
(0.611066586398 -2.36836560643e-07 0)
(0.611062659178 -8.09583500768e-08 0)
(0.61106469804 -9.78002136382e-08 0)
(0.611063835727 -1.86787955402e-08 0)
(0.611064279525 -1.56807993965e-08 0)
(0.611064082837 1.19671523345e-10 0)
(0.611064177952 -1.44504206332e-09 0)
(0.61106413326 7.95540030181e-10 0)
(0.611064153912 -9.06205089581e-11 0)
(0.611064143948 2.19884247308e-10 0)
(0.611064148512 -2.38650744927e-11 0)
(0.611064146321 3.98628893433e-11 0)
(0.611064147338 -1.1062250621e-11 0)
(0.611064146857 6.10294896343e-12 0)
(0.611064147084 -3.19815898468e-12 0)
(0.611064146978 1.01219119289e-12 0)
(0.611064147028 -6.24744847847e-13 0)
(0.611064147005 -4.29132823373e-13 0)
(0.611064147015 -3.17367239731e-13 0)
(0.61106414701 7.06025080776e-13 0)
(0.611064147013 -2.96887902696e-14 0)
(0.611064147011 -4.60641748104e-14 0)
(0.611064147012 7.11407570288e-13 0)
(0.611064147011 5.96194219376e-13 0)
(0.611064147012 -2.00837983716e-14 0)
(0.611064147012 -3.07508903436e-13 0)
(0.611064147012 3.5650398464e-13 0)
(0.611064147011 1.83237438648e-13 0)
(0.495625387338 -0.046712098919 0)
(0.587686899762 -0.0351384900299 0)
(0.586152013877 -0.0210789957286 0)
(0.60965821888 -0.00779318813833 0)
(0.605731099097 -0.00242037417997 0)
(0.609698076687 -0.000424215173339 0)
(0.608028114918 8.6931046303e-05 0)
(0.60869861417 0.000106533395288 0)
(0.608257134832 7.25061248419e-05 0)
(0.608400998846 2.72900693745e-05 0)
(0.608306445018 1.16242826706e-05 0)
(0.608342357862 2.16636501954e-06 0)
(0.608323398518 6.55143417577e-07 0)
(0.60833219674 -2.92938475e-07 0)
(0.608328269066 -9.45667529503e-08 0)
(0.608330281022 -1.18096386317e-07 0)
(0.608329416124 -2.15183053486e-08 0)
(0.60832985458 -1.89310043059e-08 0)
(0.608329658173 3.27402234248e-10 0)
(0.608329752581 -1.77651213576e-09 0)
(0.608329708157 9.85195525751e-10 0)
(0.608329728723 -1.22541088919e-10 0)
(0.608329718836 2.6948260433e-10 0)
(0.608329723384 -3.18466582434e-11 0)
(0.608329721208 4.89454000443e-11 0)
(0.60832972222 -1.37300340866e-11 0)
(0.608329721742 7.81477238795e-12 0)
(0.608329721968 -3.9665883688e-12 0)
(0.608329721863 1.50515614764e-12 0)
(0.608329721913 -8.25751571816e-13 0)
(0.608329721889 -2.29094259184e-13 0)
(0.6083297219 -6.10652129678e-13 0)
(0.608329721895 5.11829209708e-13 0)
(0.608329721897 2.5961164049e-13 0)
(0.608329721896 -1.17979167141e-13 0)
(0.608329721896 6.0534878742e-13 0)
(0.608329721896 7.63110595962e-13 0)
(0.608329721896 1.13554104167e-13 0)
(0.608329721897 1.3127323583e-13 0)
(0.608329721896 1.11151878574e-13 0)
(0.608329721896 -7.95866357936e-14 0)
(0.497739842939 -0.0569695741802 0)
(0.589433816612 -0.0413995258895 0)
(0.584589977571 -0.024457086312 0)
(0.606820372019 -0.00893146082551 0)
(0.602185552652 -0.00273572999662 0)
(0.60601584964 -0.000474565614683 0)
(0.604328915963 0.000104759103405 0)
(0.605016245562 0.000121123975632 0)
(0.604589703666 8.26856562919e-05 0)
(0.604739888983 3.06240264412e-05 0)
(0.604648563807 1.31677947064e-05 0)
(0.604685123054 2.36612327385e-06 0)
(0.604666469399 7.43657752063e-07 0)
(0.604675211286 -3.46685918878e-07 0)
(0.604671283978 -1.03954546197e-07 0)
(0.604673263842 -1.35787242652e-07 0)
(0.604672396324 -2.3226994487e-08 0)
(0.60467282845 -2.176846747e-08 0)
(0.604672632466 6.41739450549e-10 0)
(0.604672726027 -2.09003455788e-09 0)
(0.604672681934 1.1689048242e-09 0)
(0.604672702393 -1.59592521889e-10 0)
(0.604672692599 3.15498647589e-10 0)
(0.604672697126 -4.11243252523e-11 0)
(0.604672694969 5.8038606752e-11 0)
(0.604672695975 -1.66508035759e-11 0)
(0.604672695501 9.50268448231e-12 0)
(0.604672695725 -4.77107311714e-12 0)
(0.60467269562 1.84055375941e-12 0)
(0.60467269567 -1.08392053587e-12 0)
(0.604672695646 3.60302754398e-14 0)
(0.604672695657 -6.36873027583e-13 0)
(0.604672695652 4.34050256921e-13 0)
(0.604672695654 5.64571051847e-13 0)
(0.604672695653 -5.28450466018e-13 0)
(0.604672695653 3.17525364849e-13 0)
(0.604672695653 8.80977402154e-13 0)
(0.604672695654 8.95828890388e-14 0)
(0.604672695654 1.12298035511e-13 0)
(0.604672695654 5.50468422716e-14 0)
(0.604672695653 -1.96050538053e-13 0)
(0.500103459384 -0.0676714554616 0)
(0.591134449844 -0.0471816219878 0)
(0.582208505615 -0.0273562746357 0)
(0.602946450622 -0.00984601100238 0)
(0.597507346559 -0.0029645185411 0)
(0.601187060475 -0.000508283826703 0)
(0.599484182234 0.000122400630573 0)
(0.600190664685 0.000132222762263 0)
(0.599781122285 9.06845632997e-05 0)
(0.599938215569 3.29073716624e-05 0)
(0.599850489186 1.43297617827e-05 0)
(0.599887720639 2.45444046053e-06 0)
(0.599869407062 8.12788430973e-07 0)
(0.599878077817 -3.97343826386e-07 0)
(0.599874152363 -1.08482909943e-07 0)
(0.599876095373 -1.50508708232e-07 0)
(0.599875225529 -2.36665674598e-08 0)
(0.59987565044 -2.41436815788e-08 0)
(0.599875455072 1.07222554336e-09 0)
(0.599875547649 -2.3842045889e-09 0)
(0.599875503955 1.3451182643e-09 0)
(0.599875524283 -2.03109840695e-10 0)
(0.599875514599 3.57307788118e-10 0)
(0.599875519099 -5.15532030128e-11 0)
(0.599875516965 6.61871145278e-11 0)
(0.599875517963 -1.95830271171e-11 0)
(0.599875517493 1.09438223957e-11 0)
(0.599875517715 -5.28736799168e-12 0)
(0.599875517612 2.01310644066e-12 0)
(0.599875517661 -1.29858932357e-12 0)
(0.599875517637 4.021810606e-13 0)
(0.599875517648 -5.01413199322e-13 0)
(0.599875517643 3.15177730266e-13 0)
(0.599875517645 2.70942634507e-13 0)
(0.599875517644 -5.06461944896e-13 0)
(0.599875517645 1.32547594722e-13 0)
(0.599875517644 5.75223288506e-13 0)
(0.599875517644 4.75756169113e-13 0)
(0.599875517645 1.22695447793e-13 0)
(0.599875517644 -2.03446096339e-13 0)
(0.599875517644 -2.16940529717e-13 0)
(0.502592180969 -0.0788323260412 0)
(0.592529974943 -0.0523534622495 0)
(0.578679941611 -0.0296809249588 0)
(0.597724723066 -0.0105055991382 0)
(0.591404746694 -0.00309730539255 0)
(0.594925497998 -0.000524434730248 0)
(0.593209739888 0.000139477931865 0)
(0.593937243768 0.000139398497094 0)
(0.593546443845 9.6285230388e-05 0)
(0.593710753375 3.40534418766e-05 0)
(0.593626897387 1.50824361443e-05 0)
(0.593664783069 2.42554617428e-06 0)
(0.593646835367 8.62253478499e-07 0)
(0.593655417953 -4.44053745484e-07 0)
(0.593651496763 -1.07632901073e-07 0)
(0.593653398603 -1.6197731486e-07 0)
(0.593652527127 -2.2745003552e-08 0)
(0.593652944042 -2.6022522969e-08 0)
(0.593652749544 1.62279169009e-09 0)
(0.593652841007 -2.65920843856e-09 0)
(0.593652797781 1.51204806501e-09 0)
(0.593652817953 -2.53230744692e-10 0)
(0.593652808395 3.95224276711e-10 0)
(0.593652812862 -6.37958619756e-11 0)
(0.593652810754 7.32146163347e-11 0)
(0.593652811744 -2.30336379091e-11 0)
(0.593652811279 1.24881638779e-11 0)
(0.593652811498 -6.23463421301e-12 0)
(0.593652811395 2.38885671072e-12 0)
(0.593652811444 -1.49655688876e-12 0)
(0.593652811421 5.92535809461e-13 0)
(0.593652811432 -5.30818692249e-13 0)
(0.593652811426 4.03343598052e-13 0)
(0.593652811428 3.47142203397e-13 0)
(0.593652811428 9.6820985455e-14 0)
(0.593652811428 -1.72264662217e-13 0)
(0.593652811427 6.33385363744e-13 0)
(0.593652811428 7.09022437273e-13 0)
(0.593652811428 -1.19305003408e-13 0)
(0.593652811428 -4.25504984344e-13 0)
(0.593652811428 -2.36256879024e-13 0)
(0.505008101764 -0.0904223729586 0)
(0.593252428747 -0.0567595940151 0)
(0.573575727707 -0.0313313766075 0)
(0.590751730651 -0.0108833416841 0)
(0.583500460771 -0.00312742874487 0)
(0.586860117969 -0.000522934303369 0)
(0.585136864689 0.000155467507381 0)
(0.585886648148 0.000142299598629 0)
(0.585515974498 9.93359211702e-05 0)
(0.585687486405 3.40149495314e-05 0)
(0.585607667429 1.541311981e-05 0)
(0.585646139876 2.27909538729e-06 0)
(0.585628575767 8.92876260898e-07 0)
(0.585637050483 -4.85827958521e-07 0)
(0.585633137269 -1.0103729467e-07 0)
(0.585634994037 -1.69996789119e-07 0)
(0.585634122112 -2.04251132535e-08 0)
(0.585634530343 -2.73869099848e-08 0)
(0.585634337045 2.28940538477e-09 0)
(0.585634427261 -2.91499094617e-09 0)
(0.585634384581 1.6679763454e-09 0)
(0.585634404568 -3.10860349437e-10 0)
(0.585634395152 4.2779900404e-10 0)
(0.585634399579 -7.75358448565e-11 0)
(0.585634397501 7.96762326107e-11 0)
(0.58563439848 -2.57704609783e-11 0)
(0.585634398021 1.40522799438e-11 0)
(0.585634398237 -6.97948342653e-12 0)
(0.585634398136 2.43713832823e-12 0)
(0.585634398184 -1.57180892891e-12 0)
(0.585634398161 6.56250778781e-13 0)
(0.585634398171 -9.67939799613e-14 0)
(0.585634398166 1.91369648246e-13 0)
(0.585634398168 4.33750872988e-13 0)
(0.585634398167 2.41673208083e-13 0)
(0.585634398168 -3.9484641222e-13 0)
(0.585634398167 4.32956678978e-13 0)
(0.585634398168 1.17560702978e-12 0)
(0.585634398168 -2.23282715947e-13 0)
(0.585634398168 -8.38081518229e-13 0)
(0.585634398168 -3.33928076012e-13 0)
(0.507042510293 -0.102346112157 0)
(0.592783717215 -0.060217664426 0)
(0.566340322027 -0.0322065130828 0)
(0.581509247237 -0.0109585047892 0)
(0.573309942563 -0.00305171292666 0)
(0.576513097985 -0.000504649910149 0)
(0.574790312745 0.000169694098055 0)
(0.575562804425 0.000140675192463 0)
(0.575213250236 9.97591933231e-05 0)
(0.575391580428 3.27888424622e-05 0)
(0.575315858934 1.5325175836e-05 0)
(0.575354795207 2.02063149321e-06 0)
(0.575337626011 9.06535919061e-07 0)
(0.575345969893 -5.21548968675e-07 0)
(0.575342070227 -8.85182936181e-08 0)
(0.575343878341 -1.74464333114e-07 0)
(0.575343007755 -1.67309732774e-08 0)
(0.575343406676 -2.82366724706e-08 0)
(0.575343215004 3.06224603857e-09 0)
(0.575343303833 -3.15213900009e-09 0)
(0.575343261786 1.81117161253e-09 0)
(0.575343281552 -3.75180310913e-10 0)
(0.575343272296 4.55343888316e-10 0)
(0.575343276676 -9.27945077311e-11 0)
(0.57534327463 8.55039192373e-11 0)
(0.575343275597 -2.92372199947e-11 0)
(0.575343275144 1.56021014468e-11 0)
(0.575343275357 -7.78748987855e-12 0)
(0.575343275257 3.01879472568e-12 0)
(0.575343275304 -1.47306847044e-12 0)
(0.575343275282 6.78228203114e-13 0)
(0.575343275292 2.04033041938e-13 0)
(0.575343275287 1.85132544464e-14 0)
(0.575343275289 5.94654939665e-13 0)
(0.575343275288 3.07858455898e-13 0)
(0.575343275289 -2.26701028849e-13 0)
(0.575343275288 2.32791450942e-13 0)
(0.575343275289 1.38560168911e-12 0)
(0.575343275289 -5.85177415155e-13 0)
(0.575343275289 -9.23342388405e-13 0)
(0.575343275289 -5.78539616537e-13 0)
(0.50822204639 -0.114412202509 0)
(0.590400234846 -0.0625170776984 0)
(0.556258688648 -0.0322084276882 0)
(0.569334973099 -0.010718778777 0)
(0.560213582748 -0.00287128368487 0)
(0.56327156579 -0.000471465845908 0)
(0.561560022886 0.000181334787672 0)
(0.562354508763 0.000134402570024 0)
(0.562026661159 9.75597222095e-05 0)
(0.562210998635 3.04211495073e-05 0)
(0.562139335487 1.48384688143e-05 0)
(0.562178550131 1.66197009537e-06 0)
(0.562161784183 9.0600504368e-07 0)
(0.56216997004 -5.49963847414e-07 0)
(0.562166092221 -7.01412271566e-08 0)
(0.562167848194 -1.7536840692e-07 0)
(0.562166981515 -1.17580576094e-08 0)
(0.5621673705 -2.85855786559e-08 0)
(0.562167181009 3.91979644685e-09 0)
(0.562167268283 -3.37121673572e-09 0)
(0.562167226974 1.93825101556e-09 0)
(0.562167246474 -4.45511700479e-10 0)
(0.562167237398 4.77641273125e-10 0)
(0.562167241719 -1.0895550432e-10 0)
(0.56216723971 9.02553206173e-11 0)
(0.562167240662 -3.23492812481e-11 0)
(0.562167240217 1.70357570268e-11 0)
(0.562167240427 -8.34381147277e-12 0)
(0.562167240328 3.30946599428e-12 0)
(0.562167240375 -1.49596141586e-12 0)
(0.562167240353 6.62296332894e-13 0)
(0.562167240363 1.02403099845e-13 0)
(0.562167240358 -2.17884886726e-13 0)
(0.56216724036 4.38181771043e-13 0)
(0.562167240359 5.74312850801e-13 0)
(0.56216724036 -1.4807196943e-13 0)
(0.562167240359 3.71085707462e-13 0)
(0.562167240359 1.07359401229e-12 0)
(0.562167240359 -3.79494442906e-13 0)
(0.562167240359 -7.95218546315e-13 0)
(0.56216724036 -1.54513173735e-13 0)
(0.507830241329 -0.126290686055 0)
(0.585098433646 -0.0634203254975 0)
(0.542416369222 -0.0312501473756 0)
(0.553385431218 -0.0101630505228 0)
(0.54342121593 -0.00259247359696 0)
(0.546351311223 -0.0004262868528 0)
(0.544664814039 0.000189436237373 0)
(0.545478983114 0.000123524198925 0)
(0.545173036755 9.28310310246e-05 0)
(0.545362071304 2.70120999711e-05 0)
(0.545294345806 1.3989022402e-05 0)
(0.545333581436 1.22153782877e-06 0)
(0.545317230086 8.94621661919e-07 0)
(0.545325224883 -5.6966887372e-07 0)
(0.545321381268 -4.62890146091e-08 0)
(0.545323081303 -1.72780107828e-07 0)
(0.545322222129 -5.6851177182e-09 0)
(0.545322600445 -2.84593354935e-08 0)
(0.545322413868 4.83114875765e-09 0)
(0.545322499369 -3.57147174862e-09 0)
(0.545322458929 2.0461477947e-09 0)
(0.545322478103 -5.20886300408e-10 0)
(0.545322469233 4.94183186271e-10 0)
(0.54532247348 -1.25684336256e-10 0)
(0.545322471514 9.4806712128e-11 0)
(0.545322472449 -3.57210401316e-11 0)
(0.545322472011 1.81823347315e-11 0)
(0.545322472217 -8.68132149462e-12 0)
(0.545322472121 3.38586756553e-12 0)
(0.545322472166 -1.63104183463e-12 0)
(0.545322472145 7.23152745604e-13 0)
(0.545322472154 1.33259917282e-13 0)
(0.54532247215 -2.07754080853e-13 0)
(0.545322472152 2.79346063027e-13 0)
(0.54532247215 7.78615656727e-13 0)
(0.545322472151 -7.97917686917e-14 0)
(0.545322472151 3.84412127516e-13 0)
(0.545322472151 5.12266509907e-13 0)
(0.545322472151 -4.26697025563e-13 0)
(0.545322472151 -5.55523840336e-13 0)
(0.545322472151 6.85490912579e-14 0)
(0.504792971577 -0.137450953036 0)
(0.575495188148 -0.0626693588361 0)
(0.523651237427 -0.0292679284534 0)
(0.532589119229 -0.00930465839821 0)
(0.521926940889 -0.00222779050273 0)
(0.52475030311 -0.000372940102925 0)
(0.523105927378 0.000192949612207 0)
(0.523935205584 0.000108298982249 0)
(0.523651028269 8.57605957059e-05 0)
(0.523842851233 2.27220229067e-05 0)
(0.523778896801 1.28276086207e-05 0)
(0.523817810067 7.24740709068e-07 0)
(0.523801897618 8.7572905918e-07 0)
(0.523809659666 -5.7906572107e-07 0)
(0.523805868763 -1.77749852805e-08 0)
(0.523807508025 -1.66830446355e-07 0)
(0.523806661392 1.2076917885e-09 0)
(0.523807028013 -2.7885382205e-08 0)
(0.523806845343 5.749693954e-09 0)
(0.523806928757 -3.74767894943e-09 0)
(0.523806889363 2.12948580901e-09 0)
(0.523806908127 -5.9731296892e-10 0)
(0.523806899496 5.04086197351e-10 0)
(0.523806903649 -1.42917937075e-10 0)
(0.523806901734 9.80659765117e-11 0)
(0.523806902647 -3.86508368993e-11 0)
(0.52380690222 1.9250022167e-11 0)
(0.523806902421 -9.11852116329e-12 0)
(0.523806902327 3.87385096273e-12 0)
(0.523806902371 -1.91867444579e-12 0)
(0.52380690235 8.82178548507e-13 0)
(0.523806902359 -1.62291136741e-13 0)
(0.523806902355 2.05499036183e-14 0)
(0.523806902357 -2.04245382866e-13 0)
(0.523806902355 5.58158196516e-13 0)
(0.523806902356 1.49080463609e-13 0)
(0.523806902356 3.02858620159e-13 0)
(0.523806902356 1.57154250739e-13 0)
(0.523806902356 -1.71661523712e-13 0)
(0.523806902356 -6.05650980541e-13 0)
(0.523806902357 4.9955881048e-14 0)
(0.497510419634 -0.147070535686 0)
(0.559694654111 -0.0600015037641 0)
(0.49849640287 -0.026239992999 0)
(0.505587453198 -0.00817504216515 0)
(0.494451712977 -0.0017968710121 0)
(0.497189205293 -0.000315931446066 0)
(0.495607663362 0.000190792976381 0)
(0.496444228569 8.92716959612e-05 0)
(0.496181518409 7.66334063985e-05 0)
(0.49637347833 1.77781914427e-05 0)
(0.496313145633 1.14171166386e-05 0)
(0.496351284803 2.04343481535e-07 0)
(0.496335864541 8.51842686045e-07 0)
(0.496343338652 -5.76288284207e-07 0)
(0.49633962841 1.40022259183e-08 0)
(0.496341199784 -1.57675707985e-07 0)
(0.496340372812 8.51426199565e-09 0)
(0.496340726109 -2.68830157427e-08 0)
(0.49634054873 6.61118680661e-09 0)
(0.49634062958 -3.888869491e-09 0)
(0.496340591485 2.1806905369e-09 0)
(0.496340609712 -6.70402170619e-10 0)
(0.496340601371 5.0679396716e-10 0)
(0.496340605403 -1.59035062536e-10 0)
(0.49634060355 1.00730189234e-10 0)
(0.496340604435 -4.14386394064e-11 0)
(0.496340604021 2.04125765219e-11 0)
(0.496340604215 -9.65071057383e-12 0)
(0.496340604124 4.47210743514e-12 0)
(0.496340604167 -2.15546068792e-12 0)
(0.496340604146 8.03739836743e-13 0)
(0.496340604156 -4.19332398878e-13 0)
(0.496340604151 4.05126496642e-14 0)
(0.496340604153 -4.79871586878e-13 0)
(0.496340604152 8.05374220477e-13 0)
(0.496340604153 3.08823434916e-13 0)
(0.496340604152 4.37499494538e-14 0)
(0.496340604152 -4.34446328661e-14 0)
(0.496340604152 1.25128680399e-13 0)
(0.496340604153 -5.07141511322e-13 0)
(0.496340604153 -2.11358008689e-13 0)
(0.483609231084 -0.153915841801 0)
(0.535110872411 -0.0551798148914 0)
(0.46511457273 -0.0222120861651 0)
(0.470660289643 -0.00682719574871 0)
(0.459370490537 -0.00132721972139 0)
(0.462035273418 -0.000260008352664 0)
(0.460541605226 0.000181945173552 0)
(0.461372916823 6.73580998151e-05 0)
(0.46113151928 6.58317753769e-05 0)
(0.461320002529 1.24816660244e-05 0)
(0.461263266253 9.82830984754e-06 0)
(0.461300034112 -2.99226130122e-07 0)
(0.46128521387 8.23530268612e-07 0)
(0.461292323001 -5.59098394949e-07 0)
(0.461288736059 4.68649992064e-08 0)
(0.461290228029 -1.45440566055e-07 0)
(0.461289430959 1.56740402497e-08 0)
(0.461289768195 -2.54446752718e-08 0)
(0.461289598105 7.32742467913e-09 0)
(0.461289675635 -3.97463371198e-09 0)
(0.461289639215 2.18810770984e-09 0)
(0.461289656717 -7.33087800034e-10 0)
(0.461289648742 5.00468755989e-10 0)
(0.461289652611 -1.72032996444e-10 0)
(0.461289650836 1.01424855308e-10 0)
(0.461289651684 -4.30577280351e-11 0)
(0.461289651288 2.04416987728e-11 0)
(0.461289651474 -9.79570987836e-12 0)
(0.461289651386 4.51392872605e-12 0)
(0.461289651427 -2.20608591469e-12 0)
(0.461289651408 9.17049335871e-13 0)
(0.461289651417 -7.33470931798e-13 0)
(0.461289651412 -1.02553018139e-13 0)
(0.461289651414 -4.24488237587e-13 0)
(0.461289651413 6.39754350956e-13 0)
(0.461289651414 9.49629216015e-14 0)
(0.461289651413 -1.10438469006e-15 0)
(0.461289651413 2.29747140492e-14 0)
(0.461289651413 2.16082925338e-13 0)
(0.461289651414 -1.05751764462e-13 0)
(0.461289651414 1.07918699146e-13 0)
(0.4595782786 -0.156228372454 0)
(0.498235703226 -0.0480338635496 0)
(0.421225242209 -0.0173288358654 0)
(0.425631435217 -0.00533678141313 0)
(0.414619801285 -0.000854590984378 0)
(0.417204950283 -0.000209349388367 0)
(0.415829958684 0.000165497705363 0)
(0.416636541647 4.39573522828e-05 0)
(0.416417041899 5.3811247841e-05 0)
(0.416597128578 7.21726862737e-06 0)
(0.41654426391 8.13028590364e-06 0)
(0.416578855558 -7.36516033638e-07 0)
(0.416564838039 7.87396935672e-07 0)
(0.416571468983 -5.24431527021e-07 0)
(0.416568071011 7.75069353796e-08 0)
(0.416569464159 -1.30075368977e-07 0)
(0.41656871205 2.19091478397e-08 0)
(0.416569028556 -2.35022336395e-08 0)
(0.416568868722 7.77361233487e-09 0)
(0.416568941716 -3.96656018911e-09 0)
(0.416568907551 2.13352792609e-09 0)
(0.416568924034 -7.74068706273e-10 0)
(0.416568916549 4.81174177604e-10 0)
(0.416568920188 -1.79636838629e-10 0)
(0.416568918521 9.97088513282e-11 0)
(0.416568919318 -4.34170973032e-11 0)
(0.416568918945 2.00681163608e-11 0)
(0.41656891912 -9.63929816141e-12 0)
(0.416568919038 4.44565376433e-12 0)
(0.416568919076 -2.32064383035e-12 0)
(0.416568919058 7.85814428732e-13 0)
(0.416568919066 -7.69573178062e-13 0)
(0.416568919062 3.22865950586e-14 0)
(0.416568919064 -1.13076558581e-13 0)
(0.416568919063 4.66222415183e-13 0)
(0.416568919063 4.58729478225e-14 0)
(0.416568919063 1.48446833915e-13 0)
(0.416568919063 -2.32328324653e-13 0)
(0.416568919063 1.60302243619e-13 0)
(0.416568919063 -5.77004457749e-14 0)
(0.416568919064 1.63196651145e-13 0)
(0.420240367306 -0.151568550414 0)
(0.444346484547 -0.0385079460223 0)
(0.36402623867 -0.0118880259441 0)
(0.367747655798 -0.00379821991618 0)
(0.357580303525 -0.000423919139077 0)
(0.360039120208 -0.000165742823872 0)
(0.358822299943 0.00014046292977 0)
(0.359574404731 2.12205054607e-05 0)
(0.359379174132 4.1008220918e-05 0)
(0.359544091928 2.49334097376e-06 0)
(0.35949595965 6.36491977776e-06 0)
(0.359527257195 -1.04129493382e-06 0)
(0.359514404502 7.30599447028e-07 0)
(0.359520383835 -4.66475277956e-07 0)
(0.359517276819 1.0041247671e-07 0)
(0.359518538049 -1.10874642333e-07 0)
(0.359517853522 2.60076074629e-08 0)
(0.359518141357 -2.0813416726e-08 0)
(0.359517996313 7.74166634828e-09 0)
(0.359518062795 -3.78309782926e-09 0)
(0.359518031802 1.98161254498e-09 0)
(0.359518046804 -7.7224441819e-10 0)
(0.359518040007 4.42346242073e-10 0)
(0.359518043315 -1.77517478182e-10 0)
(0.359518041799 9.33293259529e-11 0)
(0.359518042523 -4.14596430892e-11 0)
(0.359518042184 1.91068111501e-11 0)
(0.359518042343 -9.70673597464e-12 0)
(0.359518042268 4.25350796975e-12 0)
(0.359518042303 -2.26244345908e-12 0)
(0.359518042286 7.57810666454e-13 0)
(0.359518042294 -5.78845500232e-13 0)
(0.35951804229 -4.36255908275e-15 0)
(0.359518042292 -4.40486315975e-13 0)
(0.359518042291 1.86268546331e-13 0)
(0.359518042291 2.15010706108e-13 0)
(0.359518042291 2.8172494037e-13 0)
(0.359518042291 -4.86561254751e-13 0)
(0.359518042291 1.31523328643e-14 0)
(0.359518042291 -5.22680857152e-14 0)
(0.359518042292 3.08699560216e-14 0)
(0.357968267831 -0.136051008883 0)
(0.367129584386 -0.0268451055946 0)
(0.290113505068 -0.006483772578 0)
(0.293525475279 -0.00232299657019 0)
(0.284927588071 -9.25547910141e-05 0)
(0.287143391736 -0.000125379606294 0)
(0.286138419163 0.00010562600098 0)
(0.286791057485 2.68796718361e-06 0)
(0.286626002701 2.7753909135e-05 0)
(0.286766275538 -9.58015958793e-07 0)
(0.286724769564 4.51178999538e-06 0)
(0.286751171953 -1.11505253136e-06 0)
(0.286740104825 6.21282533739e-07 0)
(0.286745159927 -3.73630609581e-07 0)
(0.286742502835 1.0577853966e-07 0)
(0.286743576173 -8.57362851618e-08 0)
(0.286742993736 2.5909165561e-08 0)
(0.28674323958 -1.67780488039e-08 0)
(0.286743116363 6.85373856818e-09 0)
(0.286743173132 -3.25822593268e-09 0)
(0.286743146776 1.65980256154e-09 0)
(0.286743159565 -6.87564541277e-10 0)
(0.286743153775 3.67790686316e-10 0)
(0.286743156592 -1.5667456322e-10 0)
(0.2867431553 7.88052231334e-11 0)
(0.286743155916 -3.60652636524e-11 0)
(0.286743155628 1.68429505452e-11 0)
(0.286743155763 -8.344862298e-12 0)
(0.286743155699 3.8011431165e-12 0)
(0.286743155729 -2.06876497319e-12 0)
(0.286743155715 8.05048576949e-13 0)
(0.286743155721 -5.88145400684e-13 0)
(0.286743155718 -2.14611808405e-13 0)
(0.28674315572 -4.10650718826e-13 0)
(0.286743155719 8.96201672767e-14 0)
(0.286743155719 2.17774081364e-13 0)
(0.286743155719 6.00724070965e-13 0)
(0.286743155719 -2.66486462798e-13 0)
(0.286743155719 1.29639873483e-13 0)
(0.286743155719 9.3141091381e-14 0)
(0.286743155719 -1.9427154971e-13 0)
(0.261383904461 -0.102230111799 0)
(0.258090326256 -0.0143135480079 0)
(0.195428689955 -0.00220889818461 0)
(0.198566141493 -0.00106787254404 0)
(0.192444659655 7.26852108685e-05 0)
(0.194183760912 -7.89862845814e-05 0)
(0.193468050474 6.19512738141e-05 0)
(0.193953540558 -6.55986474762e-06 0)
(0.193830981308 1.47373317309e-05 0)
(0.193933118057 -2.22730429364e-06 0)
(0.193901870072 2.55486298105e-06 0)
(0.193921022142 -8.53276068936e-07 0)
(0.193912774812 4.1807041559e-07 0)
(0.193916471398 -2.35682010839e-07 0)
(0.193914512434 8.14488303198e-08 0)
(0.193915304382 -5.26587163751e-08 0)
(0.193914877233 1.92160029349e-08 0)
(0.193915059064 -1.07258239745e-08 0)
(0.193914968703 4.69664083759e-09 0)
(0.193915010604 -2.19743948696e-09 0)
(0.193914991227 1.09158204227e-09 0)
(0.193915000643 -4.74737518339e-10 0)
(0.193914996378 2.40945142277e-10 0)
(0.19391499845 -1.06917150697e-10 0)
(0.193914997497 5.19193816775e-11 0)
(0.19391499795 -2.42953973592e-11 0)
(0.193914997738 1.11427186065e-11 0)
(0.193914997837 -5.42448580974e-12 0)
(0.19391499779 2.49988341549e-12 0)
(0.193914997812 -1.22604304411e-12 0)
(0.193914997802 4.13723253684e-13 0)
(0.193914997806 -3.00980614762e-13 0)
(0.193914997804 -8.609260648e-14 0)
(0.193914997806 -3.43619697261e-13 0)
(0.193914997805 5.65781434182e-14 0)
(0.193914997805 5.66879096438e-14 0)
(0.193914997805 4.45429579816e-13 0)
(0.193914997805 -5.03804837822e-15 0)
(0.193914997804 1.23887907254e-14 0)
(0.193914997805 1.46468402993e-14 0)
(0.193914997805 -2.8934037297e-14 0)
(0.113095983602 -0.0397627773203 0)
(0.105593732312 -0.00404140605157 0)
(0.075320698022 -0.000263626436097 0)
(0.0773212183925 -0.000259727172764 0)
(0.0747911180005 5.25904777653e-05 0)
(0.0756236076432 -2.6459455432e-05 0)
(0.0753165685224 1.91561767442e-05 0)
(0.0755320396281 -4.07547290986e-06 0)
(0.0754759289684 4.21383572298e-06 0)
(0.0755201603511 -1.09956369037e-06 0)
(0.0755057850276 7.77045522241e-07 0)
(0.0755140984352 -3.1367404194e-07 0)
(0.0755103863556 1.44098061067e-07 0)
(0.0755120175328 -7.74005485985e-08 0)
(0.0755111499926 3.02002515938e-08 0)
(0.0755115037407 -1.70060819949e-08 0)
(0.0755113156439 6.97450041938e-09 0)
(0.0755113969246 -3.56608045404e-09 0)
(0.0755113570498 1.62939152972e-09 0)
(0.075511375695 -7.56336717793e-10 0)
(0.0755113671059 3.69181663645e-10 0)
(0.0755113712797 -1.65809966891e-10 0)
(0.0755113693841 8.14489645859e-11 0)
(0.0755113703012 -3.70728229284e-11 0)
(0.075511369878 1.77452521596e-11 0)
(0.0755113700786 -8.34160640289e-12 0)
(0.0755113699842 3.78729103154e-12 0)
(0.0755113700285 -1.82771793085e-12 0)
(0.0755113700075 9.05002348606e-13 0)
(0.0755113700172 -3.52715365484e-13 0)
(0.0755113700127 2.02664816475e-15 0)
(0.0755113700148 -9.12041435547e-14 0)
(0.0755113700138 -2.2896048834e-14 0)
(0.0755113700145 -8.36141046521e-14 0)
(0.0755113700141 2.5227493186e-14 0)
(0.0755113700142 1.32615578264e-13 0)
(0.075511370014 2.25328204709e-13 0)
(0.0755113700139 2.73502319276e-14 0)
(0.0755113700139 -7.55067656846e-15 0)
(0.075511370014 1.20948500568e-13 0)
(0.0755113700142 1.36828291701e-13 0)
)
;

boundaryField
{
    in
    {
        type            fixedValue;
        value           uniform (0.5 0 0);
    }
    out
    {
        type            zeroGradient;
    }
    top
    {
        type            fixedValue;
        value           uniform (0 0 0);
    }
    bottom
    {
        type            fixedValue;
        value           uniform (0 0 0);
    }
    frontback
    {
        type            empty;
    }
}


// ************************************************************************* //
