/*--------------------------------*- C++ -*----------------------------------*\
| =========                 |                                                 |
| \\      /  F ield         | OpenFOAM: The Open Source CFD Toolbox           |
|  \\    /   O peration     | Version:  2112                                  |
|   \\  /    A nd           | Website:  www.openfoam.com                      |
|    \\/     M anipulation  |                                                 |
\*---------------------------------------------------------------------------*/
FoamFile
{
    version     2.0;
    format      ascii;
    arch        "LSB;label=32;scalar=64";
    class       volVectorField;
    location    "1";
    object      flux;
}
// * * * * * * * * * * * * * * * * * * * * * * * * * * * * * * * * * * * * * //

dimensions      [0 1 -1 1 0 0 0];

internalField   nonuniform List<vector> 
1681
(
(2622.59801043 -14.0737935372 0)
(0.0151219280231 -13.9677971168 0)
(0.0229313958377 -13.7709498935 0)
(0.0281022737187 -13.5086293639 0)
(0.0306574501195 -13.2083624242 0)
(0.0310196278019 -12.8950248057 0)
(0.0297971297329 -12.5876336964 0)
(0.0275779428021 -12.298862153 0)
(0.02483760018 -12.0359494019 0)
(0.0219189570446 -11.8020532674 0)
(0.0190466909418 -11.5975586674 0)
(0.0163541906377 -11.4211351828 0)
(0.0139104723586 -11.270505257 0)
(0.0117421475301 -11.1429624757 0)
(0.00984958000561 -11.0357002356 0)
(0.00821801864315 -10.9460070326 0)
(0.00682490861382 -10.8713727173 0)
(0.00564449916172 -10.8095377783 0)
(0.00465062505565 -10.7585076174 0)
(0.00381829459302 -10.7165463289 0)
(0.00312451878691 -10.6821593011 0)
(0.00254867080188 -10.6540704698 0)
(0.00207256368033 -10.6311977678 0)
(0.00168036639393 -10.6126288479 0)
(0.00135843361292 -10.5975982264 0)
(0.00109509561409 -10.5854664191 0)
(0.000880436173191 -10.5757012928 0)
(0.00070607456664 -10.5678616459 0)
(0.000564960432622 -10.5615829214 0)
(0.000451185869685 -10.5565648918 0)
(0.000359816988002 -10.5525611289 0)
(0.000286746773342 -10.5493700582 0)
(0.000228569847032 -10.5468273711 0)
(0.000182475299955 -10.5447995811 0)
(0.000146191377392 -10.543178587 0)
(0.000118137017675 -10.5418763697 0)
(9.72414883286e-05 -10.5408164141 0)
(7.87593583702e-05 -10.5399312523 0)
(4.86041150019e-05 -10.5392381597 0)
(2.27429110244e-05 -10.5389602845 0)
(-2622.94608579 -10.5387904939 0)
(2619.79367145 -14.0777019937 0)
(0.0454468007289 -13.9710982315 0)
(0.0689021547291 -13.7732309724 0)
(0.084415220127 -13.5097665159 0)
(0.0920634615224 -13.2084729274 0)
(0.093126117759 -12.8943383724 0)
(0.0894354008207 -12.5863997636 0)
(0.082758916099 -12.2972965312 0)
(0.0745241769218 -12.0342149198 0)
(0.0657591898677 -11.8002612026 0)
(0.0571369259939 -11.5957786781 0)
(0.0490564914264 -11.4194067028 0)
(0.0417240690603 -11.2688473442 0)
(0.0352188567553 -11.1413812864 0)
(0.0295415086173 -11.034194273 0)
(0.0246474850269 -10.9445706381 0)
(0.0204689422331 -10.8699982941 0)
(0.0169285208035 -10.8082171466 0)
(0.013947664824 -10.7572327975 0)
(0.0114513686657 -10.715309959 0)
(0.00937065303874 -10.680954828 0)
(0.00764363586685 -10.6528922031 0)
(0.00621576069285 -10.6300408563 0)
(0.00503954189094 -10.6114892143 0)
(0.00407405214819 -10.596472483 0)
(0.00328429111058 -10.5843517784 0)
(0.00264051848048 -10.5745954802 0)
(0.002117599693 -10.5667628198 0)
(0.00169439038132 -10.5604896009 0)
(0.00135317263814 -10.555475894 0)
(0.00107914972882 -10.551475516 0)
(0.000860004793002 -10.5482870919 0)
(0.000685525576537 -10.5457464741 0)
(0.000547281509133 -10.5437202994 0)
(0.000438450905487 -10.5421005819 0)
(0.000354297563866 -10.5407995395 0)
(0.00029178197642 -10.5397406699 0)
(0.000236891535648 -10.5388536379 0)
(0.000145589458705 -10.5381514204 0)
(6.67902376212e-05 -10.5378865905 0)
(-2620.83836414 -10.5377291997 0)
(2616.98825038 -14.0855533955 0)
(0.0760161322872 -13.9777201049 0)
(0.115197738955 -13.777800841 0)
(0.141053882721 -13.5120415604 0)
(0.15374307881 -13.20869023 0)
(0.155434260569 -12.8929612876 0)
(0.149205497978 -12.5839295035 0)
(0.138014911556 -12.294165456 0)
(0.124244665908 -12.0307486098 0)
(0.109606205383 -11.796681806 0)
(0.0952175909023 -11.5922250396 0)
(0.0817404574176 -11.4159572749 0)
(0.0695155556212 -11.2655399213 0)
(0.0586727617728 -11.1382279471 0)
(0.0492117096829 -11.0311918584 0)
(0.0410572144248 -10.9417077168 0)
(0.0340956069017 -10.8672595932 0)
(0.0281975984747 -10.8055862504 0)
(0.0232320625734 -10.7546937063 0)
(0.0190738884965 -10.7128479191 0)
(0.0156080699739 -10.6785567097 0)
(0.0127314651415 -10.6505466071 0)
(0.010353161437 -10.6277380648 0)
(0.00839404106702 -10.6092210595 0)
(0.00678592080426 -10.5942321784 0)
(0.00547049616174 -10.5821337392 0)
(0.00439822789387 -10.572395149 0)
(0.0035272504389 -10.5645765054 0)
(0.00282234558424 -10.5583143349 0)
(0.00225400284896 -10.5533093051 0)
(0.00179757741441 -10.5493157229 0)
(0.00143255513423 -10.5461326134 0)
(0.00114192834113 -10.5435961521 0)
(0.000911653756312 -10.541573226 0)
(0.000730343358861 -10.5399560738 0)
(0.000590119412196 -10.5386573226 0)
(0.000486421813578 -10.5376005931 0)
(0.000396609254088 -10.5367112988 0)
(0.000242013587396 -10.535995399 0)
(0.000107187053091 -10.5357503693 0)
(-2618.73096264 -10.5356085568 0)
(2614.18101675 -14.0974073678 0)
(0.106997311619 -13.9876998364 0)
(0.16203786362 -13.7846727666 0)
(0.198237342319 -13.5154512187 0)
(0.215879516089 -13.209002057 0)
(0.218078263077 -12.8908800303 0)
(0.209194567137 -12.5802126401 0)
(0.193395094835 -12.2894633901 0)
(0.174020906918 -12.0255495284 0)
(0.153463903906 -11.7913179206 0)
(0.133281832219 -11.5869034523 0)
(0.114393515084 -11.4107946502 0)
(0.0972699346253 -11.2605921704 0)
(0.0820884693395 -11.1335126273 0)
(0.0688455546693 -11.0267038441 0)
(0.0574339380603 -10.9374295993 0)
(0.0476932355102 -10.8631682877 0)
(0.0394416981801 -10.8016570158 0)
(0.0324953310814 -10.7509024631 0)
(0.0266787679902 -10.7091724812 0)
(0.0218309154528 -10.6749773426 0)
(0.0178073648509 -10.6470461819 0)
(0.0144808701995 -10.6243019816 0)
(0.0117407191715 -10.605837048 0)
(0.00949151621867 -10.5908900429 0)
(0.00765169698601 -10.5788250889 0)
(0.00615196523185 -10.5691131361 0)
(0.0049337625131 -10.5613155829 0)
(0.00394783043843 -10.5550700406 0)
(0.00315289503598 -10.550078074 0)
(0.00251448808433 -10.5460947254 0)
(0.00200391896429 -10.5429196204 0)
(0.0015974030433 -10.5403894211 0)
(0.00127529716473 -10.5383713965 0)
(0.00102163160137 -10.5367581126 0)
(0.000825393695142 -10.5354627119 0)
(0.000680986729845 -10.5344091219 0)
(0.000557930358353 -10.5335185767 0)
(0.000337775362988 -10.5327892306 0)
(0.000144158683712 -10.5325643909 0)
(-2616.62409236 -10.5324337415 0)
(2611.37122894 -14.1133436214 0)
(0.138563052528 -14.0010903495 0)
(0.209647462494 -13.7938633025 0)
(0.256188024641 -13.5199849916 0)
(0.278657316492 -13.2093841893 0)
(0.281192143941 -12.8880682973 0)
(0.269488826013 -12.5752273615 0)
(0.248947533898 -12.2831752222 0)
(0.223873759812 -12.0186090257 0)
(0.197335420609 -11.7841661381 0)
(0.171322244973 -11.579814369 0)
(0.147002713778 -11.4039219548 0)
(0.124971960212 -11.2540089897 0)
(0.105450427036 -11.1272413615 0)
(0.0884283152707 -11.0207369737 0)
(0.0737643257119 -10.9317434605 0)
(0.0612501236083 -10.8577318087 0)
(0.0506507633951 -10.7964370224 0)
(0.0417289694875 -10.7458667317 0)
(0.0342589126065 -10.7042913561 0)
(0.0280333298382 -10.6702244636 0)
(0.0228665373248 -10.6423986802 0)
(0.0185949882181 -10.6197403699 0)
(0.0150764288242 -10.6013449513 0)
(0.0121883126158 -10.586453856 0)
(0.009825877511 -10.5744336155 0)
(0.00790012911089 -10.5647572381 0)
(0.00633586952907 -10.5569878576 0)
(0.00506984735836 -10.5507645326 0)
(0.00404906590718 -10.5457900239 0)
(0.00322926813141 -10.541820355 0)
(0.00257361598921 -10.5386559523 0)
(0.00205157312537 -10.5361341275 0)
(0.0016379154449 -10.5341226644 0)
(0.00131208028183 -10.5325145591 0)
(0.00105991756883 -10.5312235541 0)
(0.000875248839532 -10.5301740692 0)
(0.000720587500159 -10.5292836435 0)
(0.000432850753712 -10.5285427748 0)
(0.000178284873353 -10.5283364564 0)
(-2614.51796301 -10.5282131723 0)
(2608.55812996 -14.1334684807 0)
(0.170893375383 -14.0179625627 0)
(0.258258935185 -13.8053943394 0)
(0.31513316496 -13.5256275941 0)
(0.342262854961 -13.209803209 0)
(0.344909628649 -12.8844902423 0)
(0.330173182163 -12.5689440471 0)
(0.304718761991 -12.2752803981 0)
(0.273822723737 -12.0099152109 0)
(0.241222835238 -11.7752215545 0)
(0.209330668879 -11.5709580108 0)
(0.179554590943 -11.3953429459 0)
(0.152606053276 -11.2457964742 0)
(0.128742872542 -11.1194217397 0)
(0.107945134872 -11.0132997668 0)
(0.0900349710609 -10.9246583837 0)
(0.0747545231216 -10.8509595729 0)
(0.061814713578 -10.7899358791 0)
(0.0509244643534 -10.7395962289 0)
(0.0418072216092 -10.69821432 0)
(0.0342094506326 -10.6643078823 0)
(0.027904183589 -10.6366139307 0)
(0.0226916159862 -10.6140630718 0)
(0.0183980219625 -10.5957546224 0)
(0.0148737833593 -10.5809334816 0)
(0.0119910205624 -10.5689691941 0)
(0.00964111682436 -10.559337342 0)
(0.00773230360671 -10.5516032289 0)
(0.00618739717693 -10.5454077226 0)
(0.00494173056411 -10.5404550788 0)
(0.00394130239323 -10.5365025475 0)
(0.00314116446134 -10.5333515557 0)
(0.00250406062758 -10.5308402276 0)
(0.00199921084514 -10.5288369953 0)
(0.00160145367081 -10.5272353883 0)
(0.00129349167739 -10.5259498262 0)
(0.00106896885313 -10.5249053888 0)
(0.000884189232547 -10.5240165368 0)
(0.000527212778285 -10.5232668842 0)
(0.000210079188519 -10.5230767765 0)
(-2612.41278243 -10.5229586656 0)
(2605.74094273 -14.1579176756 0)
(0.204177880788 -14.0384063248 0)
(0.308114456215 -13.8192931528 0)
(0.375306250718 -13.5323589099 0)
(0.406884786865 -13.2102166354 0)
(0.409363976318 -12.8801009637 0)
(0.391330794837 -12.5613260666 0)
(0.360753301151 -12.2657539232 0)
(0.323885528538 -11.9994540756 0)
(0.285126860619 -11.764478968 0)
(0.247297966688 -11.5603356167 0)
(0.212035021101 -11.3850633063 0)
(0.180156201454 -11.2359632502 0)
(0.151949768509 -11.1100642811 0)
(0.127380986476 -11.0044039315 0)
(0.106232364492 -10.9161868097 0)
(0.0881946245349 -10.8428644659 0)
(0.072923432201 -10.7821667387 0)
(0.0600732813023 -10.7321042685 0)
(0.0493165819228 -10.6909547854 0)
(0.0403534076922 -10.6572410743 0)
(0.0329154994333 -10.6297054533 0)
(0.0267668498883 -10.607283641 0)
(0.0217023468558 -10.5890796445 0)
(0.017545398277 -10.5743425298 0)
(0.01414510544 -10.5624454604 0)
(0.0113733221463 -10.5528671086 0)
(0.00912179339781 -10.5451753818 0)
(0.00729947737028 -10.5390133186 0)
(0.00583010092671 -10.5340869683 0)
(0.00464997276041 -10.5301550523 0)
(0.00370607997151 -10.5270201977 0)
(0.00295448519613 -10.5245215044 0)
(0.00235888331671 -10.5225281863 0)
(0.00188951411767 -10.520934411 0)
(0.00152591746281 -10.5196553506 0)
(0.0012619067027 -10.5186168951 0)
(0.00104828841876 -10.5177310775 0)
(0.000620802830197 -10.5169757337 0)
(0.000239928597067 -10.5167994885 0)
(-2610.30875592 -10.5166855769 0)
(2602.91886516 -14.1868585261 0)
(0.238618279946 -14.0625311241 0)
(0.359468418169 -13.8355918321 0)
(0.436948468428 -13.540153132 0)
(0.47271444419 -13.2105722724 0)
(0.474687742412 -12.8748462363 0)
(0.453042590272 -12.5523298237 0)
(0.417093160196 -12.2545665839 0)
(0.374077714773 -11.9872097937 0)
(0.329046527024 -11.7519332007 0)
(0.285213801228 -11.547949765 0)
(0.244429064245 -11.3730909572 0)
(0.207605858316 -11.2245207827 0)
(0.175054736274 -11.0991827379 0)
(0.146720629147 -10.9940646677 0)
(0.122342864186 -10.9063448418 0)
(0.101558537315 -10.8334631504 0)
(0.0839667530489 -10.7731466111 0)
(0.0691668550112 -10.7234080784 0)
(0.0567798604596 -10.6825301218 0)
(0.0464593170616 -10.6490415063 0)
(0.0378956702526 -10.6216907869 0)
(0.030816777748 -10.5994196749 0)
(0.0249862441919 -10.5813376653 0)
(0.020200620173 -10.5666986941 0)
(0.0162861048083 -10.5548801506 0)
(0.0130951325557 -10.545364314 0)
(0.0105030616123 -10.5377221297 0)
(0.00840507986992 -10.5315991687 0)
(0.00671338382083 -10.5267035725 0)
(0.00535465651721 -10.5227957784 0)
(0.00426787402991 -10.5196798132 0)
(0.00340246290182 -10.5171959152 0)
(0.00271662952639 -10.515214214 0)
(0.00217602081985 -10.5136296224 0)
(0.00175699485503 -10.5123581404 0)
(0.00145382345582 -10.5113266067 0)
(0.00121242151865 -10.5104452706 0)
(0.000713530583781 -10.5096873962 0)
(0.000268110547219 -10.5095228611 0)
(-2608.20608542 -10.509412908 0)
(2600.0910648 -14.2204923333 0)
(0.274431219603 -14.0904668304 0)
(0.412590054631 -13.8543264248 0)
(0.500310162648 -13.5489774999 0)
(0.539946166012 -13.2108072269 0)
(0.541012466061 -12.8686620004 0)
(0.515386725314 -12.5419046098 0)
(0.473777307147 -12.241684998 0)
(0.424412205182 -11.9731648455 0)
(0.372978866364 -11.7375792339 0)
(0.323066415388 -11.5338044934 0)
(0.276720817564 -11.3594361579 0)
(0.234937845311 -11.2114834556 0)
(0.198040991516 -11.086794162 0)
(0.165948565697 -10.9823007237 0)
(0.138352667934 -10.8951522967 0)
(0.114834270672 -10.8227761141 0)
(0.0949344466166 -10.7628964082 0)
(0.0781965791702 -10.7135288448 0)
(0.0641898963331 -10.6729617002 0)
(0.052521274664 -10.6397306815 0)
(0.042839865724 -10.6125915357 0)
(0.034837474211 -10.5904928606 0)
(0.0282465430125 -10.5725504442 0)
(0.0228369012116 -10.5580237988 0)
(0.0184119814604 -10.5462951491 0)
(0.0148049263409 -10.5368508979 0)
(0.0118748224584 -10.5292654636 0)
(0.00950318880486 -10.523187311 0)
(0.00759077899235 -10.5183269721 0)
(0.00605472462752 -10.5144468446 0)
(0.00482605260061 -10.5113525548 0)
(0.00384760502339 -10.5088856418 0)
(0.00307214187276 -10.5069172853 0)
(0.00246072884385 -10.5053432519 0)
(0.00198652059983 -10.5040804479 0)
(0.00164448066755 -10.5030567904 0)
(0.00137613052069 -10.5021813685 0)
(0.00080528472645 -10.5014240281 0)
(0.000294826235727 -10.5012692948 0)
(-2606.10496877 -10.5011634247 0)
(2597.25667332 -14.2590572247 0)
(0.311851461645 -14.1223645382 0)
(0.467766284273 -13.8755358516 0)
(0.56565230802 -13.5587907195 0)
(0.608777544075 -13.2108467165 0)
(0.608468265815 -12.861473751 0)
(0.578437990759 -12.5299924212 0)
(0.530841113061 -12.2270716539 0)
(0.474898867598 -11.9573001383 0)
(0.416918597453 -11.7214123361 0)
(0.36084241641 -11.5179054061 0)
(0.308893271791 -11.3441115869 0)
(0.262134257512 -11.1968686305 0)
(0.220891282663 -11.0729189463 0)
(0.185049002209 -10.9691344272 0)
(0.15424778611 -10.8826327277 0)
(0.128009715013 -10.8108276882 0)
(0.105816206899 -10.7514409613 0)
(0.0871537966031 -10.7024917294 0)
(0.0715394931267 -10.6622749102 0)
(0.0585333499577 -10.629334156 0)
(0.0477432344237 -10.6024333865 0)
(0.0388249960582 -10.5805289935 0)
(0.0314800565476 -10.5627438712 0)
(0.0254516791972 -10.5483438194 0)
(0.0205206849931 -10.536716509 0)
(0.0165010696472 -10.5273529852 0)
(0.0132357790003 -10.519831574 0)
(0.010592778175 -10.5138039956 0)
(0.00846147708345 -10.508983471 0)
(0.00674953997573 -10.5051346031 0)
(0.00538011460387 -10.5020648166 0)
(0.0042895167949 -10.4996171145 0)
(0.0034251074956 -10.4976638612 0)
(0.00274338829535 -10.4961017876 0)
(0.00221428716574 -10.4948487875 0)
(0.00183363935323 -10.4938339804 0)
(0.00153897397446 -10.4929658947 0)
(0.000895945316463 -10.492211975 0)
(0.000320231233083 -10.4920653467 0)
(-2604.00559888 -10.4919638068 0)
(2594.41478045 -14.3028315989 0)
(0.351135494214 -14.1583975315 0)
(0.525304818366 -13.8992605629 0)
(0.633247989668 -13.5695410697 0)
(0.679409559709 -13.2106026972 0)
(0.677183325118 -12.8531958724 0)
(0.642267144723 -12.516527792 0)
(0.588315763731 -12.2106849951 0)
(0.525544068758 -11.9395951771 0)
(0.460857812808 -11.7034282393 0)
(0.398526565223 -11.5002598261 0)
(0.340928172685 -11.3271324643 0)
(0.289176373428 -11.1806967447 0)
(0.243587832175 -11.0575809062 0)
(0.204005809406 -10.9545917546 0)
(0.170014015722 -10.8688134886 0)
(0.141072623953 -10.7976461085 0)
(0.116601638372 -10.7388090806 0)
(0.0960297894066 -10.6903259283 0)
(0.0788214110297 -10.6504992195 0)
(0.064489579402 -10.6178816009 0)
(0.0526008982118 -10.5912461718 0)
(0.0427753772716 -10.569558042 0)
(0.0346835778362 -10.5519480336 0)
(0.0280423736547 -10.5376889499 0)
(0.0226101482968 -10.5261745217 0)
(0.01818191333 -10.5169009562 0)
(0.0145846203838 -10.5094509222 0)
(0.0116728094001 -10.5034797572 0)
(0.00932465748557 -10.4987036698 0)
(0.00743845551293 -10.4948897125 0)
(0.00592955033409 -10.4918473083 0)
(0.00472779609945 -10.4894210867 0)
(0.00377520724484 -10.4874847321 0)
(0.00302374358136 -10.4859360512 0)
(0.00244008203066 -10.4846940101 0)
(0.00202105923536 -10.483689051 0)
(0.00170053160601 -10.4828297151 0)
(0.000985394333313 -10.482081894 0)
(0.000344459877829 -10.4819418232 0)
(-2601.90816294 -10.4818448357 0)
(2591.5644275 -14.3521382923 0)
(0.392565668846 -14.1987623659 0)
(0.585537576638 -13.9255408711 0)
(0.703383881159 -13.5811641576 0)
(0.752046583535 -13.2099723098 0)
(0.747283246858 -12.8437309364 0)
(0.706940166209 -12.5014376621 0)
(0.646227636044 -12.1924795629 0)
(0.576350218757 -11.9200282974 0)
(0.504785667647 -11.6836233737 0)
(0.43610157142 -11.4808770007 0)
(0.372805888075 -11.3085167257 0)
(0.316044569123 -11.1629914589 0)
(0.266112280681 -11.0408074084 0)
(0.222802485729 -10.9387024493 0)
(0.185636915336 -10.8537258452 0)
(0.154010596622 -10.7832636243 0)
(0.127280242929 -10.7250336644 0)
(0.104815768816 -10.6770647832 0)
(0.0860283586091 -10.6376682882 0)
(0.070383959511 -10.6054069182 0)
(0.0574079462047 -10.5790639886 0)
(0.0466846236962 -10.5576142685 0)
(0.0378538749594 -10.5401973391 0)
(0.0306063815655 -10.5260937287 0)
(0.0246782837374 -10.5147038442 0)
(0.0198457895557 -10.5055295756 0)
(0.0159200188085 -10.4981583707 0)
(0.0127422286589 -10.4922495465 0)
(0.0101794860149 -10.4875225978 0)
(0.00812081225784 -10.483747272 0)
(0.00647383976065 -10.4807351899 0)
(0.00516203205446 -10.4783327704 0)
(0.00412211459349 -10.476415153 0)
(0.00330153268332 -10.4748813344 0)
(0.00266368721693 -10.4736514388 0)
(0.00220649836603 -10.4726573498 0)
(0.00186040537543 -10.4718081699 0)
(0.00107352367742 -10.4710689141 0)
(0.000367642898787 -10.4709339366 0)
(-2599.81284154 -10.4708416115 0)
(2588.70460032 -14.4073495971 0)
(0.436454978457 -14.2436800505 0)
(0.648824460019 -13.9544148658 0)
(0.776361701917 -13.5935802714 0)
(0.826896203953 -13.2088361376 0)
(0.818890254656 -12.8329689701 0)
(0.772517419417 -12.4846412876 0)
(0.704597636684 -12.1724062015 0)
(0.627315306591 -11.8985769584 0)
(0.548688072135 -11.6619951553 0)
(0.473547894833 -11.4597683545 0)
(0.404505281061 -11.2882852381 0)
(0.342718236875 -11.1437798445 0)
(0.288445634081 -11.0226295397 0)
(0.241422122063 -10.9215001792 0)
(0.201101780725 -10.8374051275 0)
(0.166811060116 -10.7677166497 0)
(0.137841406598 -10.7101518507 0)
(0.113502864631 -10.6627459349 0)
(0.0931529840362 -10.6238201243 0)
(0.0762104393253 -10.5919483997 0)
(0.0621594281537 -10.5659253609 0)
(0.0505487071685 -10.5447363949 0)
(0.0409876857781 -10.5275306844 0)
(0.033141072638 -10.5135972093 0)
(0.0267229789294 -10.5023436719 0)
(0.0214910080394 -10.4932781677 0)
(0.0172406262052 -10.4859933603 0)
(0.0137999639664 -10.4801529089 0)
(0.0110251123767 -10.4754798938 0)
(0.0087959371044 -10.4717470022 0)
(0.00701245066138 -10.468768253 0)
(0.00559180347559 -10.466392018 0)
(0.00446549444685 -10.4644950273 0)
(0.00357648641078 -10.4629775818 0)
(0.00288487894573 -10.4617610528 0)
(0.00238971302415 -10.4607788811 0)
(0.00201821874302 -10.4599412557 0)
(0.00116024099924 -10.4592128323 0)
(0.000389920407611 -10.4590815045 0)
(-2597.71980783 -10.4589937901 0)
(2585.83422157 -14.4688932849 0)
(0.483152615104 -14.2933973033 0)
(0.715557532449 -13.9859157972 0)
(0.852499626808 -13.606691266 0)
(0.904168843797 -13.2070562626 0)
(0.892122216848 -12.8207867016 0)
(0.83905271994 -12.4660501983 0)
(0.763440501886 -12.1504123239 0)
(0.678432427997 -11.8752180905 0)
(0.592547388431 -11.6385423179 0)
(0.510843554854 -11.436947778 0)
(0.436003590078 -11.266462047 0)
(0.369175708808 -11.1230925993 0)
(0.310568213744 -11.0030823012 0)
(0.259847368159 -10.903022719 0)
(0.216393621227 -10.8198909071 0)
(0.17946125199 -10.7510459384 0)
(0.148274385901 -10.6942051937 0)
(0.122082114093 -10.6474115022 0)
(0.100187865645 -10.6089972662 0)
(0.0819629121875 -10.5775489135 0)
(0.0668503471708 -10.5518734289 0)
(0.0543635589887 -10.5309677957 0)
(0.0440817120796 -10.5139916511 0)
(0.0356437840729 -10.500243159 0)
(0.0287420920573 -10.4891379404 0)
(0.0231158518843 -10.4801908201 0)
(0.0185450705578 -10.4730001157 0)
(0.0148449219551 -10.4672341918 0)
(0.0118606673594 -10.4626200138 0)
(0.00946314041209 -10.4589334548 0)
(0.00754483658954 -10.4559911325 0)
(0.0060166771904 -10.4536435349 0)
(0.00480500184339 -10.4517691188 0)
(0.00384832759708 -10.4502696045 0)
(0.00310342734498 -10.4490676999 0)
(0.00257045778764 -10.4480985184 0)
(0.00217361513595 -10.4472738365 0)
(0.00124547390464 -10.4465583311 0)
(0.000411451339797 -10.4464291761 0)
(-2595.62922649 -10.4463458302 0)
(2582.9521422 -14.5372598227 0)
(0.533050475998 -14.3481878381 0)
(0.786165667485 -14.0200687851 0)
(0.932133608838 -13.6203769094 0)
(0.984077116823 -13.204474115 0)
(0.967091467516 -12.8070467951 0)
(0.906592294965 -12.4455682119 0)
(0.822764058246 -12.1264422398 0)
(0.729689307794 -11.8499284908 0)
(0.636342134627 -11.6132652806 0)
(0.547963949008 -11.4124319418 0)
(0.467276316809 -11.2430746419 0)
(0.395394186029 -11.1009642771 0)
(0.332459610134 -10.9822048163 0)
(0.278060400881 -10.8833121447 0)
(0.231497136836 -10.8012271845 0)
(0.1919482028 -10.73329677 0)
(0.158568293838 -10.6772398506 0)
(0.130544450139 -10.6311082717 0)
(0.10712550179 -10.5932469756 0)
(0.087635206786 -10.5622560999 0)
(0.071475651713 -10.5369561492 0)
(0.0581250627347 -10.5163567013 0)
(0.0471326131189 -10.4996287121 0)
(0.0381118147641 -10.486080269 0)
(0.030733446699 -10.4751355377 0)
(0.0247185729879 -10.4663165984 0)
(0.0198319518653 -10.4592278619 0)
(0.0158759843389 -10.4535427626 0)
(0.0126852597753 -10.4489924513 0)
(0.0101217133778 -10.4453562337 0)
(0.00807043464405 -10.4424535274 0)
(0.00643620620292 -10.4401371014 0)
(0.00514028053691 -10.4382872749 0)
(0.00411677020137 -10.4368073033 0)
(0.00331909616192 -10.4356213212 0)
(0.0027484856895 -10.4346662278 0)
(0.00232625619943 -10.4338558682 0)
(0.00132917308618 -10.4331552028 0)
(0.000432420580662 -10.433026664 0)
(-2593.54125282 -10.4329472375 0)
(2580.05713204 -14.6130110169 0)
(0.586590822618 -14.4083536249 0)
(0.861119718192 -14.0568866822 0)
(1.01561856083 -13.6344906108 0)
(1.06683486664 -13.2009081141 0)
(1.04390339747 -12.7915970934 0)
(0.975173631004 -12.4230915165 0)
(0.88256844611 -12.100437546 0)
(0.781067819835 -11.8226852637 0)
(0.680046698244 -11.5861665408 0)
(0.5848816826 -11.3862406244 0)
(0.49829712301 -11.2181542286 0)
(0.421349673932 -11.0774335207 0)
(0.354098640227 -10.9600405366 0)
(0.296042894505 -10.8624150254 0)
(0.246396696165 -10.7814625741 0)
(0.204258718768 -10.7145191321 0)
(0.168712085564 -10.6593067645 0)
(0.138880689108 -10.6138878821 0)
(0.113958300008 -10.5766214254 0)
(0.0932210774673 -10.5461225632 0)
(0.0760302268753 -10.5212264899 0)
(0.0618290464003 -10.5009563967 0)
(0.050136998541 -10.4844954339 0)
(0.0405424189577 -10.4711623586 0)
(0.0326948261777 -10.4603905107 0)
(0.0262973870441 -10.4517097548 0)
(0.0210998377332 -10.4447310349 0)
(0.0168920040682 -10.4391332209 0)
(0.0134979731296 -10.4346519506 0)
(0.0107709251881 -10.4310702095 0)
(0.00858866305927 -10.4282104177 0)
(0.00684992769717 -10.4259277896 0)
(0.00547096145174 -10.4241046441 0)
(0.00438151833341 -10.4226458872 0)
(0.00353164244187 -10.4214771692 0)
(0.0029235483896 -10.4205372872 0)
(0.0024758201456 -10.419742616 0)
(0.00141131473774 -10.4190585666 0)
(0.000453044406192 -10.418928969 0)
(-2591.45603171 -10.4188527951 0)
(2577.14786927 -14.6967903757 0)
(0.644275342933 -14.4742260424 0)
(0.9409382703 -14.0963648738 0)
(1.10332932246 -13.6488544443 0)
(1.15265582032 -13.1961511076 0)
(1.12265478705 -12.7742698924 0)
(1.04482420443 -12.3985088336 0)
(0.942845308798 -12.0723375841 0)
(0.832543508844 -11.7934662994 0)
(0.72363106248 -11.5572510858 0)
(0.621566411442 -11.3583970457 0)
(0.529037737546 -11.1917359985 0)
(0.447016924437 -11.0525432858 0)
(0.375463309196 -10.9366374382 0)
(0.313775993381 -10.8403826024 0)
(0.261076315499 -10.7606504741 0)
(0.216379364717 -10.6947678872 0)
(0.178694543835 -10.6404618303 0)
(0.147081517947 -10.5958069928 0)
(0.120678565578 -10.5591778704 0)
(0.0987141938976 -10.5292060449 0)
(0.0805088850136 -10.5047426068 0)
(0.0654712739235 -10.4848254002 0)
(0.0530914207445 -10.4686506579 0)
(0.0429327994102 -10.4555485591 0)
(0.0346239674609 -10.4449622522 0)
(0.0278504681415 -10.4364299166 0)
(0.0223472586355 -10.4295694723 0)
(0.0178918012027 -10.4240655908 0)
(0.0142978620505 -10.4196587 0)
(0.0114100199627 -10.4161357139 0)
(0.00909891862629 -10.4133222583 0)
(0.00725736091511 -10.4110761593 0)
(0.00579666102239 -10.4092818723 0)
(0.00464226517806 -10.4078460694 0)
(0.00374081615263 -10.4066960048 0)
(0.00309539634442 -10.4057724828 0)
(0.00262200033575 -10.4049948521 0)
(0.00149190248534 -10.4043290627 0)
(0.000473574868936 -10.4041965811 0)
(-2589.37369647 -10.4041227698 0)
(2574.22292875 -14.7893355563 0)
(0.706675922998 -14.546166803 0)
(1.0261940378 -14.1384747493 0)
(1.19566131406 -13.6632533757 0)
(1.24175177702 -13.1899676293 0)
(1.20343185226 -12.7548812811 0)
(1.11556009268 -12.3717016838 0)
(1.00357695295 -12.0420799679 0)
(0.884085119488 -11.7622507897 0)
(0.76706054898 -11.5265268159 0)
(0.657984700067 -11.328928195 0)
(0.559467875 -11.1638593835 0)
(0.472369385993 -11.0263410459 0)
(0.396530776911 -10.9120481943 0)
(0.331240287326 -10.8172709426 0)
(0.275519639202 -10.7388492103 0)
(0.228296447513 -10.674102911 0)
(0.188504264438 -10.6207660327 0)
(0.1551374811 -10.5769274211 0)
(0.127278489584 -10.540978786 0)
(0.10410813018 -10.5115695655 0)
(0.0849063558276 -10.4875679876 0)
(0.0690474361765 -10.4680276104 0)
(0.0559923667565 -10.4521586494 0)
(0.0452801000974 -10.4393034655 0)
(0.0365185546769 -10.4289156535 0)
(0.029375943036 -10.4205422411 0)
(0.0235727028911 -10.4138085684 0)
(0.0188741585303 -10.4084054773 0)
(0.015083948517 -10.4040784894 0)
(0.0120382135211 -10.4006186979 0)
(0.00960057397247 -10.3978551391 0)
(0.00765800490292 -10.3956484175 0)
(0.00611697942678 -10.3938852628 0)
(0.0048986918223 -10.3924742289 0)
(0.00394635975993 -10.3913442587 0)
(0.00326377894434 -10.3904382709 0)
(0.00276450417818 -10.3896790173 0)
(0.0015709689244 -10.3890330111 0)
(0.000494302973844 -10.3888956457 0)
(-2587.29436784 -10.3888230798 0)
(2571.2807688 -14.8914933554 0)
(0.774447504333 -14.6245684873 0)
(1.11752095576 -14.1831555138 0)
(1.29303074646 -13.6774285994 0)
(1.33433023923 -13.1820910082 0)
(1.28630797616 -12.7332305864 0)
(1.18738446707 -12.3425447713 0)
(1.06473548761 -12.0096011876 0)
(0.935654139254 -11.7290197748 0)
(0.810295581418 -11.4940049699 0)
(0.694099897914 -11.297865146 0)
(0.589555167368 -11.1345682888 0)
(0.497379162279 -10.9988789688 0)
(0.417277329845 -10.8863303159 0)
(0.348415790172 -10.793141058 0)
(0.289709921821 -10.7161221425 0)
(0.239996000254 -10.6525891926 0)
(0.198129641826 -10.6002855422 0)
(0.163038967271 -10.5573162386 0)
(0.133750136693 -10.522091966 0)
(0.109396353583 -10.4932815222 0)
(0.0892172760335 -10.4697715514 0)
(0.0725531415635 -10.4506324073 0)
(0.0588362497303 -10.4350892004 0)
(0.0475813985913 -10.42249724 0)
(0.0383762123281 -10.4123212097 0)
(0.0308718851561 -10.4041175218 0)
(0.0247746114096 -10.3975193826 0)
(0.0198378170079 -10.3922241747 0)
(0.015855217917 -10.3879828199 0)
(0.0126546900283 -10.3845908422 0)
(0.0100929747198 -10.3818808948 0)
(0.00805133616264 -10.3797165292 0)
(0.00643149874474 -10.377986888 0)
(0.00515046600903 -10.3766025211 0)
(0.00414800774044 -10.375494143 0)
(0.00342844462763 -10.3746068896 0)
(0.00290305230868 -10.3738673329 0)
(0.0016485768011 -10.3732425203 0)
(0.000515561114903 -10.3730980784 0)
(-2585.21815273 -10.3730254129 0)
(2568.31971638 -15.0042378177 0)
(0.848343491323 -14.7098544551 0)
(1.21562201539 -14.2303039255 0)
(1.39587421517 -13.6910698915 0)
(1.43059137962 -13.1722203825 0)
(1.37134109964 -12.7090999766 0)
(1.26028597244 -12.3109065153 0)
(1.12628195225 -11.9748372929 0)
(0.98720436302 -11.6937567189 0)
(0.853291474743 -11.4597005472 0)
(0.729872036297 -11.2652433492 0)
(0.619265110444 -11.1039112913 0)
(0.522016980574 -10.9702140533 0)
(0.437678359065 -10.8595462486 0)
(0.365281921993 -10.7680589775 0)
(0.303630012283 -10.6925377218 0)
(0.25146376759 -10.6302968833 0)
(0.207558855246 -10.5790917604 0)
(0.170776196336 -10.5370458137 0)
(0.140085432865 -10.5025905632 0)
(0.114572213098 -10.4744157308 0)
(0.0934361788061 -10.4514276907 0)
(0.0759839063796 -10.4327146947 0)
(0.0616194002135 -10.4175176728 0)
(0.0498336982291 -10.4052056565 0)
(0.0401944983202 -10.3952550647 0)
(0.0323363084531 -10.3872322334 0)
(0.025951372302 -10.3807786845 0)
(0.0207814710731 -10.3755987132 0)
(0.0166106150168 -10.3714489498 0)
(0.0132585985502 -10.3681296032 0)
(0.0105754365832 -10.365477152 0)
(0.00843680625754 -10.3633582645 0)
(0.00673978104552 -10.3616646358 0)
(0.00539724082754 -10.3603089259 0)
(0.00434548604857 -10.3592236991 0)
(0.00358914096302 -10.3583564069 0)
(0.0030373780522 -10.3576378486 0)
(0.00172481981386 -10.3570355331 0)
(0.000537724443663 -10.3568816178 0)
(-2583.14514314 -10.3568072826 0)
(2565.33795035 -15.1286921894 0)
(0.929234282776 -14.8024778103 0)
(1.32127786848 -14.279761447 0)
(1.50464745506 -13.7038068946 0)
(1.53072422223 -13.1600176978 0)
(1.4585707496 -12.6822542832 0)
(1.3342370038 -12.2766497497 0)
(1.18816544688 -11.937724662 0)
(1.0386814884 -11.656448108 0)
(0.895998255374 -11.4236327156 0)
(0.765257749082 -11.2311028913 0)
(0.648561026541 -11.0719417964 0)
(0.546252170831 -10.940408217 0)
(0.457708345009 -10.8317634167 0)
(0.381817495527 -10.7420957633 0)
(0.317262340653 -10.6681694896 0)
(0.262685192541 -10.6073012849 0)
(0.216779855743 -10.5572613011 0)
(0.17833920671 -10.5161937891 0)
(0.146276153283 -10.482553065 0)
(0.119628928083 -10.4550513991 0)
(0.0975574832417 -10.432616244 0)
(0.0793351451344 -10.4143548727 0)
(0.0643380573779 -10.3995249705 0)
(0.0520339202251 -10.3875100718 0)
(0.0419708969435 -10.377798982 0)
(0.0337671611964 -10.3699685036 0)
(0.02710131546 -10.3636689248 0)
(0.0217037639424 -10.358611829 0)
(0.017349039904 -10.3545598653 0)
(0.0138490495906 -10.351318184 0)
(0.0110472424601 -10.3487272996 0)
(0.0088138393897 -10.3466571692 0)
(0.00704136646491 -10.3450021807 0)
(0.00563865336019 -10.343677218 0)
(0.00453851155544 -10.3426167682 0)
(0.00374561471751 -10.3417706909 0)
(0.00316722706895 -10.3410744134 0)
(0.00179982296711 -10.3404957954 0)
(0.000561211211455 -10.3403298003 0)
(-2581.07541495 -10.3402520065 0)
(2562.33348238 -15.2661556335 0)
(1.01812963982 -14.902918971 0)
(1.43535619853 -14.3312981678 0)
(1.619822965 -13.7151992673 0)
(1.63490190189 -13.1451048017 0)
(1.54801468925 -12.6524411167 0)
(1.40919189669 -12.2396326227 0)
(1.2503222806 -11.8982008584 0)
(1.0900227523 -11.6170840653 0)
(0.938360518092 -11.3858251988 0)
(0.800210220127 -11.1954887135 0)
(0.677404045286 -11.0387181411 0)
(0.570052656512 -10.9095283253 0)
(0.477340849813 -10.8030542039 0)
(0.39800070742 -10.7153274605 0)
(0.330588907959 -10.6430960068 0)
(0.273645405288 -10.5836827654 0)
(0.225780354421 -10.5348758972 0)
(0.185717843551 -10.4948429817 0)
(0.152313910848 -10.4620631896 0)
(0.1245595773 -10.43527302 0)
(0.101575484087 -10.4134223867 0)
(0.0826021610937 -10.3956387259 0)
(0.0669883604011 -10.3811974258 0)
(0.0541788959232 -10.3694973115 0)
(0.0437028119626 -10.36004023 0)
(0.0351623198903 -10.3524139961 0)
(0.0282227072195 -10.3462781188 0)
(0.022603282973 -10.3413518471 0)
(0.0180693440076 -10.3374041623 0)
(0.0144251116986 -10.3342454152 0)
(0.0115076395573 -10.3317203692 0)
(0.00918183002215 -10.3297024442 0)
(0.00733577128462 -10.3280888632 0)
(0.00587432332739 -10.3267968461 0)
(0.00472679147044 -10.3257628712 0)
(0.00389761192158 -10.32493929 0)
(0.00329235714225 -10.3242665551 0)
(0.00187374243725 -10.3237127354 0)
(0.000586482219609 -10.3235318455 0)
(-2579.00902678 -10.3234485949 0)
(2559.30413542 -15.4181358709 0)
(1.11620577591 -15.0116812226 0)
(1.55882180922 -14.3845927035 0)
(1.74188612828 -13.7247256683 0)
(1.74327585236 -13.1270607879 0)
(1.63966518542 -12.6193913588 0)
(1.48508505545 -12.1997097203 0)
(1.31267515836 -11.8562055795 0)
(1.14115662032 -11.5756589773 0)
(0.980317325718 -11.3463066326 0)
(0.834679160622 -11.1584507785 0)
(0.70575310419 -11.0043036359 0)
(0.593384958283 -10.8776461513 0)
(0.496548517976 -10.7734958603 0)
(0.41380913494 -10.6878349694 0)
(0.343591279669 -10.6174007031 0)
(0.284329214453 -10.5595265921 0)
(0.234547812471 -10.5120222224 0)
(0.192901748233 -10.473081197 0)
(0.158190145624 -10.4412096924 0)
(0.129357088677 -10.415170173 0)
(0.105484342064 -10.3939364278 0)
(0.0857801373034 -10.3766572176 0)
(0.0695663402688 -10.3626265913 0)
(0.0562653593961 -10.3512594584 0)
(0.0453875600237 -10.3420713677 0)
(0.0365195834318 -10.3346616953 0)
(0.0293137452549 -10.3286996284 0)
(0.023478555242 -10.3239124621 0)
(0.0187703262818 -10.3200758261 0)
(0.0149858082143 -10.3170055337 0)
(0.011955836651 -10.3145508133 0)
(0.00954014059127 -10.3125887238 0)
(0.00762248608695 -10.3110194664 0)
(0.00610385174448 -10.3097627102 0)
(0.00491002278805 -10.3087569849 0)
(0.00404487795265 -10.3079572086 0)
(0.00341253798726 -10.3073092562 0)
(0.00194676488964 -10.3067812393 0)
(0.00061403930439 -10.3065824374 0)
(-2576.94601886 -10.3064915359 0)
(2556.24751897 -15.5863892304 0)
(1.22483827329 -15.1292833956 0)
(1.6927473094 -14.4392070774 0)
(1.87132934812 -13.7317716004 0)
(1.85596876379 -13.1054197953 0)
(1.73348490277 -12.5828201318 0)
(1.56182905255 -12.1567334459 0)
(1.3751324292 -11.8116816965 0)
(1.19200254168 -11.5321721232 0)
(1.02180215787 -11.3051108805 0)
(0.868610819463 -11.1200441758 0)
(0.733564970715 -10.9687665351 0)
(0.616214211639 -10.8448382594 0)
(0.515303086193 -10.7431703289 0)
(0.429219738846 -10.6597038335 0)
(0.35625058342 -10.5911716379 0)
(0.294721101428 -10.5349226734 0)
(0.243069433439 -10.4887916182 0)
(0.199880349564 -10.451000944 0)
(0.163896115659 -10.4200860731 0)
(0.134014230208 -10.3948372237 0)
(0.10927807515 -10.3742535045 0)
(0.0888641284087 -10.3575061782 0)
(0.0720679122609 -10.3439089228 0)
(0.0582899406398 -10.3328935325 0)
(0.0470223645652 -10.3239899216 0)
(0.0378366677386 -10.3168095802 0)
(0.0303725538678 -10.3110318338 0)
(0.024328043444 -10.3063924073 0)
(0.0194507296789 -10.3026738985 0)
(0.0155301142618 -10.2996978485 0)
(0.0123910015471 -10.2973181692 0)
(0.00988809939346 -10.2954157376 0)
(0.0079009740073 -10.2938938786 0)
(0.00632681963663 -10.2926748222 0)
(0.00508789178686 -10.2916992031 0)
(0.00418715766055 -10.2909245681 0)
(0.0035275510025 -10.290302615 0)
(0.00201910620201 -10.2898013138 0)
(0.000644422902243 -10.2895813916 0)
(-2574.88641198 -10.2894804657 0)
(2553.1610009 -15.7729700003 0)
(1.3456422065 -15.2562484839 0)
(1.83832416826 -14.4945553554 0)
(2.0086435847 -13.735616234 0)
(1.97306614607 -13.0796695317 0)
(1.82940245531 -12.5424283494 0)
(1.63931274252 -12.1105556779 0)
(1.4375874229 -11.7645763857 0)
(1.24247078352 -11.4866282974 0)
(1.06274291519 -11.2622773007 0)
(0.901948029702 -11.0803291595 0)
(0.760794287462 -10.9321799282 0)
(0.638504199534 -10.8111858031 0)
(0.533575403165 -10.7121639814 0)
(0.44420887314 -10.631023933 0)
(0.368547511696 -10.5645011635 0)
(0.304805218381 -10.5099651996 0)
(0.251332158351 -10.4652797178 0)
(0.206642857254 -10.4286990454 0)
(0.169422889676 -10.3987901745 0)
(0.138523602408 -10.3743729131 0)
(0.112950551156 -10.3544731616 0)
(0.0918490536275 -10.3382858785 0)
(0.074488869418 -10.3251453476 0)
(0.0602491596341 -10.3145010531 0)
(0.0486043504838 -10.3058979431 0)
(0.0391112010073 -10.298960177 0)
(0.031397179831 -10.2933776825 0)
(0.0251501422873 -10.2888950014 0)
(0.0201092380484 -10.2853020221 0)
(0.0160569540929 -10.282426282 0)
(0.0128122588313 -10.2801265989 0)
(0.0102249986936 -10.2782878496 0)
(0.00817066916772 -10.2768166301 0)
(0.00654278684752 -10.2756378431 0)
(0.00526007360868 -10.2746942734 0)
(0.00432419557283 -10.2739461422 0)
(0.00363718883383 -10.2733513806 0)
(0.00209100957063 -10.2728776241 0)
(0.000678208940209 -10.2726331966 0)
(-2572.83020649 -10.2725197104 0)
(2550.04167527 -15.9802915113 0)
(1.48052120228 -15.3930865727 0)
(1.99687375937 -14.5498645047 0)
(2.15430651287 -13.7354184671 0)
(2.0946063407 -13.0492508659 0)
(1.92730767351 -12.4979049643 0)
(1.71739944528 -12.0610297322 0)
(1.49991790531 -11.7148423457 0)
(1.29246235868 -11.4390384179 0)
(1.10306198544 -11.2178509536 0)
(0.93463029396 -11.0393711072 0)
(0.787393642006 -10.8946215451 0)
(0.660217401004 -10.7767742309 0)
(0.551335460216 -10.6805672591 0)
(0.45875230243 -10.6018890793 0)
(0.380462330096 -10.5374854865 0)
(0.314565390572 -10.484752178 0)
(0.259322664269 -10.4415859602 0)
(0.213178258215 -10.4062761353 0)
(0.174761342114 -10.3774236652 0)
(0.142877632789 -10.3538798283 0)
(0.116495482069 -10.3346988131 0)
(0.0947296912166 -10.3191004813 0)
(0.0768248773417 -10.306440707 0)
(0.0621394215335 -10.2961874753 0)
(0.0501305397877 -10.2879014386 0)
(0.0403407198516 -10.2812199851 0)
(0.0323855889838 -10.2758441111 0)
(0.0259431755245 -10.2715275654 0)
(0.0207444735682 -10.2680678535 0)
(0.0165651989037 -10.2652987812 0)
(0.0132186880167 -10.2630842979 0)
(0.0105500931595 -10.2613134645 0)
(0.0084309753202 -10.2598962979 0)
(0.00675129097742 -10.2587604863 0)
(0.00542623196852 -10.2578509997 0)
(0.00445573622182 -10.2571307593 0)
(0.00374125461537 -10.2565643542 0)
(0.0021627430005 -10.2561188997 0)
(0.000716005653895 -10.2558464213 0)
(-2570.7773814 -10.2557176928 0)
(2546.88632528 -16.211202076 0)
(1.63172760783 -15.540269833 0)
(2.16985778938 -14.6041255859 0)
(2.30876631245 -13.7302026888 0)
(2.22056884664 -13.0135589242 0)
(2.02704668205 -12.4489300298 0)
(1.79592526622 -12.0080126426 0)
(1.56198568576 -11.6624390941 0)
(1.34186906194 -11.3894201075 0)
(1.14267637733 -11.1718827421 0)
(0.966593911401 -10.9972403961 0)
(0.813313662728 -10.8561734697 0)
(0.681315056735 -10.7416928973 0)
(0.568552433491 -10.648474213 0)
(0.472825227659 -10.572396506 0)
(0.391974891945 -10.5102241207 0)
(0.323985123647 -10.459384857 0)
(0.267027366901 -10.4178129906 0)
(0.219475316258 -10.3838360388 0)
(0.179902151077 -10.3560914028 0)
(0.14706857282 -10.3334637508 0)
(0.119906420553 -10.3150370773 0)
(0.0975006748421 -10.3000573659 0)
(0.0790714706222 -10.2879030723 0)
(0.0639570133157 -10.2780614962 0)
(0.0515978485181 -10.2701096691 0)
(0.0415226665184 -10.2636987692 0)
(0.0333356637696 -10.2585413312 0)
(0.0267053937953 -10.2544007046 0)
(0.0213549948869 -10.2510823415 0)
(0.0170536652223 -10.248426592 0)
(0.0136093221695 -10.246302766 0)
(0.0108625986878 -10.2446042964 0)
(0.00868126480173 -10.2432447732 0)
(0.00695184648504 -10.2421547839 0)
(0.00558601902668 -10.2412815081 0)
(0.0045815246685 -10.2405905664 0)
(0.00383956073734 -10.2400536527 0)
(0.00223459614722 -10.2396372047 0)
(0.00075845032323 -10.2393329851 0)
(-2568.72789366 -10.2391861978 0)
(2543.69138089 -16.4690798242 0)
(1.80193650031 -15.6981964962 0)
(2.3588871882 -14.6560329439 0)
(2.4724198452 -13.7188450152 0)
(2.35086087251 -12.9719462235 0)
(2.12841692985 -12.3951786841 0)
(1.87469763242 -11.9513677691 0)
(1.62363641233 -11.6073343323 0)
(1.39057362907 -11.3377982376 0)
(1.18149792772 -11.1244294771 0)
(0.997772148446 -10.9540121902 0)
(0.838503141768 -10.8169217594 0)
(0.701757252339 -10.7060345742 0)
(0.585194738467 -10.6159819429 0)
(0.486402320884 -10.5426462546 0)
(0.403064659896 -10.4828192323 0)
(0.333047616596 -10.4339670382 0)
(0.27443242792 -10.3940659455 0)
(0.225522575777 -10.3614850347 0)
(0.184835799714 -10.3349006768 0)
(0.151088497889 -10.3132328822 0)
(0.123176759055 -10.2955969872 0)
(0.100156492225 -10.2812663251 0)
(0.0812240512816 -10.2696429291 0)
(0.0656981021657 -10.2602342304 0)
(0.0530030851775 -10.2526343161 0)
(0.0426543874339 -10.2465087183 0)
(0.0342452019082 -10.2415819823 0)
(0.0274349734562 -10.237627455 0)
(0.0219392960855 -10.2344588685 0)
(0.0175211140189 -10.2319233963 0)
(0.0139831471331 -10.2298959415 0)
(0.0111616917148 -10.2282744999 0)
(0.00892087782829 -10.2269763895 0)
(0.00714394398593 -10.2259352129 0)
(0.00573907546765 -10.225100373 0)
(0.00470130730697 -10.2244401539 0)
(0.00393192695888 -10.223933831 0)
(0.00230687652817 -10.2235470693 0)
(0.000806207019134 -10.2232072866 0)
(-2566.68167756 -10.223039489 0)
(2540.45287002 -16.7579516694 0)
(1.9943369839 -15.8671395692 0)
(2.56572808558 -14.7039085255 0)
(2.64558365653 -13.7000612055 0)
(2.48530211286 -12.923728486 0)
(2.23116237292 -12.3363261476 0)
(1.95349413659 -11.89096773 0)
(1.68469959206 -11.5495053628 0)
(1.43845003297 -11.2842054226 0)
(1.2194335868 -11.0755538611 0)
(1.02809545495 -10.9097661366 0)
(0.862909185925 -10.7769559691 0)
(0.721503020028 -10.6698948655 0)
(0.601230097421 -10.5831899353 0)
(0.499457769778 -10.512740456 0)
(0.413710735229 -10.4553748776 0)
(0.341735781009 -10.4086042783 0)
(0.281523767602 -10.3704516243 0)
(0.231308369997 -10.3393310011 0)
(0.18955258157 -10.3139603314 0)
(0.154929310728 -10.2932969475 0)
(0.12629973197 -10.2764890769 0)
(0.102691486469 -10.2628386365 0)
(0.0832778895568 -10.2517722358 0)
(0.0673587359112 -10.2428182562 0)
(0.0543429509546 -10.2355885177 0)
(0.0437331332883 -10.2297634721 0)
(0.0351119164184 -10.2250801504 0)
(0.0281300165442 -10.2213222959 0)
(0.0224958066252 -10.2183122573 0)
(0.017966250628 -10.2159043143 0)
(0.0143391014445 -10.2139791993 0)
(0.0114465090955 -10.2124396648 0)
(0.00914912222024 -10.2112069147 0)
(0.00732704977373 -10.2102176859 0)
(0.00588503081053 -10.2094236067 0)
(0.00481483307075 -10.2087955434 0)
(0.00401817766756 -10.2083208672 0)
(0.00237990503798 -10.2079644879 0)
(0.000859966383722 -10.2075851965 0)
(-2564.63864431 -10.2073932832 0)
(2537.16636264 -17.0826432186 0)
(2.2127451291 -16.0471744559 0)
(2.79230286095 -14.7456078065 0)
(2.82845585309 -13.6723980888 0)
(2.6236078841 -12.8681938871 0)
(2.33496908106 -12.2720537866 0)
(2.03206178939 -11.8266976376 0)
(1.7449888738 -11.4889405389 0)
(1.48536392941 -11.2286824513 0)
(1.25638578493 -11.0253243859 0)
(1.05749172685 -10.8645859698 0)
(0.886477395991 -10.7363685827 0)
(0.740510459083 -10.6333715265 0)
(0.616625620358 -10.5501993061 0)
(0.511965332437 -10.4827825147 0)
(0.423891895438 -10.4279961401 0)
(0.35003226725 -10.3834029877 0)
(0.288287083364 -10.3470775547 0)
(0.236820834366 -10.3174824519 0)
(0.194042610425 -10.2933797769 0)
(0.158582748786 -10.2737661844 0)
(0.129268421258 -10.2578243507 0)
(0.105099860429 -10.2448860146 0)
(0.0852281273528 -10.2344033607 0)
(0.0689348457988 -10.225926539 0)
(0.0556140419827 -10.2190857809 0)
(0.0447560608969 -10.2135770244 0)
(0.0359334371494 -10.2091502622 0)
(0.0287885520615 -10.2056000364 0)
(0.0230228924097 -10.2027576513 0)
(0.0183877256333 -10.200484779 0)
(0.0146760770304 -10.1986682206 0)
(0.0117161486326 -10.1972156823 0)
(0.00936527361343 -10.1960524144 0)
(0.00750060557921 -10.1951184123 0)
(0.00602350397324 -10.1943675203 0)
(0.00492185521015 -10.1937730459 0)
(0.00409813805732 -10.1933310164 0)
(0.00245401065752 -10.1930057892 0)
(0.000920447953943 -10.192582921 0)
(-2562.59868187 -10.1923635832 0)
(2533.82690648 -17.4489685194 0)
(2.46174406631 -16.2380774648 0)
(3.040683359 -14.7784030439 0)
(3.02106644041 -13.6342312113 0)
(2.76537097329 -12.8046165782 0)
(2.43946162282 -12.2020562337 0)
(2.11011678614 -11.7584586026 0)
(1.80430262933 -11.4256407218 0)
(1.53117326356 -11.1712786426 0)
(1.29225288311 -10.9738151416 0)
(1.0858866156 -10.8185590279 0)
(0.909152074576 -10.6952543571 0)
(0.758736875345 -10.5965636977 0)
(0.631347899779 -10.5171119543 0)
(0.52389840297 -10.4528762023 0)
(0.433586640635 -10.4007881755 0)
(0.357919498101 -10.3584694335 0)
(0.294707874757 -10.3240509603 0)
(0.242047925556 -10.2960474736 0)
(0.198295835079 -10.2732678994 0)
(0.16204039596 -10.2547502282 0)
(0.132075765927 -10.239713148 0)
(0.107375684478 -10.227519456 0)
(0.087069784679 -10.2176479103 0)
(0.0704222518762 -10.2096712461 0)
(0.0568128538667 -10.2032387833 0)
(0.0457202370282 -10.1980625126 0)
(0.0367073140236 -10.1939058659 0)
(0.0294085387126 -10.1905745877 0)
(0.0235188580965 -10.18790928 0)
(0.0187841367763 -10.185779296 0)
(0.0149929207893 -10.184077748 0)
(0.0119696703391 -10.1827174955 0)
(0.00956857622254 -10.1816279987 0)
(0.00766402858466 -10.1807526425 0)
(0.00615410408717 -10.1800474683 0)
(0.0050221338586 -10.1794880047 0)
(0.00417162900372 -10.179079546 0)
(0.0025295241085 -10.1787863929 0)
(0.000988407595195 -10.1783157493 0)
(-2560.56165501 -10.1780653795 0)
(2530.42895344 -17.8639712991 0)
(2.7468582242 -16.439184168 0)
(3.31307211165 -14.7988386705 0)
(3.22321314624 -13.5837726505 0)
(2.91004287962 -12.7322753839 0)
(2.54420067616 -12.1260494588 0)
(2.18734489177 -11.6861714508 0)
(1.8624248658 -11.3596207155 0)
(1.57572904544 -11.1120521134 0)
(1.32692970788 -10.9211055356 0)
(1.11320388376 -10.7717756856 0)
(0.930876462015 -10.6537095876 0)
(0.776138939633 -10.5595710613 0)
(0.645363119437 -10.484029641 0)
(0.535230088192 -10.4231246749 0)
(0.442773249202 -10.3738551779 0)
(0.365379710303 -10.3339086634 0)
(0.300771475349 -10.3014776467 0)
(0.246977446535 -10.2751325781 0)
(0.2023020595 -10.2537318842 0)
(0.165293699076 -10.2363569102 0)
(0.134714575695 -10.222263917 0)
(0.109512907958 -10.2108479943 0)
(0.0887977693325 -10.2016154665 0)
(0.0718166712144 -10.1941624676 0)
(0.0579357886938 -10.1881580801 0)
(0.0466226443768 -10.1833309135 0)
(0.0374310221238 -10.1794583161 0)
(0.0299878692289 -10.1763576398 0)
(0.0239819507506 -10.1738791278 0)
(0.0191540320362 -10.1719001056 0)
(0.0152884371323 -10.1703202421 0)
(0.0122060984917 -10.1690577519 0)
(0.00975824422074 -10.168046471 0)
(0.00781671165637 -10.167233314 0)
(0.00627643152274 -10.1665764949 0)
(0.00511543967328 -10.1660534392 0)
(0.00423846041251 -10.1656793696 0)
(0.0026067699924 -10.16541947 0)
(0.00106465063831 -10.1648967069 0)
(-2558.52740564 -10.1646112357 0)
(2526.96627539 -18.3362330136 0)
(3.07477059203 -16.649192419 0)
(3.6117656625 -14.8025526232 0)
(3.43437909773 -13.5190946638 0)
(3.05691561163 -12.6504785401 0)
(2.64868240944 -12.0437795497 0)
(2.2634025348 -11.6097805786 0)
(1.9191264968 -11.2909106457 0)
(1.61887629954 -11.0510699437 0)
(1.36030816868 -10.8672799251 0)
(1.13936580519 -10.7243287133 0)
(0.951592999419 -10.611831308 0)
(0.792672864663 -10.5224929365 0)
(0.658637177061 -10.4510530076 0)
(0.545933295591 -10.3936294302 0)
(0.451429842941 -10.347299286 0)
(0.372395004348 -10.309823367 0)
(0.306463091825 -10.2794608243 0)
(0.251597078049 -10.254841491 0)
(0.206050968642 -10.2348759735 0)
(0.168333989393 -10.2186909878 0)
(0.137177549111 -10.2055819222 0)
(0.111505374576 -10.1949773847 0)
(0.0904068900333 -10.1864122525 0)
(0.0731137291618 -10.1795068655 0)
(0.0589791646725 -10.1739507398 0)
(0.0474601898228 -10.1694896663 0)
(0.0381019687601 -10.1659153863 0)
(0.030524376389 -10.1630572639 0)
(0.0244103649454 -10.1607755284 0)
(0.0194959139087 -10.1589557709 0)
(0.0155613915305 -10.1575044638 0)
(0.0124244245502 -10.1563453809 0)
(0.00993346379467 -10.1554169014 0)
(0.00795802380694 -10.1546696223 0)
(0.00639007905211 -10.1540639056 0)
(0.00520155892586 -10.153578615 0)
(0.00429842285091 -10.1532396015 0)
(0.00268605664605 -10.15301453 0)
(0.00115005444274 -10.1524351392 0)
(-2556.49575342 -10.152109774 0)
(2523.43186836 -18.8762679138 0)
(3.45359430226 -16.8658891013 0)
(3.9390916627 -14.7840562502 0)
(3.65362796287 -13.4381772279 0)
(3.20510590242 -12.5585951625 0)
(2.75234026845 -11.9550317698 0)
(2.33791867259 -11.5292578618 0)
(1.97416699279 -11.2195572443 0)
(1.66045518955 -10.9884082277 0)
(1.39227795396 -10.8124271684 0)
(1.16429360719 -10.6763125749 0)
(0.971243617372 -10.5697164399 0)
(0.808294599716 -10.485427331 0)
(0.671135820699 -10.4182805539 0)
(0.555980832507 -10.3644892259 0)
(0.459534461834 -10.3212194507 0)
(0.378947402648 -10.2863126992 0)
(0.311767850548 -10.2580998918 0)
(0.255894416693 -10.2352739005 0)
(0.209532160151 -10.2168001837 0)
(0.171152509345 -10.2018528335 0)
(0.139457296315 -10.1897679077 0)
(0.113346841889 -10.1800087465 0)
(0.0918918731704 -10.1721397558 0)
(0.074308973747 -10.1658062806 0)
(0.0599392285313 -10.1607189351 0)
(0.0482297150882 -10.1566412504 0)
(0.038717502592 -10.1533798352 0)
(0.0310158407964 -10.15077647 0)
(0.0248022493667 -10.1487017149 0)
(0.0198082449591 -10.1470497201 0)
(0.0158105151354 -10.1457340111 0)
(0.0126236109779 -10.1446841254 0)
(0.0100933959305 -10.1438431539 0)
(0.00808731080645 -10.1431655443 0)
(0.00649463298409 -10.1426137934 0)
(0.00528030050616 -10.1421675696 0)
(0.00435127741132 -10.1418640609 0)
(0.00276766244487 -10.1416759641 0)
(0.00124560182956 -10.1410352609 0)
(-2554.46649666 -10.1406640883 0)
(2519.81784399 -19.4970318682 0)
(3.89321292475 -17.0857717548 0)
(4.29730803718 -14.7364642238 0)
(3.87947131527 -13.3389908257 0)
(3.35354470325 -12.4560937105 0)
(2.85454986958 -11.8596392132 0)
(2.4104974399 -11.4446065276 0)
(2.02729642362 -11.1456249992 0)
(1.70030231471 -10.9241519969 0)
(1.42272729925 -10.7566401013 0)
(1.18790795089 -10.6278226787 0)
(0.989770048184 -10.5274609114 0)
(0.822960041864 -10.4484699706 0)
(0.682824798093 -10.385807599 0)
(0.565345516238 -10.3357989833 0)
(0.467065148279 -10.2957102889 0)
(0.385018916122 -10.26347109 0)
(0.316670851569 -10.2374892075 0)
(0.25985701967 -10.2165241929 0)
(0.212735182033 -10.1995990103 0)
(0.173740444589 -10.1859371126 0)
(0.141546366508 -10.1749167505 0)
(0.115031004957 -10.1660371937 0)
(0.093247383213 -10.1588933393 0)
(0.075397893306 -10.1531563257 0)
(0.0608121707149 -10.1485585216 0)
(0.0489280098026 -10.1448817516 0)
(0.0392749248414 -10.141947962 0)
(0.0314600004605 -10.1396117516 0)
(0.0251557149388 -10.1377543552 0)
(0.0200894546694 -10.136278776 0)
(0.0160345104731 -10.1351058422 0)
(0.0128025959848 -10.1341710608 0)
(0.0102371800017 -10.133422401 0)
(0.00820389590963 -10.1328183494 0)
(0.00658967400409 -10.132323552 0)
(0.00535150541556 -10.1319176275 0)
(0.00439674393504 -10.1316497574 0)
(0.00285181665035 -10.1315015742 0)
(0.00135242960867 -10.1307947099 0)
(-2552.43941355 -10.1303701029 0)
(2516.11530763 -20.2145804344 0)
(4.40570783115 -17.3035252697 0)
(4.68844784851 -14.6511646837 0)
(4.10970206553 -13.2196303782 0)
(3.50097622492 -12.3425868746 0)
(2.95463770503 -11.7574900708 0)
(2.48072151539 -11.3558649236 0)
(2.07825789893 -11.0691971256 0)
(1.73825216912 -10.8583950015 0)
(1.4515438176 -10.7000149513 0)
(1.21012944518 -10.5789546003 0)
(1.00711415899 -10.4851587649 0)
(0.836625262183 -10.4117133291 0)
(0.693670018158 -10.3537252495 0)
(0.574000294527 -10.307648703 0)
(0.474000040486 -10.2708609528 0)
(0.390591618931 -10.2413870724 0)
(0.321157229984 -10.2177168788 0)
(0.263472456129 -10.198680209 0)
(0.215649576197 -10.1833601533 0)
(0.176088961309 -10.1710314809 0)
(0.143437280097 -10.1611161335 0)
(0.116551524136 -10.1531504868 0)
(0.0944680467672 -10.1467608741 0)
(0.0763759372904 -10.1416450022 0)
(0.0615941433654 -10.1375576399 0)
(0.0495518270049 -10.1342994509 0)
(0.0397715025797 -10.1317081842 0)
(0.0318545621505 -10.129651655 0)
(0.0254688444831 -10.1280221142 0)
(0.0203379475631 -10.1267317106 0)
(0.0162320581958 -10.1257088247 0)
(0.0129602992064 -10.1248951386 0)
(0.0103639382018 -10.1242436632 0)
(0.0083070806069 -10.1237171341 0)
(0.00667477735616 -10.1232824161 0)
(0.00541505942871 -10.1229179454 0)
(0.00443448806896 -10.1226853946 0)
(0.00293867194467 -10.1225811238 0)
(0.00147189609861 -10.1218031551 0)
(-2550.4142637 -10.1213149103 0)
(2512.31422285 -21.0489234416 0)
(5.00589607488 -17.5112986597 0)
(5.11408701547 -14.5174188033 0)
(4.34118687709 -13.0785224439 0)
(3.64597276473 -12.2178808435 0)
(3.05189425977 -11.6485321522 0)
(2.54815602896 -11.2631101698 0)
(2.12679040805 -10.9903763102 0)
(1.77413874955 -10.7912393376 0)
(1.4786153795 -10.6426507025 0)
(1.23087918819 -10.5298032954 0)
(1.02321830241 -10.4429012789 0)
(0.849246744944 -10.375245686 0)
(0.70363772332 -10.3221194033 0)
(0.581918375567 -10.2801224214 0)
(0.480317474407 -10.2467540439 0)
(0.39564773092 -10.2201421573 0)
(0.325212224234 -10.1988636033 0)
(0.266728364766 -10.1818220533 0)
(0.218264927653 -10.1681632978 0)
(0.17818924856 -10.1572153397 0)
(0.14512256533 -10.148445278 0)
(0.117902056836 -10.1414277448 0)
(0.095548480131 -10.1358214338 0)
(0.0772385401544 -10.1313513782 0)
(0.0622812809723 -10.1277953798 0)
(0.0500979009372 -10.1249734775 0)
(0.0402044840374 -10.1227396798 0)
(0.0321972144681 -10.1209754117 0)
(0.0257397038219 -10.119584278 0)
(0.0205521125682 -10.1184878629 0)
(0.0164018248647 -10.1176223482 0)
(0.0130956282769 -10.1169357956 0)
(0.0104727809091 -10.116386413 0)
(0.00839614533517 -10.1159414214 0)
(0.00674951173958 -10.1155700658 0)
(0.00547090970227 -10.1152481275 0)
(0.00446410825235 -10.1150499322 0)
(0.00302826454842 -10.114994945 0)
(0.00160567230315 -10.114141011 0)
(-2548.39078994 -10.1135751117 0)
(2508.40326321 -22.0251392033 0)
(5.71200875881 -17.6977059014 0)
(5.57500309167 -14.3218783899 0)
(4.56960965751 -12.9147363188 0)
(3.78697428327 -12.0820244319 0)
(3.14559183976 -11.5327729226 0)
(2.61235268378 -11.1664617887 0)
(2.17263206539 -10.9092851752 0)
(1.80779729068 -10.7227949022 0)
(1.50383102604 -10.5846484269 0)
(1.25007932989 -10.4804623242 0)
(1.03802568085 -10.4007761253 0)
(0.860781637311 -10.3391502357 0)
(0.71269467108 -10.2910698166 0)
(0.589073366389 -10.253297238 0)
(0.485996093305 -10.2234646037 0)
(0.400169707069 -10.1998097909 0)
(0.328821250797 -10.1810015936 0)
(0.269612517216 -10.1660209902 0)
(0.220570918902 -10.1540789851 0)
(0.180032565276 -10.1445586841 0)
(0.146594799074 -10.1369737711 0)
(0.119076292976 -10.1309382544 0)
(0.096483320096 -10.1261440871 0)
(0.077981148078 -10.1223443671 0)
(0.0628697235129 -10.1193405469 0)
(0.0505629670152 -10.1169725632 0)
(0.0405711157332 -10.1151111333 0)
(0.0324856425042 -10.1136516772 0)
(0.0259663542405 -10.1125094862 0)
(0.0207303335212 -10.1116158656 0)
(0.0165424716635 -10.1109150457 0)
(0.013207486249 -10.1103616705 0)
(0.010562813044 -10.1099192884 0)
(0.00847035004802 -10.1095598673 0)
(0.00681343613857 -10.1092553419 0)
(0.00551908615637 -10.108976959 0)
(0.00448512456225 -10.1088112483 0)
(0.00312045618432 -10.1088126363 0)
(0.00175586275093 -10.1078783213 0)
(-2546.36872047 -10.1072151844 0)
(2504.36965383 -23.1748328967 0)
(6.54654823756 -17.8464456418 0)
(6.070680932 -14.0480104527 0)
(4.78915766869 -12.7284412654 0)
(3.92236544396 -11.9353495655 0)
(3.23500678843 -11.410272959 0)
(2.67285357844 -11.0660855976 0)
(2.21552378535 -10.8260663875 0)
(1.83906609922 -10.6531786592 0)
(1.52708189509 -10.5261106012 0)
(1.26765364851 -10.4310231056 0)
(1.05148072012 -10.3588665846 0)
(0.871188006681 -10.3035042739 0)
(0.720808322862 -10.2606492596 0)
(0.595439418143 -10.2272424403 0)
(0.49101496381 -10.2010592093 0)
(0.40414033294 -10.1804544224 0)
(0.331969984388 -10.1641936205 0)
(0.272112886455 -10.1513384637 0)
(0.222557388876 -10.1411676104 0)
(0.181610291363 -10.1331210806 0)
(0.147846651253 -10.1267605264 0)
(0.120067993648 -10.1217404149 0)
(0.0972672575909 -10.1177868293 0)
(0.0785992481939 -10.1146816473 0)
(0.0633556417531 -10.1122505707 0)
(0.0509437836572 -10.1103539434 0)
(0.0408686612496 -10.1088796275 0)
(0.0327175438861 -10.1077374156 0)
(0.026146866128 -10.1068546105 0)
(0.02087100067 -10.106172519 0)
(0.0166526639014 -10.1056436632 0)
(0.0132947797335 -10.1052294716 0)
(0.0106331415369 -10.1048989565 0)
(0.00852893464035 -10.1046291169 0)
(0.00686609339915 -10.1043951106 0)
(0.00555972841392 -10.1041613024 0)
(0.00449697279644 -10.1040249469 0)
(0.0032148499523 -10.1040918796 0)
(0.00192516267749 -10.1030738801 0)
(-2544.34777124 -10.102285895 0)
(2500.1990075 -24.5380526625 0)
(7.53737324762 -17.9343940412 0)
(6.59860396696 -13.6754196251 0)
(4.99214183495 -12.5215678541 0)
(4.05060794456 -11.7784883386 0)
(3.31944463333 -11.2811305319 0)
(2.72919399808 -10.9621984412 0)
(2.25521345306 -10.7408823091 0)
(1.86778844792 -10.5825136927 0)
(1.54826213677 -10.4671404276 0)
(1.28352813323 -10.3815742169 0)
(1.06352944719 -10.3172508389 0)
(0.880425102313 -10.2683784829 0)
(0.72794703779 -10.230922785 0)
(0.600991376434 -10.2020187539 0)
(0.495353696897 -10.1795952032 0)
(0.407542824837 -10.1621307132 0)
(0.334644442537 -10.1484922028 0)
(0.274217719243 -10.1378252697 0)
(0.224214395527 -10.1294785787 0)
(0.182913982074 -10.1229508095 0)
(0.148870932197 -10.1178529125 0)
(0.120871032397 -10.1138808558 0)
(0.0978950736224 -10.1107956895 0)
(0.0790883997994 -10.1084087601 0)
(0.0637352643 -10.1065705959 0)
(0.0512371556372 -10.1051624399 0)
(0.0410944212914 -10.1040897221 0)
(0.0328906459155 -10.1032769732 0)
(0.0262793335644 -10.1026638243 0)
(0.0209725229708 -10.1022018563 0)
(0.0167310811389 -10.1018521232 0)
(0.0133564275965 -10.1015830376 0)
(0.0106828839897 -10.1013691721 0)
(0.00857111922128 -10.1011928518 0)
(0.0069069990334 -10.1010333234 0)
(0.00559311890747 -10.1008452029 0)
(0.00449900911614 -10.100733354 0)
(0.00331066954676 -10.1008773992 0)
(0.00211705967782 -10.0997746643 0)
(-2542.32764852 -10.0988227702 0)
(2495.87516448 -26.1658163523 0)
(8.71907484504 -17.9289706488 0)
(7.15324616944 -13.1790673254 0)
(5.16854392599 -12.2987553498 0)
(4.1704529084 -11.6123449304 0)
(3.39826476792 -11.1454583965 0)
(2.78090322301 -10.8550784089 0)
(2.29146073505 -10.6539181043 0)
(1.8938144755 -10.5109325731 0)
(1.56726979024 -10.4078461905 0)
(1.29763156626 -10.3322062063 0)
(1.07411986692 -10.2760072352 0)
(0.888453617469 -10.2338426151 0)
(0.734080268662 -10.2019537934 0)
(0.605704934505 -10.1776847575 0)
(0.498992571942 -10.1591274315 0)
(0.410360933014 -10.1448905732 0)
(0.336831073107 -10.1339469148 0)
(0.27591561127 -10.1255291105 0)
(0.225532280898 -10.1190580844 0)
(0.183935424604 -10.1140928454 0)
(0.149660641994 -10.110294915 0)
(0.121479438242 -10.1074027589 0)
(0.0983616767406 -10.1052131957 0)
(0.0794442669248 -10.1035677 0)
(0.0640049057976 -10.1023421819 0)
(0.0514399584152 -10.1014392565 0)
(0.0412457545867 -10.1007823305 0)
(0.0330027234381 -10.1003110267 0)
(0.0263618894968 -10.0999776117 0)
(0.0210333409028 -10.0997442051 0)
(0.0167764276587 -10.0995806277 0)
(0.0133913699482 -10.0994624789 0)
(0.0107111786975 -10.0993699505 0)
(0.00859610437543 -10.099290971 0)
(0.00693562317878 -10.0992102124 0)
(0.00561972230146 -10.0990692574 0)
(0.00449053352229 -10.0989749536 0)
(0.00340658789521 -10.0992089899 0)
(0.00233608848602 -10.0980233522 0)
(-2540.30805175 -10.096869967 0)
)
;

boundaryField
{
    inout
    {
        type            empty;
    }
    top
    {
        type            calculated;
        value           nonuniform List<vector> 
41
(
(2495.87516448 -27.0529868909 0)
(8.71907484504 -17.8981569308 0)
(7.15324616944 -12.8965048113 0)
(5.16854392599 -12.1841483576 0)
(4.1704529084 -11.5270809317 0)
(3.39826476792 -11.0760040894 0)
(2.78090322301 -10.8007492345 0)
(2.29146073505 -10.6100157543 0)
(1.8938144755 -10.4749303828 0)
(1.56726979024 -10.3781322025 0)
(1.29763156626 -10.3075541839 0)
(1.07411986692 -10.2554886222 0)
(0.888453617469 -10.2167311988 0)
(0.734080268662 -10.1876668901 0)
(0.605704934505 -10.1657477923 0)
(0.498992571942 -10.1491497471 0)
(0.410360933014 -10.1365481743 0)
(0.336831073107 -10.1269697954 0)
(0.27591561127 -10.1196915544 0)
(0.225532280898 -10.114171055 0)
(0.183935424604 -10.1099978781 0)
(0.149660641994 -10.1068591414 0)
(0.121479438242 -10.104514803 0)
(0.0983616767406 -10.1027797612 0)
(0.0794442669248 -10.1015107163 0)
(0.0640049057976 -10.1005964049 0)
(0.0514399584152 -10.0999502444 0)
(0.0412457545867 -10.0995047298 0)
(0.0330027234381 -10.0992071176 0)
(0.0263618894968 -10.0990160676 0)
(0.0210333409028 -10.0988990338 0)
(0.0167764276587 -10.0988302789 0)
(0.0133913699482 -10.0987890467 0)
(0.0107111786975 -10.0987583479 0)
(0.00859610437543 -10.098728978 0)
(0.00693562317878 -10.0986887234 0)
(0.00561972230146 -10.0985717922 0)
(0.00449053352229 -10.0984842398 0)
(0.00340658789521 -10.0987665012 0)
(0.00233608848602 -10.0975402203 0)
(-2540.30805175 -10.0962787435 0)
)
;
    }
    bottom
    {
        type            calculated;
        value           nonuniform List<vector> 
41
(
(2622.59801043 -14.0728185462 0)
(0.0151219280231 -13.9669730009 0)
(0.0229313958377 -13.7703799857 0)
(0.0281022737187 -13.5083450842 0)
(0.0306574501195 -13.2083345113 0)
(0.0310196278019 -12.8951960818 0)
(0.0297971297329 -12.5879419553 0)
(0.0275779428021 -12.2992534871 0)
(0.02483760018 -12.0363830993 0)
(0.0219189570446 -11.8025014835 0)
(0.0190466909418 -11.5980039584 0)
(0.0163541906377 -11.4215676647 0)
(0.0139104723586 -11.2709201456 0)
(0.0117421475301 -11.1433582175 0)
(0.00984958000561 -11.036077195 0)
(0.00821801864315 -10.9463666174 0)
(0.00682490861382 -10.8717168221 0)
(0.00564449916172 -10.8098684451 0)
(0.00465062505565 -10.7588268389 0)
(0.00381829459302 -10.716855944 0)
(0.00312451878691 -10.6824609471 0)
(0.00254867080188 -10.6543655683 0)
(0.00207256368033 -10.631487531 0)
(0.00168036639393 -10.6129142947 0)
(0.00135843361292 -10.5978802031 0)
(0.00109509561409 -10.5857456224 0)
(0.000880436173191 -10.5759782909 0)
(0.00070607456664 -10.5681368989 0)
(0.000564960432622 -10.5618567995 0)
(0.000451185869685 -10.5568376903 0)
(0.000359816988002 -10.5528330821 0)
(0.000286746773342 -10.5496413505 0)
(0.000228569847032 -10.5470981467 0)
(0.000182475299955 -10.5450699536 0)
(0.000146191377392 -10.5434486407 0)
(0.000118137017675 -10.542146126 0)
(9.72414883286e-05 -10.5410859003 0)
(7.87593583702e-05 -10.5402012963 0)
(4.86041150019e-05 -10.5395107132 0)
(2.27429110244e-05 -10.539229214 0)
(-2622.94608579 -10.5390558549 0)
)
;
    }
    frontback
    {
        type            empty;
    }
}


// ************************************************************************* //
