/*--------------------------------*- C++ -*----------------------------------*\
| =========                 |                                                 |
| \\      /  F ield         | OpenFOAM: The Open Source CFD Toolbox           |
|  \\    /   O peration     | Version:  2112                                  |
|   \\  /    A nd           | Website:  www.openfoam.com                      |
|    \\/     M anipulation  |                                                 |
\*---------------------------------------------------------------------------*/
FoamFile
{
    version     2.0;
    format      ascii;
    arch        "LSB;label=32;scalar=64";
    class       volScalarField;
    location    "5";
    object      T;
}
// * * * * * * * * * * * * * * * * * * * * * * * * * * * * * * * * * * * * * //

dimensions      [0 0 0 1 0 0 0];

internalField   nonuniform List<scalar> 
12013
(
300.003
300.009
300.016
300.022
300.029
300.036
300.044
300.052
300.06
300.069
300.078
300.087
300.097
300.107
300.117
300.128
300.14
300.151
300.164
300.176
300.19
300.203
300.218
300.232
300.248
300.263
300.28
300.297
300.314
300.332
300.351
300.37
300.39
300.411
300.432
300.454
300.477
300.5
300.524
300.549
300.574
300.6
300.627
300.655
300.683
300.712
300.742
300.773
300.805
300.838
300.872
300.906
300.942
300.978
301.016
301.054
301.094
301.135
301.177
301.22
301.264
301.31
301.357
301.405
301.455
301.507
301.56
301.615
301.672
301.731
301.793
301.856
301.923
301.993
302.066
302.143
302.225
302.313
302.409
302.515
302.638
300.003
300.009
300.016
300.022
300.029
300.036
300.044
300.052
300.06
300.069
300.078
300.087
300.097
300.107
300.117
300.128
300.14
300.151
300.164
300.176
300.19
300.203
300.218
300.232
300.248
300.263
300.28
300.297
300.314
300.332
300.351
300.37
300.39
300.411
300.432
300.454
300.477
300.5
300.524
300.548
300.574
300.6
300.627
300.655
300.683
300.712
300.742
300.773
300.805
300.838
300.871
300.906
300.942
300.978
301.016
301.054
301.094
301.134
301.176
301.219
301.264
301.309
301.356
301.405
301.455
301.506
301.559
301.614
301.671
301.73
301.791
301.855
301.921
301.99
302.063
302.139
302.22
302.306
302.399
302.5
302.609
300.003
300.009
300.016
300.022
300.029
300.036
300.044
300.052
300.06
300.069
300.078
300.087
300.097
300.107
300.117
300.128
300.139
300.151
300.164
300.176
300.19
300.203
300.218
300.232
300.248
300.263
300.28
300.297
300.314
300.332
300.351
300.37
300.39
300.411
300.432
300.454
300.477
300.5
300.524
300.548
300.574
300.6
300.627
300.654
300.683
300.712
300.742
300.773
300.805
300.838
300.871
300.906
300.941
300.978
301.015
301.054
301.093
301.134
301.176
301.219
301.263
301.308
301.355
301.404
301.453
301.505
301.558
301.612
301.669
301.727
301.788
301.851
301.917
301.985
302.056
302.131
302.21
302.293
302.381
302.474
302.571
300.003
300.009
300.016
300.022
300.029
300.036
300.044
300.052
300.06
300.069
300.078
300.087
300.097
300.107
300.117
300.128
300.139
300.151
300.164
300.176
300.19
300.203
300.218
300.232
300.248
300.263
300.28
300.297
300.314
300.332
300.351
300.37
300.39
300.411
300.432
300.454
300.476
300.5
300.523
300.548
300.573
300.6
300.626
300.654
300.682
300.712
300.742
300.773
300.804
300.837
300.871
300.905
300.94
300.977
301.014
301.053
301.092
301.133
301.174
301.217
301.261
301.307
301.353
301.402
301.451
301.502
301.555
301.609
301.665
301.723
301.783
301.845
301.91
301.977
302.046
302.119
302.195
302.274
302.356
302.441
302.527
300.003
300.009
300.015
300.022
300.029
300.036
300.044
300.052
300.06
300.069
300.078
300.087
300.097
300.107
300.117
300.128
300.139
300.151
300.164
300.176
300.19
300.203
300.217
300.232
300.247
300.263
300.28
300.297
300.314
300.332
300.351
300.37
300.39
300.411
300.432
300.454
300.476
300.499
300.523
300.548
300.573
300.599
300.626
300.654
300.682
300.711
300.741
300.772
300.804
300.836
300.87
300.904
300.939
300.976
301.013
301.051
301.091
301.131
301.173
301.215
301.259
301.304
301.351
301.398
301.448
301.498
301.55
301.604
301.659
301.716
301.776
301.836
301.9
301.965
302.032
302.102
302.174
302.249
302.325
302.403
302.481
300.003
300.009
300.015
300.022
300.029
300.036
300.044
300.052
300.06
300.069
300.077
300.087
300.096
300.107
300.117
300.128
300.139
300.151
300.163
300.176
300.189
300.203
300.217
300.232
300.247
300.263
300.28
300.296
300.314
300.332
300.351
300.37
300.39
300.41
300.432
300.453
300.476
300.499
300.523
300.547
300.573
300.599
300.626
300.653
300.681
300.71
300.74
300.771
300.803
300.835
300.869
300.903
300.938
300.974
301.011
301.049
301.089
301.129
301.17
301.213
301.256
301.301
301.347
301.394
301.443
301.493
301.544
301.597
301.652
301.708
301.766
301.825
301.886
301.949
302.014
302.081
302.149
302.219
302.29
302.361
302.433
300.003
300.009
300.015
300.022
300.029
300.036
300.044
300.052
300.06
300.069
300.077
300.087
300.096
300.107
300.117
300.128
300.139
300.151
300.163
300.176
300.189
300.203
300.217
300.232
300.247
300.263
300.279
300.296
300.314
300.332
300.35
300.37
300.39
300.41
300.431
300.453
300.475
300.499
300.522
300.547
300.572
300.598
300.625
300.652
300.681
300.71
300.739
300.77
300.802
300.834
300.867
300.901
300.936
300.972
301.009
301.047
301.086
301.126
301.167
301.209
301.252
301.297
301.342
301.389
301.437
301.486
301.537
301.589
301.642
301.697
301.753
301.811
301.87
301.931
301.993
302.056
302.12
302.186
302.252
302.317
302.383
300.003
300.009
300.015
300.022
300.029
300.036
300.044
300.052
300.06
300.068
300.077
300.087
300.096
300.106
300.117
300.128
300.139
300.151
300.163
300.176
300.189
300.203
300.217
300.232
300.247
300.263
300.279
300.296
300.313
300.331
300.35
300.369
300.389
300.41
300.431
300.452
300.475
300.498
300.522
300.546
300.571
300.597
300.624
300.651
300.679
300.708
300.738
300.769
300.8
300.832
300.865
300.899
300.934
300.97
301.006
301.044
301.083
301.122
301.163
301.204
301.247
301.291
301.336
301.382
301.429
301.477
301.527
301.578
301.63
301.683
301.738
301.793
301.85
301.908
301.967
302.027
302.088
302.149
302.21
302.271
302.331
300.003
300.009
300.015
300.022
300.029
300.036
300.044
300.052
300.06
300.068
300.077
300.087
300.096
300.106
300.117
300.128
300.139
300.151
300.163
300.176
300.189
300.203
300.217
300.232
300.247
300.263
300.279
300.296
300.313
300.331
300.35
300.369
300.389
300.409
300.43
300.452
300.474
300.497
300.521
300.545
300.57
300.596
300.623
300.65
300.678
300.707
300.736
300.767
300.798
300.83
300.863
300.896
300.931
300.967
301.003
301.04
301.078
301.117
301.158
301.199
301.241
301.284
301.328
301.373
301.42
301.467
301.515
301.565
301.615
301.667
301.72
301.773
301.828
301.883
301.939
301.995
302.052
302.109
302.166
302.222
302.278
300.003
300.009
300.015
300.022
300.029
300.036
300.044
300.052
300.06
300.068
300.077
300.087
300.096
300.106
300.117
300.128
300.139
300.151
300.163
300.176
300.189
300.203
300.217
300.231
300.247
300.262
300.279
300.295
300.313
300.331
300.349
300.368
300.388
300.408
300.429
300.451
300.473
300.496
300.52
300.544
300.569
300.595
300.621
300.648
300.676
300.705
300.734
300.764
300.795
300.827
300.86
300.893
300.927
300.963
300.999
301.035
301.073
301.112
301.151
301.192
301.233
301.276
301.319
301.363
301.408
301.454
301.501
301.549
301.598
301.648
301.699
301.75
301.802
301.854
301.907
301.96
302.014
302.067
302.12
302.172
302.224
300.003
300.009
300.015
300.022
300.029
300.036
300.044
300.052
300.06
300.068
300.077
300.086
300.096
300.106
300.117
300.128
300.139
300.151
300.163
300.175
300.189
300.202
300.216
300.231
300.246
300.262
300.278
300.295
300.312
300.33
300.349
300.368
300.387
300.408
300.429
300.45
300.472
300.495
300.519
300.543
300.568
300.593
300.619
300.646
300.674
300.703
300.732
300.762
300.792
300.824
300.856
300.889
300.923
300.958
300.993
301.03
301.067
301.105
301.144
301.183
301.224
301.266
301.308
301.351
301.395
301.44
301.485
301.532
301.579
301.626
301.675
301.724
301.773
301.823
301.872
301.922
301.972
302.022
302.071
302.12
302.168
300.003
300.009
300.015
300.022
300.029
300.036
300.044
300.052
300.06
300.068
300.077
300.086
300.096
300.106
300.116
300.127
300.139
300.15
300.163
300.175
300.188
300.202
300.216
300.231
300.246
300.261
300.278
300.294
300.312
300.329
300.348
300.367
300.386
300.407
300.428
300.449
300.471
300.494
300.517
300.541
300.566
300.591
300.617
300.644
300.672
300.7
300.729
300.758
300.789
300.82
300.852
300.884
300.918
300.952
300.987
301.023
301.059
301.097
301.135
301.174
301.213
301.254
301.295
301.337
301.379
301.423
301.467
301.511
301.556
301.602
301.648
301.695
301.741
301.788
301.835
301.882
301.929
301.975
302.021
302.067
302.111
300.003
300.009
300.015
300.022
300.029
300.036
300.044
300.051
300.06
300.068
300.077
300.086
300.096
300.106
300.116
300.127
300.138
300.15
300.162
300.175
300.188
300.202
300.216
300.23
300.245
300.261
300.277
300.294
300.311
300.329
300.347
300.366
300.385
300.406
300.426
300.448
300.469
300.492
300.515
300.539
300.564
300.589
300.615
300.641
300.669
300.696
300.725
300.754
300.784
300.815
300.847
300.879
300.912
300.945
300.98
301.015
301.051
301.087
301.124
301.162
301.201
301.24
301.28
301.321
301.362
301.404
301.446
301.488
301.532
301.575
301.619
301.663
301.707
301.751
301.795
301.839
301.883
301.927
301.97
302.012
302.054
300.003
300.009
300.015
300.022
300.029
300.036
300.044
300.051
300.06
300.068
300.077
300.086
300.096
300.106
300.116
300.127
300.138
300.15
300.162
300.175
300.188
300.201
300.215
300.23
300.245
300.26
300.276
300.293
300.31
300.328
300.346
300.365
300.384
300.404
300.425
300.446
300.468
300.49
300.513
300.537
300.561
300.586
300.612
300.638
300.665
300.692
300.721
300.75
300.779
300.81
300.84
300.872
300.904
300.937
300.971
301.005
301.04
301.076
301.112
301.149
301.187
301.225
301.263
301.302
301.342
301.382
301.422
301.463
301.504
301.546
301.587
301.629
301.671
301.712
301.754
301.795
301.836
301.876
301.916
301.956
301.995
300.003
300.009
300.015
300.022
300.029
300.036
300.043
300.051
300.059
300.068
300.077
300.086
300.095
300.105
300.116
300.127
300.138
300.149
300.161
300.174
300.187
300.201
300.214
300.229
300.244
300.259
300.275
300.292
300.309
300.326
300.345
300.363
300.383
300.402
300.423
300.444
300.465
300.488
300.511
300.534
300.558
300.583
300.608
300.634
300.661
300.688
300.716
300.744
300.773
300.803
300.833
300.864
300.896
300.928
300.961
300.995
301.029
301.063
301.098
301.134
301.17
301.207
301.244
301.282
301.32
301.358
301.397
301.436
301.475
301.514
301.553
301.592
301.632
301.671
301.71
301.748
301.787
301.825
301.862
301.899
301.935
300.003
300.009
300.015
300.022
300.029
300.036
300.043
300.051
300.059
300.068
300.076
300.086
300.095
300.105
300.115
300.126
300.137
300.149
300.161
300.173
300.186
300.2
300.214
300.228
300.243
300.258
300.274
300.291
300.308
300.325
300.343
300.362
300.381
300.4
300.421
300.442
300.463
300.485
300.507
300.531
300.554
300.579
300.604
300.629
300.655
300.682
300.71
300.738
300.766
300.795
300.825
300.855
300.886
300.918
300.95
300.982
301.015
301.049
301.083
301.117
301.152
301.188
301.223
301.259
301.296
301.332
301.369
301.406
301.443
301.48
301.517
301.554
301.591
301.628
301.664
301.7
301.736
301.772
301.807
301.841
301.875
300.003
300.009
300.015
300.022
300.029
300.036
300.043
300.051
300.059
300.067
300.076
300.085
300.095
300.105
300.115
300.126
300.137
300.148
300.16
300.173
300.186
300.199
300.213
300.227
300.242
300.257
300.273
300.289
300.306
300.323
300.341
300.36
300.379
300.398
300.418
300.439
300.46
300.482
300.504
300.527
300.55
300.574
300.599
300.624
300.65
300.676
300.703
300.73
300.758
300.787
300.816
300.845
300.875
300.906
300.937
300.968
301
301.033
301.066
301.099
301.132
301.166
301.2
301.235
301.269
301.304
301.339
301.374
301.409
301.444
301.479
301.514
301.548
301.583
301.617
301.651
301.684
301.717
301.75
301.782
301.814
300.003
300.009
300.015
300.022
300.029
300.036
300.043
300.051
300.059
300.067
300.076
300.085
300.095
300.104
300.115
300.125
300.136
300.148
300.16
300.172
300.185
300.198
300.212
300.226
300.241
300.256
300.272
300.288
300.304
300.321
300.339
300.357
300.376
300.395
300.415
300.436
300.456
300.478
300.5
300.522
300.545
300.569
300.593
300.618
300.643
300.669
300.695
300.722
300.749
300.777
300.805
300.834
300.863
300.893
300.923
300.953
300.984
301.015
301.047
301.078
301.11
301.143
301.175
301.208
301.241
301.274
301.307
301.34
301.373
301.406
301.439
301.471
301.504
301.536
301.568
301.6
301.631
301.662
301.693
301.723
301.752
300.003
300.009
300.015
300.022
300.028
300.035
300.043
300.051
300.059
300.067
300.076
300.085
300.094
300.104
300.114
300.125
300.136
300.147
300.159
300.171
300.184
300.197
300.211
300.225
300.239
300.254
300.27
300.286
300.302
300.319
300.337
300.355
300.373
300.392
300.412
300.432
300.452
300.474
300.495
300.517
300.54
300.563
300.587
300.611
300.635
300.66
300.686
300.712
300.739
300.766
300.793
300.821
300.849
300.878
300.907
300.936
300.966
300.995
301.026
301.056
301.087
301.117
301.148
301.179
301.211
301.242
301.273
301.304
301.335
301.366
301.397
301.428
301.458
301.488
301.518
301.548
301.577
301.606
301.634
301.663
301.69
300.003
300.009
300.015
300.022
300.028
300.035
300.043
300.05
300.058
300.067
300.075
300.084
300.094
300.103
300.113
300.124
300.135
300.146
300.158
300.17
300.183
300.196
300.209
300.223
300.238
300.252
300.268
300.284
300.3
300.317
300.334
300.352
300.37
300.389
300.408
300.428
300.448
300.469
300.49
300.511
300.534
300.556
300.579
300.603
300.627
300.651
300.676
300.701
300.727
300.753
300.78
300.807
300.834
300.861
300.889
300.917
300.946
300.974
301.003
301.032
301.061
301.09
301.12
301.149
301.178
301.208
301.237
301.267
301.296
301.325
301.354
301.382
301.411
301.439
301.467
301.495
301.522
301.549
301.576
301.602
301.628
300.003
300.009
300.015
300.021
300.028
300.035
300.042
300.05
300.058
300.066
300.075
300.084
300.093
300.103
300.113
300.123
300.134
300.145
300.157
300.169
300.181
300.194
300.208
300.221
300.236
300.25
300.266
300.281
300.297
300.314
300.331
300.348
300.366
300.385
300.403
300.423
300.443
300.463
300.484
300.505
300.526
300.548
300.571
300.594
300.617
300.641
300.665
300.689
300.714
300.74
300.765
300.791
300.817
300.843
300.87
300.897
300.924
300.951
300.979
301.006
301.034
301.061
301.089
301.117
301.145
301.172
301.2
301.228
301.255
301.282
301.309
301.336
301.363
301.389
301.415
301.441
301.467
301.492
301.517
301.541
301.565
300.003
300.009
300.015
300.021
300.028
300.035
300.042
300.05
300.058
300.066
300.074
300.083
300.092
300.102
300.112
300.122
300.133
300.144
300.156
300.168
300.18
300.193
300.206
300.219
300.233
300.248
300.263
300.278
300.294
300.31
300.327
300.344
300.362
300.38
300.398
300.417
300.437
300.456
300.477
300.497
300.518
300.54
300.562
300.584
300.606
300.629
300.653
300.676
300.7
300.724
300.749
300.774
300.799
300.824
300.849
300.875
300.901
300.927
300.953
300.979
301.005
301.031
301.057
301.083
301.109
301.136
301.161
301.187
301.213
301.238
301.264
301.289
301.314
301.338
301.363
301.387
301.411
301.434
301.457
301.48
301.503
300.003
300.009
300.015
300.021
300.028
300.035
300.042
300.049
300.057
300.065
300.074
300.082
300.092
300.101
300.111
300.121
300.132
300.143
300.154
300.166
300.178
300.191
300.204
300.217
300.231
300.245
300.26
300.275
300.291
300.307
300.323
300.34
300.357
300.375
300.393
300.411
300.43
300.449
300.469
300.489
300.509
300.53
300.551
300.573
300.595
300.617
300.639
300.662
300.685
300.708
300.732
300.755
300.779
300.803
300.827
300.852
300.876
300.901
300.925
300.95
300.975
300.999
301.024
301.048
301.073
301.097
301.122
301.146
301.17
301.194
301.217
301.241
301.264
301.287
301.31
301.332
301.354
301.376
301.398
301.419
301.44
300.003
300.009
300.015
300.021
300.027
300.034
300.041
300.049
300.057
300.065
300.073
300.082
300.091
300.1
300.11
300.12
300.13
300.141
300.152
300.164
300.176
300.189
300.201
300.215
300.228
300.242
300.257
300.271
300.287
300.302
300.318
300.335
300.351
300.369
300.386
300.404
300.423
300.441
300.46
300.48
300.5
300.52
300.54
300.561
300.582
300.603
300.625
300.646
300.668
300.691
300.713
300.735
300.758
300.781
300.804
300.827
300.85
300.873
300.897
300.92
300.943
300.966
300.989
301.012
301.035
301.058
301.081
301.104
301.126
301.148
301.17
301.192
301.214
301.235
301.256
301.277
301.298
301.318
301.339
301.358
301.378
300.003
300.009
300.015
300.021
300.027
300.034
300.041
300.048
300.056
300.064
300.072
300.081
300.09
300.099
300.109
300.119
300.129
300.14
300.151
300.162
300.174
300.186
300.199
300.212
300.225
300.239
300.253
300.267
300.282
300.297
300.313
300.329
300.345
300.362
300.379
300.397
300.414
300.433
300.451
300.47
300.489
300.508
300.528
300.548
300.568
300.588
300.609
300.63
300.651
300.672
300.693
300.714
300.736
300.758
300.779
300.801
300.823
300.845
300.867
300.889
300.91
300.932
300.954
300.975
300.997
301.018
301.04
301.061
301.082
301.102
301.123
301.143
301.163
301.183
301.203
301.223
301.242
301.261
301.28
301.298
301.316
300.003
300.008
300.014
300.02
300.027
300.034
300.041
300.048
300.055
300.063
300.071
300.08
300.089
300.098
300.107
300.117
300.127
300.138
300.149
300.16
300.171
300.183
300.196
300.208
300.221
300.235
300.249
300.263
300.277
300.292
300.307
300.323
300.339
300.355
300.371
300.388
300.406
300.423
300.441
300.459
300.477
300.496
300.515
300.534
300.553
300.572
300.592
300.612
300.632
300.652
300.672
300.692
300.713
300.733
300.754
300.774
300.795
300.815
300.836
300.856
300.877
300.897
300.917
300.938
300.958
300.978
300.998
301.017
301.037
301.056
301.075
301.094
301.113
301.132
301.15
301.168
301.186
301.204
301.221
301.238
301.255
300.003
300.008
300.014
300.02
300.027
300.033
300.04
300.047
300.055
300.062
300.07
300.079
300.087
300.096
300.106
300.115
300.125
300.136
300.146
300.157
300.169
300.18
300.192
300.205
300.217
300.23
300.244
300.258
300.272
300.286
300.301
300.316
300.331
300.347
300.363
300.379
300.396
300.413
300.43
300.447
300.465
300.482
300.5
300.519
300.537
300.555
300.574
300.593
300.612
300.631
300.65
300.669
300.688
300.708
300.727
300.746
300.766
300.785
300.804
300.823
300.842
300.862
300.881
300.899
300.918
300.937
300.955
300.974
300.992
301.01
301.028
301.045
301.063
301.08
301.097
301.114
301.13
301.147
301.163
301.179
301.195
300.003
300.008
300.014
300.02
300.026
300.033
300.039
300.046
300.054
300.061
300.069
300.077
300.086
300.095
300.104
300.113
300.123
300.133
300.144
300.154
300.165
300.177
300.189
300.201
300.213
300.226
300.239
300.252
300.266
300.28
300.294
300.309
300.323
300.339
300.354
300.37
300.385
300.402
300.418
300.435
300.451
300.468
300.485
300.503
300.52
300.538
300.555
300.573
300.591
300.609
300.627
300.645
300.663
300.681
300.7
300.718
300.736
300.754
300.772
300.79
300.808
300.826
300.843
300.861
300.878
300.896
300.913
300.93
300.947
300.964
300.98
300.997
301.013
301.029
301.045
301.06
301.076
301.091
301.106
301.121
301.135
300.003
300.008
300.014
300.02
300.026
300.032
300.039
300.046
300.053
300.06
300.068
300.076
300.084
300.093
300.102
300.111
300.121
300.131
300.141
300.151
300.162
300.173
300.185
300.196
300.208
300.221
300.233
300.246
300.259
300.273
300.287
300.301
300.315
300.329
300.344
300.359
300.374
300.39
300.405
300.421
300.437
300.453
300.47
300.486
300.503
300.519
300.536
300.553
300.57
300.587
300.604
300.621
300.638
300.655
300.672
300.689
300.706
300.723
300.739
300.756
300.773
300.789
300.806
300.822
300.839
300.855
300.871
300.887
300.902
300.918
300.933
300.948
300.963
300.978
300.993
301.008
301.022
301.036
301.05
301.064
301.077
300.003
300.008
300.013
300.019
300.025
300.032
300.038
300.045
300.052
300.059
300.067
300.075
300.083
300.091
300.1
300.109
300.118
300.128
300.138
300.148
300.158
300.169
300.18
300.192
300.203
300.215
300.227
300.24
300.253
300.266
300.279
300.292
300.306
300.32
300.334
300.348
300.363
300.378
300.392
300.407
300.423
300.438
300.453
300.469
300.485
300.5
300.516
300.532
300.548
300.564
300.58
300.596
300.612
300.628
300.643
300.659
300.675
300.691
300.707
300.722
300.738
300.753
300.769
300.784
300.799
300.814
300.829
300.844
300.858
300.873
300.887
300.901
300.915
300.929
300.943
300.956
300.969
300.982
300.995
301.008
301.021
300.003
300.008
300.013
300.019
300.025
300.031
300.037
300.044
300.051
300.058
300.065
300.073
300.081
300.089
300.098
300.106
300.115
300.125
300.134
300.144
300.154
300.165
300.176
300.187
300.198
300.209
300.221
300.233
300.245
300.258
300.27
300.283
300.296
300.31
300.323
300.337
300.351
300.365
300.379
300.393
300.407
300.422
300.437
300.451
300.466
300.481
300.496
300.511
300.526
300.541
300.555
300.57
300.585
300.6
300.615
300.63
300.645
300.66
300.674
300.689
300.703
300.718
300.732
300.746
300.76
300.774
300.788
300.802
300.815
300.829
300.842
300.855
300.868
300.881
300.893
300.906
300.918
300.93
300.942
300.954
300.966
300.002
300.008
300.013
300.018
300.024
300.03
300.036
300.043
300.05
300.057
300.064
300.071
300.079
300.087
300.095
300.104
300.113
300.122
300.131
300.14
300.15
300.16
300.171
300.181
300.192
300.203
300.214
300.226
300.238
300.25
300.262
300.274
300.287
300.299
300.312
300.325
300.338
300.352
300.365
300.378
300.392
300.406
300.42
300.433
300.447
300.461
300.475
300.489
300.503
300.517
300.531
300.545
300.559
300.573
300.587
300.601
300.615
300.629
300.642
300.656
300.669
300.683
300.696
300.709
300.722
300.735
300.748
300.761
300.773
300.786
300.798
300.81
300.822
300.834
300.846
300.857
300.869
300.88
300.891
300.902
300.913
300.002
300.007
300.013
300.018
300.024
300.029
300.036
300.042
300.048
300.055
300.062
300.069
300.077
300.085
300.093
300.101
300.109
300.118
300.127
300.136
300.146
300.156
300.166
300.176
300.186
300.197
300.208
300.219
300.23
300.241
300.253
300.265
300.277
300.289
300.301
300.313
300.326
300.338
300.351
300.364
300.377
300.39
300.403
300.416
300.429
300.442
300.455
300.468
300.481
300.494
300.508
300.521
300.534
300.547
300.56
300.573
300.586
300.598
300.611
300.624
300.636
300.649
300.661
300.673
300.685
300.697
300.709
300.721
300.733
300.744
300.756
300.767
300.778
300.789
300.8
300.811
300.822
300.832
300.842
300.852
300.863
300.002
300.007
300.012
300.018
300.023
300.029
300.035
300.041
300.047
300.054
300.06
300.068
300.075
300.082
300.09
300.098
300.106
300.115
300.123
300.132
300.142
300.151
300.16
300.17
300.18
300.19
300.201
300.211
300.222
300.233
300.244
300.255
300.267
300.278
300.29
300.301
300.313
300.325
300.337
300.349
300.361
300.374
300.386
300.398
300.41
300.423
300.435
300.447
300.46
300.472
300.484
300.497
300.509
300.521
300.533
300.545
300.557
300.569
300.581
300.593
300.605
300.616
300.628
300.639
300.65
300.661
300.673
300.684
300.694
300.705
300.716
300.726
300.737
300.747
300.757
300.767
300.777
300.786
300.796
300.805
300.815
300.002
300.007
300.012
300.017
300.022
300.028
300.034
300.04
300.046
300.052
300.059
300.066
300.073
300.08
300.087
300.095
300.103
300.111
300.12
300.128
300.137
300.146
300.155
300.165
300.174
300.184
300.194
300.204
300.214
300.225
300.235
300.246
300.257
300.268
300.279
300.29
300.301
300.312
300.324
300.335
300.346
300.358
300.37
300.381
300.393
300.404
300.416
300.427
300.439
300.451
300.462
300.474
300.485
300.497
300.508
300.519
300.53
300.542
300.553
300.564
300.574
300.585
300.596
300.607
300.617
300.628
300.638
300.648
300.658
300.668
300.678
300.688
300.697
300.707
300.716
300.726
300.735
300.744
300.753
300.762
300.77
300.002
300.007
300.012
300.017
300.022
300.027
300.033
300.039
300.045
300.051
300.057
300.064
300.071
300.078
300.085
300.092
300.1
300.108
300.116
300.124
300.133
300.141
300.15
300.159
300.169
300.178
300.187
300.197
300.207
300.217
300.227
300.237
300.247
300.258
300.268
300.279
300.289
300.3
300.311
300.322
300.332
300.343
300.354
300.365
300.376
300.387
300.398
300.409
300.42
300.431
300.441
300.452
300.463
300.474
300.484
300.495
300.505
300.516
300.526
300.536
300.547
300.557
300.567
300.577
300.587
300.596
300.606
300.616
300.625
300.634
300.643
300.653
300.662
300.67
300.679
300.688
300.696
300.705
300.713
300.721
300.729
300.002
300.007
300.011
300.016
300.021
300.026
300.032
300.037
300.043
300.049
300.056
300.062
300.069
300.075
300.082
300.09
300.097
300.105
300.113
300.121
300.129
300.137
300.146
300.154
300.163
300.172
300.181
300.19
300.2
300.209
300.219
300.229
300.238
300.248
300.258
300.268
300.278
300.289
300.299
300.309
300.319
300.33
300.34
300.35
300.361
300.371
300.381
300.392
300.402
300.412
300.423
300.433
300.443
300.453
300.463
300.473
300.483
300.493
300.502
300.512
300.522
300.531
300.541
300.55
300.559
300.568
300.577
300.586
300.595
300.604
300.612
300.621
300.629
300.638
300.646
300.654
300.662
300.67
300.678
300.685
300.693
300.002
300.006
300.011
300.016
300.021
300.026
300.031
300.037
300.042
300.048
300.054
300.06
300.067
300.073
300.08
300.087
300.094
300.102
300.109
300.117
300.125
300.133
300.141
300.15
300.158
300.167
300.176
300.185
300.194
300.203
300.212
300.221
300.231
300.24
300.25
300.259
300.269
300.279
300.288
300.298
300.308
300.318
300.328
300.338
300.347
300.357
300.367
300.377
300.387
300.396
300.406
300.416
300.425
300.435
300.444
300.454
300.463
300.472
300.482
300.491
300.5
300.509
300.518
300.527
300.535
300.544
300.552
300.561
300.569
300.577
300.586
300.594
300.602
300.609
300.617
300.625
300.632
300.64
300.647
300.654
300.661
300.002
300.006
300.011
300.015
300.02
300.025
300.03
300.036
300.041
300.047
300.053
300.059
300.065
300.072
300.078
300.085
300.092
300.099
300.107
300.114
300.122
300.13
300.138
300.146
300.154
300.162
300.171
300.18
300.188
300.197
300.206
300.215
300.224
300.233
300.242
300.252
300.261
300.27
300.28
300.289
300.299
300.308
300.318
300.327
300.336
300.346
300.355
300.365
300.374
300.383
300.393
300.402
300.411
300.42
300.429
300.438
300.447
300.456
300.465
300.474
300.482
300.491
300.499
300.508
300.516
300.524
300.532
300.54
300.548
300.556
300.564
300.572
300.579
300.587
300.594
300.601
300.608
300.616
300.622
300.629
300.636
300.002
300.006
300.011
300.015
300.02
300.025
300.03
300.035
300.041
300.046
300.052
300.058
300.064
300.07
300.077
300.084
300.091
300.098
300.105
300.112
300.12
300.127
300.135
300.143
300.151
300.159
300.168
300.176
300.184
300.193
300.202
300.211
300.219
300.228
300.237
300.246
300.255
300.264
300.274
300.283
300.292
300.301
300.31
300.319
300.328
300.338
300.347
300.356
300.365
300.374
300.383
300.392
300.401
300.409
300.418
300.427
300.436
300.444
300.453
300.461
300.469
300.478
300.486
300.494
300.502
300.51
300.518
300.526
300.533
300.541
300.548
300.556
300.563
300.57
300.577
300.584
300.591
300.598
300.605
300.611
300.618
300.002
300.006
300.011
300.015
300.02
300.025
300.03
300.035
300.04
300.046
300.051
300.057
300.063
300.07
300.076
300.083
300.09
300.097
300.104
300.111
300.118
300.126
300.134
300.141
300.149
300.158
300.166
300.174
300.182
300.191
300.199
300.208
300.217
300.226
300.234
300.243
300.252
300.261
300.27
300.279
300.288
300.297
300.306
300.315
300.324
300.333
300.342
300.351
300.36
300.369
300.378
300.386
300.395
300.404
300.412
300.421
300.429
300.438
300.446
300.454
300.463
300.471
300.479
300.487
300.495
300.502
300.51
300.518
300.525
300.533
300.54
300.547
300.554
300.561
300.568
300.575
300.582
300.589
300.595
300.602
300.608
302.794
302.915
303.018
303.107
303.187
303.259
303.325
303.386
303.442
303.493
303.541
303.586
303.628
303.666
303.703
303.737
303.769
303.799
303.828
303.855
303.882
303.909
303.935
303.963
303.991
304.019
304.047
304.075
304.103
304.13
304.158
304.185
304.212
304.239
304.265
304.292
304.318
304.344
304.369
304.395
304.42
304.446
304.471
304.496
304.521
304.546
304.571
304.596
304.62
304.645
304.669
304.694
304.718
304.742
304.766
304.79
304.814
304.838
304.862
304.886
304.909
304.933
304.956
304.98
305.003
305.026
305.05
305.073
305.096
305.118
305.141
305.164
305.187
305.209
305.232
305.254
305.276
305.298
305.32
305.342
305.364
305.386
305.407
305.429
305.45
305.471
305.492
305.513
305.534
305.554
305.575
305.595
305.615
305.635
305.655
305.674
305.693
305.712
305.731
305.75
305.768
305.786
305.804
305.822
305.839
305.856
305.873
305.889
305.905
305.921
305.937
305.952
305.967
305.981
305.995
306.009
306.022
306.035
306.047
306.059
306.07
306.081
306.091
306.101
306.11
306.118
306.126
306.133
306.139
306.145
306.149
306.153
306.156
306.158
306.158
306.158
306.156
306.154
306.149
306.143
306.136
306.127
306.116
306.103
306.088
306.07
306.05
306.027
306.001
305.971
305.938
305.9
305.858
305.81
305.756
305.696
305.634
305.561
305.46
305.311
305.083
302.728
302.837
302.934
303.022
303.101
303.173
303.24
303.302
303.359
303.412
303.461
303.507
303.551
303.591
303.629
303.665
303.698
303.73
303.761
303.79
303.819
303.847
303.875
303.904
303.932
303.961
303.989
304.018
304.046
304.074
304.102
304.13
304.157
304.184
304.211
304.238
304.264
304.29
304.317
304.342
304.368
304.394
304.42
304.445
304.471
304.496
304.521
304.546
304.571
304.596
304.62
304.645
304.67
304.694
304.719
304.743
304.767
304.791
304.815
304.839
304.863
304.887
304.91
304.934
304.958
304.981
305.004
305.028
305.051
305.074
305.097
305.12
305.143
305.165
305.188
305.211
305.233
305.255
305.278
305.3
305.322
305.344
305.365
305.387
305.408
305.43
305.451
305.472
305.493
305.514
305.534
305.555
305.575
305.595
305.615
305.635
305.654
305.673
305.692
305.711
305.729
305.748
305.766
305.784
305.801
305.818
305.835
305.852
305.868
305.884
305.9
305.915
305.93
305.944
305.959
305.972
305.986
305.999
306.011
306.023
306.034
306.045
306.056
306.065
306.075
306.083
306.091
306.098
306.105
306.11
306.115
306.119
306.122
306.123
306.124
306.124
306.122
306.119
306.115
306.109
306.102
306.093
306.082
306.069
306.053
306.036
306.015
305.992
305.966
305.936
305.902
305.864
305.821
305.773
305.718
305.657
305.591
305.513
305.407
305.253
305.024
302.67
302.766
302.856
302.94
303.017
303.089
303.155
303.217
303.275
303.329
303.379
303.426
303.471
303.513
303.552
303.589
303.625
303.658
303.691
303.722
303.752
303.782
303.811
303.841
303.87
303.899
303.928
303.957
303.986
304.014
304.043
304.071
304.098
304.126
304.153
304.18
304.207
304.234
304.261
304.287
304.313
304.339
304.365
304.391
304.417
304.442
304.468
304.493
304.518
304.543
304.568
304.593
304.618
304.643
304.667
304.692
304.716
304.741
304.765
304.789
304.813
304.837
304.861
304.885
304.909
304.933
304.956
304.98
305.003
305.026
305.05
305.073
305.096
305.119
305.142
305.164
305.187
305.21
305.232
305.254
305.277
305.299
305.321
305.342
305.364
305.386
305.407
305.428
305.45
305.47
305.491
305.512
305.532
305.553
305.573
305.592
305.612
305.631
305.651
305.67
305.688
305.707
305.725
305.743
305.761
305.778
305.795
305.812
305.828
305.844
305.86
305.876
305.891
305.905
305.92
305.934
305.947
305.96
305.973
305.985
305.996
306.007
306.018
306.028
306.037
306.046
306.054
306.061
306.068
306.073
306.078
306.082
306.085
306.087
306.088
306.088
306.086
306.083
306.079
306.073
306.066
306.057
306.046
306.032
306.017
305.999
305.979
305.955
305.929
305.898
305.864
305.826
305.783
305.733
305.677
305.615
305.546
305.463
305.352
305.195
304.966
302.614
302.7
302.783
302.862
302.936
303.005
303.071
303.132
303.19
303.244
303.295
303.343
303.389
303.432
303.472
303.511
303.548
303.583
303.617
303.65
303.681
303.713
303.743
303.773
303.804
303.833
303.863
303.893
303.922
303.951
303.98
304.008
304.036
304.064
304.092
304.12
304.147
304.174
304.201
304.228
304.254
304.281
304.307
304.333
304.359
304.385
304.411
304.436
304.462
304.487
304.513
304.538
304.563
304.588
304.613
304.638
304.662
304.687
304.712
304.736
304.76
304.785
304.809
304.833
304.857
304.881
304.905
304.928
304.952
304.976
304.999
305.023
305.046
305.069
305.092
305.115
305.138
305.161
305.183
305.206
305.228
305.251
305.273
305.295
305.317
305.339
305.36
305.382
305.403
305.424
305.445
305.466
305.487
305.507
305.527
305.547
305.567
305.587
305.606
305.625
305.644
305.663
305.681
305.7
305.717
305.735
305.752
305.769
305.786
305.802
305.818
305.834
305.849
305.864
305.878
305.892
305.906
305.919
305.932
305.944
305.956
305.967
305.978
305.988
305.997
306.006
306.014
306.022
306.028
306.034
306.039
306.043
306.046
306.048
306.049
306.049
306.047
306.045
306.04
306.035
306.027
306.018
306.007
305.994
305.978
305.96
305.94
305.916
305.889
305.859
305.824
305.785
305.741
305.691
305.634
305.57
305.498
305.411
305.296
305.137
304.91
302.559
302.637
302.713
302.786
302.857
302.924
302.987
303.047
303.105
303.159
303.21
303.259
303.305
303.349
303.39
303.43
303.468
303.505
303.54
303.574
303.607
303.639
303.671
303.702
303.733
303.764
303.794
303.824
303.854
303.884
303.913
303.942
303.971
303.999
304.027
304.055
304.083
304.11
304.138
304.165
304.192
304.219
304.245
304.272
304.298
304.324
304.35
304.376
304.402
304.428
304.454
304.479
304.504
304.53
304.555
304.58
304.605
304.63
304.655
304.679
304.704
304.729
304.753
304.777
304.802
304.826
304.85
304.874
304.898
304.922
304.945
304.969
304.993
305.016
305.039
305.063
305.086
305.109
305.132
305.154
305.177
305.2
305.222
305.244
305.267
305.289
305.31
305.332
305.354
305.375
305.396
305.417
305.438
305.459
305.479
305.5
305.52
305.539
305.559
305.578
305.598
305.616
305.635
305.653
305.671
305.689
305.707
305.724
305.741
305.757
305.773
305.789
305.804
305.82
305.834
305.848
305.862
305.876
305.888
305.901
305.913
305.924
305.935
305.945
305.955
305.964
305.972
305.979
305.986
305.992
305.997
306.001
306.005
306.007
306.008
306.008
306.006
306.004
305.999
305.994
305.986
305.977
305.966
305.953
305.937
305.919
305.898
305.875
305.848
305.817
305.782
305.742
305.698
305.647
305.589
305.523
305.448
305.357
305.239
305.078
304.856
302.504
302.574
302.644
302.713
302.779
302.843
302.905
302.963
303.019
303.073
303.124
303.173
303.219
303.264
303.306
303.347
303.386
303.424
303.46
303.495
303.529
303.563
303.595
303.628
303.659
303.691
303.722
303.752
303.783
303.813
303.842
303.872
303.901
303.93
303.958
303.987
304.015
304.043
304.071
304.098
304.126
304.153
304.18
304.207
304.233
304.26
304.286
304.313
304.339
304.365
304.391
304.417
304.442
304.468
304.493
304.519
304.544
304.569
304.594
304.619
304.644
304.669
304.694
304.718
304.743
304.767
304.792
304.816
304.84
304.864
304.888
304.912
304.936
304.96
304.983
305.007
305.03
305.053
305.077
305.1
305.123
305.145
305.168
305.19
305.213
305.235
305.257
305.279
305.301
305.323
305.344
305.365
305.386
305.407
305.428
305.449
305.469
305.489
305.509
305.528
305.548
305.567
305.586
305.604
305.622
305.64
305.658
305.675
305.692
305.709
305.725
305.741
305.757
305.772
305.787
305.802
305.816
305.829
305.842
305.855
305.867
305.878
305.889
305.9
305.909
305.919
305.927
305.935
305.941
305.948
305.953
305.957
305.96
305.963
305.964
305.964
305.962
305.96
305.956
305.95
305.943
305.934
305.922
305.909
305.894
305.875
305.855
305.831
305.803
305.772
305.737
305.697
305.651
305.6
305.541
305.473
305.396
305.301
305.18
305.019
304.802
302.448
302.513
302.577
302.641
302.704
302.764
302.823
302.88
302.934
302.987
303.037
303.086
303.132
303.177
303.22
303.261
303.301
303.34
303.377
303.413
303.448
303.482
303.516
303.549
303.582
303.614
303.645
303.676
303.707
303.738
303.768
303.798
303.828
303.857
303.886
303.915
303.943
303.972
304
304.028
304.055
304.083
304.11
304.138
304.165
304.192
304.218
304.245
304.272
304.298
304.324
304.35
304.376
304.402
304.428
304.454
304.479
304.505
304.53
304.555
304.581
304.606
304.631
304.656
304.681
304.705
304.73
304.754
304.779
304.803
304.827
304.852
304.876
304.9
304.924
304.947
304.971
304.994
305.018
305.041
305.064
305.087
305.11
305.133
305.156
305.178
305.201
305.223
305.245
305.267
305.289
305.31
305.331
305.353
305.373
305.394
305.415
305.435
305.455
305.475
305.494
305.514
305.533
305.552
305.57
305.588
305.606
305.624
305.641
305.658
305.674
305.691
305.707
305.722
305.737
305.752
305.766
305.78
305.793
305.806
305.818
305.83
305.841
305.851
305.861
305.87
305.879
305.887
305.894
305.9
305.905
305.91
305.913
305.916
305.917
305.917
305.916
305.913
305.909
305.904
305.896
305.887
305.876
305.863
305.847
305.829
305.808
305.784
305.756
305.725
305.689
305.649
305.602
305.55
305.49
305.421
305.341
305.244
305.12
304.96
304.75
302.391
302.451
302.511
302.57
302.629
302.686
302.742
302.797
302.85
302.901
302.951
302.998
303.045
303.089
303.132
303.174
303.214
303.253
303.291
303.328
303.364
303.399
303.433
303.467
303.5
303.533
303.565
303.597
303.628
303.659
303.69
303.72
303.75
303.78
303.81
303.839
303.868
303.897
303.925
303.953
303.982
304.009
304.037
304.065
304.092
304.119
304.147
304.174
304.2
304.227
304.254
304.28
304.306
304.333
304.359
304.385
304.411
304.436
304.462
304.488
304.513
304.539
304.564
304.589
304.614
304.639
304.664
304.689
304.714
304.738
304.763
304.787
304.812
304.836
304.86
304.884
304.908
304.932
304.956
304.979
305.003
305.026
305.049
305.072
305.095
305.118
305.141
305.163
305.185
305.207
305.229
305.251
305.273
305.294
305.315
305.336
305.357
305.378
305.398
305.418
305.438
305.458
305.477
305.496
305.515
305.533
305.551
305.569
305.586
305.604
305.62
305.637
305.653
305.668
305.684
305.699
305.713
305.727
305.74
305.753
305.766
305.778
305.789
305.8
305.81
305.819
305.828
305.836
305.843
305.85
305.855
305.86
305.863
305.866
305.867
305.868
305.866
305.864
305.86
305.855
305.847
305.838
305.827
305.814
305.798
305.78
305.759
305.734
305.707
305.675
305.639
305.598
305.551
305.498
305.436
305.366
305.284
305.185
305.06
304.901
304.699
302.333
302.389
302.445
302.5
302.555
302.609
302.663
302.715
302.766
302.815
302.864
302.911
302.956
303
303.043
303.085
303.125
303.165
303.203
303.24
303.277
303.312
303.347
303.382
303.415
303.449
303.481
303.514
303.545
303.577
303.608
303.639
303.669
303.7
303.729
303.759
303.788
303.818
303.847
303.875
303.904
303.932
303.96
303.988
304.016
304.043
304.071
304.098
304.125
304.152
304.179
304.206
304.233
304.259
304.286
304.312
304.338
304.364
304.39
304.416
304.442
304.468
304.493
304.519
304.544
304.569
304.595
304.62
304.645
304.67
304.695
304.719
304.744
304.768
304.793
304.817
304.841
304.865
304.889
304.913
304.937
304.961
304.984
305.008
305.031
305.054
305.077
305.099
305.122
305.144
305.167
305.189
305.211
305.232
305.254
305.275
305.296
305.317
305.337
305.358
305.378
305.398
305.417
305.437
305.456
305.474
305.493
305.511
305.528
305.546
305.563
305.579
305.596
305.612
305.627
305.642
305.657
305.671
305.685
305.698
305.71
305.723
305.734
305.745
305.755
305.765
305.774
305.782
305.79
305.796
305.802
305.807
305.81
305.813
305.815
305.815
305.814
305.812
305.808
305.802
305.795
305.786
305.775
305.762
305.746
305.728
305.706
305.682
305.654
305.622
305.586
305.544
305.497
305.443
305.381
305.309
305.225
305.124
304.999
304.842
304.648
302.275
302.327
302.379
302.431
302.482
302.533
302.584
302.633
302.682
302.73
302.777
302.823
302.867
302.911
302.953
302.995
303.035
303.074
303.113
303.15
303.187
303.223
303.259
303.293
303.327
303.361
303.394
303.427
303.459
303.491
303.523
303.554
303.585
303.615
303.645
303.675
303.705
303.735
303.764
303.793
303.822
303.851
303.879
303.907
303.935
303.963
303.991
304.019
304.046
304.074
304.101
304.128
304.155
304.182
304.208
304.235
304.262
304.288
304.314
304.34
304.367
304.393
304.418
304.444
304.47
304.496
304.521
304.546
304.572
304.597
304.622
304.647
304.672
304.697
304.722
304.746
304.771
304.795
304.819
304.844
304.868
304.892
304.915
304.939
304.962
304.986
305.009
305.032
305.055
305.078
305.1
305.123
305.145
305.167
305.188
305.21
305.231
305.252
305.273
305.294
305.314
305.334
305.354
305.374
305.393
305.412
305.43
305.449
305.467
305.484
305.502
305.518
305.535
305.551
305.567
305.582
305.597
305.611
305.625
305.639
305.652
305.664
305.676
305.687
305.697
305.707
305.716
305.725
305.732
305.739
305.745
305.75
305.754
305.757
305.758
305.759
305.758
305.756
305.752
305.747
305.74
305.731
305.72
305.707
305.691
305.672
305.651
305.627
305.598
305.566
305.529
305.487
305.44
305.385
305.322
305.249
305.164
305.062
304.937
304.784
304.598
302.216
302.264
302.313
302.361
302.409
302.458
302.505
302.553
302.599
302.645
302.69
302.735
302.778
302.821
302.863
302.903
302.943
302.983
303.021
303.059
303.095
303.132
303.167
303.202
303.237
303.271
303.304
303.337
303.37
303.402
303.434
303.465
303.496
303.527
303.558
303.588
303.618
303.648
303.678
303.707
303.736
303.765
303.794
303.823
303.851
303.879
303.907
303.935
303.963
303.991
304.018
304.046
304.073
304.1
304.127
304.154
304.181
304.208
304.234
304.261
304.287
304.313
304.34
304.366
304.392
304.418
304.443
304.469
304.495
304.52
304.546
304.571
304.596
304.621
304.646
304.671
304.696
304.721
304.745
304.77
304.794
304.818
304.842
304.866
304.89
304.914
304.937
304.961
304.984
305.007
305.03
305.052
305.075
305.097
305.119
305.141
305.162
305.184
305.205
305.226
305.246
305.267
305.287
305.307
305.326
305.345
305.364
305.383
305.401
305.419
305.437
305.454
305.47
305.487
305.503
305.518
305.533
305.548
305.562
305.576
305.589
305.602
305.614
305.625
305.636
305.646
305.655
305.664
305.672
305.679
305.685
305.69
305.694
305.697
305.699
305.7
305.699
305.697
305.693
305.688
305.681
305.672
305.661
305.648
305.632
305.614
305.593
305.568
305.54
305.507
305.47
305.428
305.38
305.324
305.261
305.187
305.101
304.998
304.875
304.725
304.548
302.156
302.201
302.246
302.291
302.337
302.382
302.427
302.472
302.517
302.561
302.604
302.647
302.689
302.73
302.771
302.811
302.851
302.89
302.928
302.965
303.002
303.038
303.074
303.109
303.143
303.177
303.211
303.244
303.277
303.309
303.341
303.373
303.405
303.436
303.467
303.497
303.528
303.558
303.588
303.617
303.647
303.676
303.705
303.734
303.763
303.791
303.82
303.848
303.876
303.904
303.932
303.959
303.987
304.014
304.042
304.069
304.096
304.123
304.15
304.177
304.203
304.23
304.256
304.283
304.309
304.335
304.361
304.387
304.413
304.439
304.465
304.491
304.516
304.541
304.567
304.592
304.617
304.642
304.667
304.692
304.716
304.741
304.765
304.789
304.814
304.838
304.861
304.885
304.908
304.932
304.955
304.978
305.001
305.023
305.046
305.068
305.09
305.111
305.133
305.154
305.175
305.195
305.216
305.236
305.256
305.275
305.294
305.313
305.332
305.35
305.368
305.385
305.402
305.419
305.435
305.451
305.466
305.481
305.495
305.509
305.523
305.536
305.548
305.559
305.57
305.581
305.59
305.599
305.607
305.614
305.621
305.626
305.63
305.634
305.636
305.637
305.636
305.634
305.631
305.626
305.619
305.61
305.599
305.586
305.57
305.552
305.531
305.506
305.478
305.445
305.408
305.365
305.317
305.261
305.197
305.122
305.036
304.933
304.812
304.667
304.498
302.095
302.137
302.179
302.222
302.265
302.307
302.35
302.392
302.434
302.476
302.518
302.559
302.6
302.64
302.68
302.719
302.758
302.796
302.833
302.87
302.907
302.943
302.978
303.013
303.047
303.082
303.115
303.149
303.181
303.214
303.246
303.278
303.31
303.341
303.372
303.403
303.434
303.464
303.494
303.524
303.554
303.583
303.612
303.642
303.67
303.699
303.728
303.756
303.785
303.813
303.841
303.869
303.897
303.925
303.952
303.98
304.007
304.034
304.061
304.089
304.115
304.142
304.169
304.196
304.222
304.249
304.275
304.302
304.328
304.354
304.38
304.406
304.432
304.457
304.483
304.508
304.534
304.559
304.584
304.609
304.634
304.659
304.684
304.708
304.733
304.757
304.781
304.805
304.829
304.853
304.876
304.899
304.922
304.945
304.968
304.99
305.012
305.034
305.056
305.078
305.099
305.12
305.14
305.161
305.181
305.201
305.22
305.239
305.258
305.277
305.295
305.312
305.33
305.347
305.363
305.379
305.395
305.41
305.425
305.439
305.452
305.465
305.478
305.49
305.501
305.512
305.522
305.531
305.539
305.546
305.553
305.558
305.563
305.566
305.569
305.57
305.57
305.568
305.565
305.56
305.553
305.544
305.534
305.521
305.505
305.487
305.465
305.441
305.412
305.38
305.342
305.299
305.25
305.194
305.13
305.056
304.969
304.867
304.748
304.608
304.448
302.034
302.073
302.113
302.152
302.192
302.232
302.273
302.313
302.353
302.393
302.432
302.472
302.511
302.55
302.588
302.626
302.664
302.701
302.738
302.774
302.81
302.846
302.881
302.915
302.95
302.984
303.017
303.051
303.083
303.116
303.148
303.18
303.212
303.243
303.275
303.305
303.336
303.367
303.397
303.427
303.457
303.487
303.516
303.545
303.575
303.604
303.632
303.661
303.69
303.718
303.746
303.775
303.803
303.831
303.859
303.886
303.914
303.941
303.969
303.996
304.023
304.051
304.078
304.105
304.131
304.158
304.185
304.211
304.238
304.264
304.291
304.317
304.343
304.369
304.395
304.421
304.446
304.472
304.497
304.523
304.548
304.573
304.598
304.623
304.648
304.672
304.697
304.721
304.745
304.769
304.793
304.816
304.84
304.863
304.886
304.909
304.931
304.953
304.975
304.997
305.019
305.04
305.061
305.082
305.102
305.122
305.142
305.161
305.18
305.199
305.217
305.235
305.253
305.27
305.287
305.303
305.319
305.335
305.35
305.364
305.378
305.391
305.404
305.416
305.428
305.439
305.449
305.458
305.467
305.474
305.481
305.487
305.492
305.495
305.498
305.499
305.499
305.498
305.494
305.49
305.483
305.475
305.464
305.451
305.436
305.418
305.396
305.372
305.343
305.311
305.273
305.23
305.181
305.125
305.061
304.986
304.9
304.8
304.684
304.549
304.397
301.972
302.008
302.045
302.083
302.12
302.158
302.196
302.233
302.271
302.309
302.347
302.385
302.422
302.46
302.497
302.533
302.57
302.606
302.642
302.678
302.713
302.748
302.782
302.817
302.85
302.884
302.917
302.95
302.983
303.016
303.048
303.08
303.111
303.143
303.174
303.205
303.236
303.266
303.297
303.327
303.357
303.387
303.416
303.446
303.475
303.504
303.533
303.562
303.591
303.62
303.648
303.676
303.705
303.733
303.761
303.789
303.817
303.845
303.872
303.9
303.927
303.955
303.982
304.009
304.036
304.063
304.09
304.117
304.144
304.17
304.197
304.223
304.25
304.276
304.302
304.328
304.354
304.38
304.406
304.432
304.457
304.483
304.508
304.533
304.558
304.583
304.608
304.632
304.657
304.681
304.705
304.729
304.753
304.776
304.799
304.822
304.845
304.868
304.89
304.912
304.934
304.956
304.977
304.998
305.018
305.039
305.059
305.079
305.098
305.117
305.136
305.154
305.172
305.189
305.206
305.223
305.239
305.255
305.27
305.285
305.299
305.313
305.326
305.338
305.35
305.361
305.371
305.381
305.39
305.398
305.405
305.411
305.416
305.42
305.423
305.424
305.424
305.423
305.42
305.416
305.41
305.401
305.391
305.378
305.363
305.345
305.324
305.299
305.271
305.238
305.201
305.158
305.109
305.053
304.989
304.915
304.83
304.732
304.618
304.489
304.345
301.909
301.943
301.978
302.013
302.048
302.083
302.119
302.155
302.19
302.226
302.262
302.298
302.334
302.37
302.405
302.441
302.476
302.511
302.546
302.58
302.615
302.649
302.683
302.716
302.75
302.783
302.816
302.849
302.881
302.913
302.945
302.977
303.008
303.04
303.071
303.102
303.132
303.163
303.193
303.224
303.254
303.283
303.313
303.343
303.372
303.401
303.431
303.46
303.488
303.517
303.546
303.574
303.603
303.631
303.66
303.688
303.716
303.744
303.772
303.799
303.827
303.855
303.882
303.91
303.937
303.964
303.991
304.018
304.045
304.072
304.099
304.126
304.152
304.179
304.205
304.232
304.258
304.284
304.31
304.336
304.362
304.388
304.413
304.439
304.464
304.489
304.514
304.539
304.564
304.588
304.613
304.637
304.661
304.685
304.708
304.732
304.755
304.778
304.8
304.823
304.845
304.867
304.888
304.909
304.93
304.951
304.971
304.991
305.011
305.03
305.049
305.068
305.086
305.104
305.121
305.138
305.155
305.171
305.186
305.201
305.216
305.23
305.243
305.256
305.268
305.279
305.29
305.3
305.309
305.317
305.324
305.331
305.336
305.34
305.343
305.345
305.346
305.345
305.342
305.338
305.332
305.324
305.313
305.301
305.286
305.268
305.247
305.223
305.194
305.162
305.125
305.082
305.033
304.978
304.914
304.841
304.757
304.662
304.552
304.429
304.292
301.846
301.878
301.91
301.943
301.976
302.009
302.042
302.076
302.11
302.144
302.178
302.212
302.246
302.28
302.314
302.348
302.382
302.416
302.45
302.483
302.516
302.55
302.583
302.616
302.648
302.681
302.713
302.745
302.777
302.809
302.841
302.872
302.903
302.934
302.965
302.996
303.027
303.057
303.087
303.117
303.147
303.177
303.207
303.237
303.266
303.295
303.325
303.354
303.383
303.411
303.44
303.469
303.497
303.526
303.554
303.583
303.611
303.639
303.667
303.695
303.723
303.751
303.778
303.806
303.833
303.861
303.888
303.916
303.943
303.97
303.997
304.024
304.051
304.078
304.104
304.131
304.157
304.184
304.21
304.236
304.262
304.288
304.314
304.34
304.366
304.391
304.416
304.441
304.466
304.491
304.516
304.54
304.565
304.589
304.613
304.636
304.66
304.683
304.706
304.728
304.751
304.773
304.795
304.816
304.838
304.859
304.879
304.9
304.92
304.939
304.958
304.977
304.996
305.014
305.031
305.049
305.065
305.082
305.098
305.113
305.128
305.142
305.156
305.169
305.181
305.193
305.204
305.214
305.223
305.232
305.239
305.246
305.252
305.256
305.259
305.261
305.262
305.261
305.259
305.255
305.249
305.242
305.232
305.219
305.205
305.187
305.166
305.142
305.114
305.082
305.045
305.003
304.955
304.9
304.837
304.765
304.683
304.59
304.485
304.367
304.237
301.782
301.812
301.842
301.873
301.904
301.935
301.966
301.998
302.03
302.062
302.094
302.126
302.159
302.191
302.224
302.256
302.289
302.321
302.353
302.386
302.418
302.45
302.482
302.514
302.546
302.578
302.61
302.641
302.673
302.704
302.735
302.766
302.797
302.827
302.858
302.888
302.919
302.949
302.979
303.009
303.039
303.069
303.098
303.128
303.157
303.186
303.215
303.245
303.274
303.302
303.331
303.36
303.389
303.417
303.446
303.474
303.502
303.53
303.559
303.587
303.615
303.643
303.67
303.698
303.726
303.754
303.781
303.809
303.836
303.863
303.891
303.918
303.945
303.972
303.999
304.026
304.052
304.079
304.106
304.132
304.158
304.185
304.211
304.237
304.262
304.288
304.314
304.339
304.364
304.389
304.414
304.439
304.464
304.488
304.512
304.536
304.56
304.583
304.607
304.63
304.652
304.675
304.697
304.719
304.74
304.762
304.782
304.803
304.823
304.843
304.863
304.882
304.901
304.919
304.937
304.954
304.971
304.988
305.004
305.02
305.035
305.049
305.063
305.077
305.089
305.101
305.113
305.123
305.133
305.142
305.149
305.156
305.162
305.167
305.171
305.173
305.174
305.174
305.172
305.168
305.162
305.155
305.145
305.133
305.119
305.102
305.081
305.057
305.03
304.998
304.962
304.92
304.872
304.818
304.756
304.686
304.607
304.517
304.416
304.304
304.181
301.718
301.746
301.774
301.803
301.832
301.861
301.891
301.92
301.95
301.98
302.011
302.041
302.072
302.103
302.134
302.165
302.196
302.227
302.258
302.289
302.32
302.351
302.382
302.413
302.444
302.475
302.506
302.536
302.567
302.598
302.628
302.659
302.689
302.719
302.749
302.779
302.809
302.839
302.869
302.898
302.928
302.958
302.987
303.016
303.045
303.075
303.104
303.133
303.162
303.19
303.219
303.248
303.277
303.305
303.334
303.362
303.39
303.419
303.447
303.475
303.503
303.531
303.559
303.587
303.615
303.642
303.67
303.698
303.725
303.753
303.78
303.808
303.835
303.862
303.889
303.916
303.943
303.97
303.997
304.023
304.05
304.076
304.103
304.129
304.155
304.181
304.207
304.232
304.258
304.283
304.308
304.333
304.358
304.383
304.407
304.431
304.455
304.479
304.503
304.526
304.549
304.572
304.594
304.616
304.638
304.66
304.681
304.702
304.722
304.742
304.762
304.782
304.801
304.819
304.837
304.855
304.873
304.889
304.906
304.922
304.937
304.952
304.966
304.98
304.993
305.005
305.017
305.027
305.037
305.047
305.055
305.062
305.068
305.073
305.077
305.08
305.081
305.081
305.079
305.076
305.071
305.064
305.054
305.043
305.029
305.012
304.992
304.968
304.941
304.91
304.874
304.833
304.787
304.734
304.673
304.605
304.528
304.441
304.345
304.238
304.123
301.654
301.68
301.706
301.733
301.76
301.788
301.815
301.843
301.871
301.9
301.928
301.957
301.986
302.015
302.045
302.074
302.103
302.133
302.163
302.193
302.222
302.252
302.282
302.312
302.342
302.372
302.402
302.431
302.461
302.491
302.521
302.551
302.58
302.61
302.639
302.669
302.698
302.728
302.757
302.786
302.816
302.845
302.874
302.903
302.932
302.961
302.99
303.018
303.047
303.076
303.104
303.133
303.162
303.19
303.219
303.247
303.275
303.303
303.332
303.36
303.388
303.416
303.444
303.472
303.5
303.528
303.555
303.583
303.611
303.638
303.666
303.693
303.721
303.748
303.775
303.803
303.83
303.857
303.884
303.91
303.937
303.964
303.99
304.017
304.043
304.069
304.095
304.121
304.147
304.172
304.198
304.223
304.248
304.273
304.298
304.322
304.346
304.37
304.394
304.417
304.441
304.464
304.486
304.509
304.531
304.553
304.574
304.595
304.616
304.636
304.657
304.676
304.696
304.714
304.733
304.751
304.769
304.786
304.802
304.819
304.834
304.849
304.864
304.878
304.891
304.904
304.916
304.927
304.937
304.946
304.955
304.963
304.969
304.975
304.979
304.982
304.984
304.984
304.982
304.979
304.975
304.968
304.959
304.948
304.934
304.917
304.898
304.875
304.849
304.818
304.783
304.743
304.697
304.646
304.587
304.521
304.447
304.364
304.272
304.171
304.062
301.589
301.614
301.639
301.664
301.689
301.715
301.74
301.767
301.793
301.82
301.847
301.874
301.901
301.929
301.956
301.984
302.012
302.04
302.069
302.097
302.126
302.154
302.183
302.211
302.24
302.269
302.298
302.327
302.356
302.384
302.413
302.442
302.471
302.5
302.529
302.558
302.587
302.615
302.644
302.673
302.702
302.73
302.759
302.788
302.816
302.845
302.874
302.902
302.931
302.959
302.988
303.016
303.044
303.073
303.101
303.129
303.157
303.185
303.214
303.242
303.27
303.298
303.326
303.354
303.382
303.409
303.437
303.465
303.493
303.52
303.548
303.576
303.603
303.63
303.658
303.685
303.712
303.739
303.766
303.793
303.82
303.847
303.874
303.9
303.927
303.953
303.979
304.005
304.031
304.057
304.083
304.108
304.133
304.158
304.183
304.208
304.232
304.257
304.28
304.304
304.328
304.351
304.374
304.396
304.419
304.441
304.463
304.484
304.505
304.526
304.546
304.566
304.585
304.605
304.623
304.642
304.66
304.677
304.694
304.71
304.726
304.742
304.756
304.771
304.784
304.797
304.809
304.821
304.831
304.841
304.85
304.858
304.865
304.871
304.875
304.879
304.881
304.881
304.88
304.878
304.873
304.867
304.858
304.847
304.834
304.818
304.799
304.777
304.751
304.721
304.687
304.648
304.604
304.554
304.497
304.434
304.363
304.284
304.196
304.101
303.998
301.525
301.548
301.571
301.594
301.618
301.642
301.666
301.691
301.716
301.741
301.766
301.791
301.817
301.843
301.869
301.896
301.922
301.949
301.976
302.003
302.03
302.057
302.084
302.112
302.139
302.167
302.195
302.222
302.25
302.278
302.306
302.334
302.362
302.39
302.418
302.446
302.475
302.503
302.531
302.559
302.587
302.615
302.644
302.672
302.7
302.728
302.756
302.784
302.812
302.841
302.869
302.897
302.925
302.953
302.981
303.009
303.037
303.065
303.093
303.121
303.149
303.177
303.205
303.233
303.26
303.288
303.316
303.344
303.371
303.399
303.427
303.454
303.482
303.509
303.537
303.564
303.591
303.618
303.645
303.673
303.699
303.726
303.753
303.78
303.806
303.833
303.859
303.885
303.911
303.937
303.963
303.989
304.014
304.039
304.064
304.089
304.114
304.138
304.162
304.186
304.21
304.233
304.256
304.279
304.302
304.324
304.346
304.368
304.389
304.41
304.43
304.451
304.47
304.49
304.509
304.527
304.545
304.563
304.58
304.597
304.613
304.629
304.644
304.658
304.672
304.685
304.698
304.71
304.721
304.731
304.74
304.748
304.755
304.761
304.766
304.77
304.772
304.773
304.773
304.771
304.767
304.761
304.753
304.742
304.73
304.714
304.696
304.674
304.649
304.621
304.588
304.55
304.507
304.459
304.404
304.344
304.276
304.201
304.118
304.028
303.932
301.461
301.482
301.504
301.526
301.548
301.57
301.593
301.616
301.639
301.663
301.686
301.71
301.734
301.759
301.783
301.808
301.833
301.858
301.884
301.909
301.935
301.961
301.987
302.013
302.04
302.066
302.093
302.119
302.146
302.173
302.2
302.227
302.254
302.281
302.308
302.335
302.363
302.39
302.417
302.445
302.472
302.5
302.527
302.555
302.583
302.61
302.638
302.665
302.693
302.721
302.749
302.776
302.804
302.832
302.859
302.887
302.915
302.943
302.97
302.998
303.026
303.054
303.081
303.109
303.137
303.164
303.192
303.22
303.247
303.275
303.302
303.33
303.357
303.385
303.412
303.439
303.467
303.494
303.521
303.548
303.575
303.602
303.629
303.655
303.682
303.709
303.735
303.761
303.787
303.813
303.839
303.865
303.891
303.916
303.941
303.966
303.991
304.015
304.04
304.064
304.088
304.111
304.134
304.157
304.18
304.203
304.225
304.246
304.268
304.289
304.31
304.33
304.35
304.37
304.389
304.408
304.426
304.444
304.461
304.478
304.495
304.511
304.526
304.541
304.555
304.568
304.581
304.593
304.604
304.615
304.624
304.633
304.64
304.647
304.652
304.656
304.659
304.66
304.66
304.658
304.655
304.649
304.642
304.632
304.62
304.605
304.588
304.567
304.543
304.515
304.483
304.447
304.406
304.36
304.308
304.25
304.185
304.114
304.037
303.952
303.862
301.397
301.417
301.437
301.458
301.478
301.499
301.52
301.542
301.564
301.585
301.608
301.63
301.653
301.676
301.699
301.722
301.746
301.77
301.794
301.818
301.842
301.867
301.891
301.916
301.941
301.966
301.992
302.017
302.043
302.068
302.094
302.12
302.146
302.172
302.199
302.225
302.251
302.278
302.304
302.331
302.358
302.384
302.411
302.438
302.465
302.492
302.519
302.546
302.573
302.6
302.628
302.655
302.682
302.709
302.737
302.764
302.791
302.819
302.846
302.874
302.901
302.928
302.956
302.983
303.011
303.038
303.066
303.093
303.12
303.148
303.175
303.203
303.23
303.257
303.285
303.312
303.339
303.366
303.393
303.42
303.447
303.474
303.501
303.528
303.554
303.581
303.607
303.633
303.66
303.686
303.712
303.737
303.763
303.788
303.814
303.839
303.863
303.888
303.913
303.937
303.961
303.984
304.008
304.031
304.054
304.076
304.098
304.12
304.142
304.163
304.184
304.205
304.225
304.245
304.264
304.283
304.301
304.32
304.337
304.354
304.371
304.387
304.403
304.418
304.432
304.446
304.459
304.471
304.483
304.493
304.503
304.512
304.52
304.527
304.532
304.537
304.54
304.542
304.542
304.541
304.538
304.533
304.526
304.517
304.505
304.491
304.474
304.455
304.432
304.405
304.375
304.34
304.301
304.257
304.207
304.152
304.092
304.025
303.952
303.873
303.788
301.334
301.353
301.371
301.39
301.41
301.429
301.449
301.469
301.489
301.51
301.53
301.551
301.573
301.594
301.616
301.638
301.66
301.682
301.705
301.728
301.751
301.774
301.797
301.821
301.845
301.868
301.892
301.917
301.941
301.966
301.99
302.015
302.04
302.065
302.09
302.116
302.141
302.167
302.192
302.218
302.244
302.27
302.296
302.322
302.348
302.374
302.4
302.427
302.453
302.48
302.506
302.533
302.56
302.586
302.613
302.64
302.667
302.694
302.721
302.748
302.775
302.802
302.829
302.856
302.883
302.91
302.937
302.965
302.992
303.019
303.046
303.073
303.1
303.127
303.155
303.182
303.209
303.236
303.263
303.289
303.316
303.343
303.37
303.396
303.423
303.45
303.476
303.502
303.528
303.554
303.58
303.606
303.631
303.657
303.682
303.707
303.732
303.757
303.781
303.805
303.829
303.853
303.877
303.9
303.923
303.945
303.968
303.99
304.011
304.033
304.054
304.074
304.095
304.115
304.134
304.153
304.172
304.19
304.208
304.225
304.242
304.258
304.274
304.289
304.304
304.318
304.331
304.344
304.356
304.367
304.377
304.386
304.394
304.401
304.407
304.412
304.416
304.418
304.419
304.418
304.415
304.411
304.404
304.396
304.385
304.372
304.356
304.337
304.315
304.29
304.261
304.228
304.191
304.149
304.103
304.051
303.994
303.931
303.863
303.789
303.71
301.272
301.289
301.306
301.324
301.342
301.36
301.379
301.397
301.416
301.435
301.455
301.474
301.494
301.514
301.535
301.555
301.576
301.597
301.618
301.64
301.661
301.683
301.705
301.727
301.75
301.772
301.795
301.818
301.841
301.865
301.888
301.912
301.936
301.96
301.984
302.008
302.032
302.057
302.081
302.106
302.131
302.156
302.181
302.206
302.232
302.257
302.283
302.308
302.334
302.36
302.385
302.411
302.437
302.464
302.49
302.516
302.542
302.569
302.595
302.621
302.648
302.675
302.701
302.728
302.755
302.781
302.808
302.835
302.862
302.888
302.915
302.942
302.969
302.996
303.023
303.049
303.076
303.103
303.13
303.156
303.183
303.21
303.236
303.263
303.289
303.315
303.342
303.368
303.394
303.42
303.445
303.471
303.497
303.522
303.547
303.572
303.597
303.621
303.646
303.67
303.694
303.718
303.741
303.764
303.787
303.81
303.832
303.854
303.876
303.897
303.919
303.939
303.96
303.98
303.999
304.019
304.037
304.056
304.074
304.091
304.108
304.125
304.141
304.156
304.171
304.185
304.199
304.211
304.223
304.235
304.245
304.255
304.263
304.271
304.277
304.282
304.286
304.289
304.29
304.289
304.287
304.284
304.278
304.27
304.26
304.248
304.233
304.215
304.195
304.171
304.143
304.112
304.077
304.038
303.994
303.946
303.892
303.834
303.77
303.701
303.628
301.21
301.226
301.243
301.259
301.276
301.292
301.31
301.327
301.345
301.362
301.381
301.399
301.417
301.436
301.455
301.474
301.494
301.513
301.533
301.554
301.574
301.594
301.615
301.636
301.657
301.679
301.7
301.722
301.744
301.766
301.788
301.811
301.833
301.856
301.879
301.902
301.925
301.949
301.972
301.996
302.02
302.044
302.068
302.092
302.117
302.141
302.166
302.191
302.215
302.24
302.265
302.291
302.316
302.341
302.367
302.392
302.418
302.444
302.469
302.495
302.521
302.547
302.573
302.599
302.625
302.652
302.678
302.704
302.731
302.757
302.783
302.81
302.836
302.863
302.889
302.916
302.942
302.968
302.995
303.021
303.048
303.074
303.1
303.126
303.153
303.179
303.205
303.231
303.256
303.282
303.308
303.333
303.359
303.384
303.409
303.434
303.458
303.483
303.507
303.531
303.555
303.579
303.602
303.625
303.648
303.671
303.693
303.715
303.737
303.758
303.779
303.8
303.82
303.84
303.86
303.879
303.898
303.917
303.935
303.952
303.969
303.986
304.002
304.018
304.033
304.047
304.061
304.074
304.086
304.098
304.108
304.118
304.127
304.135
304.141
304.147
304.151
304.154
304.156
304.156
304.154
304.151
304.146
304.139
304.13
304.119
304.105
304.088
304.069
304.046
304.021
303.992
303.959
303.922
303.881
303.836
303.786
303.732
303.673
303.609
303.541
301.15
301.165
301.18
301.195
301.211
301.226
301.242
301.258
301.275
301.291
301.308
301.325
301.343
301.36
301.378
301.396
301.414
301.432
301.451
301.47
301.489
301.508
301.528
301.547
301.567
301.587
301.608
301.628
301.649
301.67
301.691
301.712
301.733
301.755
301.777
301.799
301.821
301.843
301.866
301.888
301.911
301.934
301.957
301.98
302.004
302.027
302.051
302.075
302.099
302.123
302.147
302.171
302.196
302.22
302.245
302.27
302.294
302.319
302.344
302.37
302.395
302.42
302.446
302.471
302.497
302.522
302.548
302.574
302.599
302.625
302.651
302.677
302.703
302.729
302.755
302.781
302.807
302.833
302.859
302.885
302.911
302.937
302.963
302.989
303.014
303.04
303.066
303.091
303.117
303.142
303.168
303.193
303.218
303.243
303.268
303.292
303.317
303.341
303.365
303.389
303.413
303.436
303.459
303.482
303.505
303.528
303.55
303.572
303.593
303.615
303.636
303.656
303.677
303.697
303.716
303.736
303.755
303.773
303.791
303.809
303.826
303.843
303.859
303.875
303.89
303.904
303.918
303.931
303.944
303.956
303.966
303.976
303.986
303.994
304.001
304.007
304.011
304.015
304.017
304.017
304.016
304.014
304.009
304.003
303.995
303.984
303.972
303.956
303.938
303.918
303.894
303.867
303.836
303.802
303.764
303.722
303.676
303.626
303.571
303.513
303.45
301.091
301.105
301.119
301.133
301.147
301.162
301.176
301.192
301.207
301.222
301.238
301.254
301.27
301.286
301.303
301.319
301.336
301.354
301.371
301.389
301.406
301.424
301.443
301.461
301.48
301.499
301.518
301.537
301.556
301.576
301.596
301.616
301.636
301.657
301.677
301.698
301.719
301.74
301.762
301.783
301.805
301.827
301.849
301.871
301.893
301.916
301.939
301.961
301.984
302.007
302.031
302.054
302.077
302.101
302.125
302.149
302.173
302.197
302.221
302.245
302.27
302.294
302.319
302.344
302.369
302.393
302.418
302.444
302.469
302.494
302.519
302.544
302.57
302.595
302.621
302.646
302.671
302.697
302.722
302.748
302.773
302.799
302.824
302.85
302.875
302.9
302.926
302.951
302.976
303.001
303.026
303.051
303.075
303.1
303.124
303.149
303.173
303.197
303.221
303.244
303.268
303.291
303.314
303.337
303.359
303.381
303.403
303.425
303.447
303.468
303.489
303.509
303.53
303.55
303.569
303.588
303.607
303.626
303.644
303.662
303.679
303.696
303.712
303.728
303.743
303.757
303.771
303.785
303.797
303.809
303.82
303.83
303.84
303.848
303.855
303.862
303.867
303.871
303.873
303.874
303.874
303.872
303.868
303.863
303.855
303.846
303.834
303.82
303.804
303.785
303.763
303.738
303.709
303.678
303.643
303.604
303.562
303.516
303.466
303.412
303.354
301.033
301.046
301.059
301.072
301.085
301.099
301.113
301.127
301.141
301.155
301.17
301.185
301.2
301.215
301.23
301.246
301.262
301.278
301.294
301.31
301.327
301.344
301.361
301.378
301.395
301.413
301.431
301.449
301.467
301.486
301.505
301.523
301.542
301.562
301.581
301.601
301.621
301.641
301.661
301.681
301.702
301.723
301.744
301.765
301.786
301.807
301.829
301.851
301.873
301.895
301.917
301.939
301.962
301.984
302.007
302.03
302.053
302.076
302.1
302.123
302.147
302.171
302.194
302.218
302.242
302.266
302.291
302.315
302.339
302.364
302.388
302.413
302.437
302.462
302.487
302.512
302.536
302.561
302.586
302.611
302.636
302.661
302.686
302.71
302.735
302.76
302.785
302.809
302.834
302.859
302.883
302.907
302.932
302.956
302.98
303.004
303.027
303.051
303.074
303.098
303.121
303.144
303.166
303.189
303.211
303.233
303.255
303.276
303.297
303.318
303.339
303.36
303.38
303.399
303.419
303.438
303.457
303.475
303.493
303.511
303.528
303.545
303.561
303.577
303.592
303.607
303.621
303.634
303.647
303.659
303.67
303.68
303.69
303.699
303.706
303.713
303.718
303.722
303.725
303.727
303.727
303.726
303.723
303.718
303.712
303.703
303.693
303.68
303.665
303.648
303.628
303.605
303.579
303.55
303.518
303.483
303.444
303.402
303.356
303.307
303.254
300.977
300.989
301.001
301.014
301.026
301.038
301.051
301.064
301.077
301.091
301.104
301.118
301.132
301.146
301.16
301.175
301.189
301.204
301.219
301.235
301.25
301.266
301.282
301.298
301.314
301.331
301.348
301.365
301.382
301.399
301.417
301.434
301.452
301.47
301.489
301.507
301.526
301.545
301.564
301.583
301.602
301.622
301.642
301.662
301.682
301.702
301.723
301.743
301.764
301.785
301.807
301.828
301.849
301.871
301.893
301.915
301.937
301.959
301.981
302.004
302.027
302.049
302.072
302.095
302.118
302.142
302.165
302.188
302.212
302.235
302.259
302.283
302.307
302.331
302.355
302.379
302.403
302.427
302.451
302.475
302.499
302.524
302.548
302.572
302.596
302.62
302.644
302.668
302.692
302.716
302.74
302.764
302.788
302.811
302.835
302.858
302.881
302.904
302.927
302.95
302.973
302.995
303.017
303.039
303.061
303.083
303.104
303.126
303.146
303.167
303.188
303.208
303.228
303.247
303.267
303.286
303.304
303.322
303.34
303.358
303.375
303.392
303.408
303.424
303.439
303.453
303.467
303.481
303.494
303.506
303.517
303.527
303.537
303.546
303.554
303.56
303.566
303.571
303.574
303.576
303.577
303.576
303.574
303.57
303.565
303.557
303.548
303.537
303.523
303.507
303.489
303.468
303.445
303.419
303.39
303.358
303.322
303.284
303.242
303.197
303.149
300.924
300.935
300.946
300.957
300.969
300.98
300.992
301.004
301.016
301.029
301.041
301.054
301.067
301.08
301.093
301.107
301.121
301.134
301.149
301.163
301.177
301.192
301.207
301.222
301.237
301.252
301.268
301.284
301.3
301.316
301.332
301.349
301.366
301.383
301.4
301.417
301.435
301.453
301.471
301.489
301.507
301.526
301.544
301.563
301.582
301.601
301.621
301.64
301.66
301.68
301.7
301.72
301.741
301.761
301.782
301.803
301.824
301.845
301.867
301.888
301.91
301.932
301.954
301.976
301.998
302.02
302.042
302.065
302.087
302.11
302.133
302.156
302.179
302.202
302.225
302.248
302.271
302.295
302.318
302.341
302.365
302.388
302.412
302.435
302.458
302.482
302.505
302.529
302.552
302.575
302.598
302.621
302.644
302.667
302.69
302.713
302.736
302.758
302.781
302.803
302.825
302.847
302.868
302.89
302.911
302.933
302.954
302.974
302.995
303.015
303.035
303.055
303.075
303.094
303.113
303.132
303.15
303.168
303.186
303.203
303.22
303.237
303.253
303.268
303.284
303.298
303.312
303.325
303.338
303.35
303.362
303.372
303.382
303.391
303.399
303.406
303.412
303.417
303.421
303.423
303.424
303.424
303.423
303.42
303.415
303.409
303.401
303.391
303.379
303.365
303.348
303.33
303.309
303.285
303.259
303.23
303.198
303.163
303.126
303.085
303.041
300.873
300.883
300.893
300.904
300.914
300.925
300.936
300.947
300.958
300.97
300.982
300.993
301.005
301.018
301.03
301.042
301.055
301.068
301.081
301.094
301.108
301.122
301.135
301.149
301.164
301.178
301.192
301.207
301.222
301.237
301.253
301.268
301.284
301.3
301.316
301.332
301.349
301.365
301.382
301.399
301.416
301.434
301.451
301.469
301.487
301.505
301.523
301.542
301.561
301.579
301.598
301.618
301.637
301.657
301.676
301.696
301.716
301.736
301.756
301.777
301.798
301.818
301.839
301.86
301.881
301.903
301.924
301.945
301.967
301.989
302.011
302.033
302.055
302.077
302.099
302.121
302.144
302.166
302.188
302.211
302.233
302.256
302.278
302.301
302.324
302.346
302.369
302.391
302.414
302.436
302.459
302.481
302.503
302.526
302.548
302.57
302.592
302.614
302.635
302.657
302.678
302.7
302.721
302.742
302.763
302.783
302.804
302.824
302.844
302.864
302.884
302.903
302.923
302.941
302.96
302.979
302.997
303.014
303.032
303.049
303.066
303.082
303.098
303.113
303.128
303.142
303.156
303.17
303.182
303.194
303.206
303.216
303.226
303.235
303.243
303.25
303.257
303.262
303.266
303.269
303.271
303.271
303.271
303.268
303.265
303.259
303.253
303.244
303.233
303.221
303.206
303.19
303.171
303.15
303.126
303.1
303.072
303.04
303.007
302.97
302.931
300.824
300.834
300.843
300.853
300.863
300.873
300.883
300.893
300.904
300.914
300.925
300.936
300.947
300.959
300.97
300.982
300.994
301.006
301.018
301.03
301.043
301.055
301.068
301.081
301.095
301.108
301.122
301.135
301.149
301.163
301.178
301.192
301.207
301.222
301.237
301.252
301.267
301.283
301.299
301.315
301.331
301.347
301.364
301.38
301.397
301.414
301.432
301.449
301.467
301.484
301.502
301.52
301.539
301.557
301.576
301.594
301.613
301.632
301.652
301.671
301.691
301.71
301.73
301.75
301.77
301.79
301.811
301.831
301.852
301.873
301.893
301.914
301.935
301.956
301.978
301.999
302.02
302.042
302.063
302.085
302.106
302.128
302.15
302.171
302.193
302.215
302.236
302.258
302.28
302.301
302.323
302.344
302.366
302.387
302.409
302.43
302.451
302.472
302.493
302.514
302.535
302.556
302.576
302.597
302.617
302.637
302.657
302.677
302.696
302.716
302.735
302.754
302.773
302.791
302.809
302.827
302.845
302.863
302.88
302.896
302.913
302.929
302.944
302.959
302.974
302.988
303.002
303.015
303.028
303.04
303.051
303.061
303.071
303.08
303.088
303.096
303.102
303.108
303.112
303.116
303.118
303.119
303.119
303.118
303.115
303.11
303.105
303.097
303.088
303.077
303.064
303.05
303.033
303.014
302.993
302.97
302.945
302.917
302.887
302.854
302.819
300.779
300.788
300.797
300.806
300.815
300.824
300.834
300.843
300.853
300.863
300.873
300.883
300.894
300.904
300.915
300.926
300.937
300.948
300.959
300.971
300.982
300.994
301.006
301.018
301.03
301.043
301.056
301.068
301.081
301.095
301.108
301.122
301.135
301.149
301.163
301.177
301.192
301.207
301.221
301.236
301.251
301.267
301.282
301.298
301.314
301.33
301.346
301.362
301.379
301.395
301.412
301.429
301.447
301.464
301.482
301.499
301.517
301.535
301.553
301.572
301.59
301.609
301.628
301.646
301.666
301.685
301.704
301.723
301.743
301.763
301.783
301.802
301.822
301.843
301.863
301.883
301.903
301.924
301.944
301.965
301.985
302.006
302.027
302.048
302.068
302.089
302.11
302.131
302.151
302.172
302.193
302.214
302.234
302.255
302.275
302.296
302.316
302.337
302.357
302.377
302.397
302.417
302.437
302.457
302.476
302.496
302.515
302.534
302.553
302.572
302.591
302.609
302.627
302.645
302.663
302.681
302.698
302.715
302.732
302.748
302.764
302.78
302.795
302.81
302.824
302.838
302.851
302.864
302.877
302.888
302.899
302.91
302.92
302.929
302.937
302.944
302.951
302.957
302.961
302.965
302.968
302.97
302.97
302.969
302.967
302.964
302.959
302.953
302.945
302.936
302.925
302.912
302.897
302.881
302.863
302.842
302.819
302.795
302.768
302.739
302.707
300.737
300.746
300.754
300.762
300.771
300.78
300.788
300.797
300.806
300.816
300.825
300.835
300.844
300.854
300.864
300.874
300.884
300.895
300.905
300.916
300.927
300.938
300.949
300.961
300.972
300.984
300.996
301.008
301.02
301.032
301.045
301.057
301.07
301.083
301.096
301.109
301.123
301.137
301.151
301.165
301.179
301.193
301.208
301.222
301.237
301.252
301.267
301.283
301.298
301.314
301.33
301.346
301.362
301.379
301.395
301.412
301.429
301.446
301.463
301.48
301.498
301.515
301.533
301.551
301.569
301.587
301.605
301.624
301.642
301.661
301.68
301.699
301.718
301.737
301.756
301.775
301.794
301.814
301.833
301.853
301.873
301.892
301.912
301.932
301.952
301.971
301.991
302.011
302.031
302.051
302.071
302.09
302.11
302.13
302.15
302.169
302.189
302.209
302.228
302.247
302.267
302.286
302.305
302.324
302.343
302.362
302.381
302.399
302.417
302.436
302.454
302.472
302.489
302.507
302.524
302.541
302.558
302.574
302.59
302.606
302.622
302.637
302.652
302.666
302.68
302.694
302.707
302.72
302.732
302.743
302.754
302.765
302.774
302.783
302.791
302.799
302.806
302.812
302.817
302.821
302.824
302.826
302.827
302.827
302.826
302.823
302.819
302.814
302.808
302.8
302.79
302.779
302.766
302.752
302.736
302.718
302.698
302.676
302.652
302.627
302.599
300.7
300.708
300.716
300.724
300.732
300.74
300.748
300.757
300.765
300.774
300.783
300.791
300.8
300.81
300.819
300.828
300.838
300.848
300.858
300.868
300.878
300.888
300.899
300.909
300.92
300.931
300.942
300.953
300.965
300.976
300.988
301
301.012
301.024
301.036
301.049
301.062
301.074
301.087
301.101
301.114
301.127
301.141
301.155
301.169
301.183
301.197
301.212
301.226
301.241
301.256
301.271
301.287
301.302
301.318
301.333
301.349
301.365
301.381
301.398
301.414
301.431
301.448
301.465
301.482
301.499
301.516
301.534
301.551
301.569
301.587
301.605
301.623
301.641
301.659
301.677
301.696
301.714
301.733
301.751
301.77
301.789
301.807
301.826
301.845
301.864
301.883
301.902
301.921
301.94
301.959
301.978
301.997
302.016
302.035
302.053
302.072
302.091
302.11
302.128
302.147
302.166
302.184
302.202
302.221
302.239
302.257
302.275
302.292
302.31
302.327
302.345
302.362
302.379
302.395
302.412
302.428
302.444
302.46
302.475
302.49
302.505
302.519
302.533
302.547
302.56
302.573
302.585
302.597
302.608
302.619
302.629
302.639
302.647
302.656
302.663
302.67
302.676
302.681
302.685
302.689
302.691
302.693
302.693
302.693
302.691
302.688
302.684
302.679
302.672
302.664
302.654
302.643
302.631
302.617
302.601
302.583
302.564
302.543
302.52
302.496
300.669
300.676
300.683
300.691
300.698
300.706
300.714
300.721
300.73
300.738
300.746
300.754
300.763
300.772
300.78
300.789
300.798
300.807
300.817
300.826
300.836
300.846
300.855
300.865
300.876
300.886
300.896
300.907
300.918
300.928
300.94
300.951
300.962
300.974
300.985
300.997
301.009
301.021
301.033
301.046
301.058
301.071
301.084
301.097
301.11
301.123
301.137
301.151
301.165
301.178
301.193
301.207
301.221
301.236
301.251
301.266
301.281
301.296
301.311
301.327
301.342
301.358
301.374
301.39
301.406
301.422
301.439
301.455
301.472
301.489
301.506
301.523
301.54
301.557
301.575
301.592
301.609
301.627
301.645
301.662
301.68
301.698
301.716
301.734
301.752
301.77
301.788
301.806
301.825
301.843
301.861
301.879
301.897
301.915
301.933
301.952
301.97
301.988
302.006
302.024
302.042
302.059
302.077
302.095
302.112
302.13
302.147
302.164
302.182
302.199
302.215
302.232
302.249
302.265
302.281
302.297
302.313
302.328
302.343
302.358
302.373
302.387
302.401
302.415
302.428
302.441
302.453
302.465
302.476
302.487
302.498
302.508
302.517
302.526
302.534
302.541
302.548
302.554
302.56
302.564
302.568
302.571
302.572
302.573
302.573
302.572
302.57
302.567
302.563
302.557
302.55
302.542
302.532
302.522
302.509
302.495
302.48
302.463
302.444
302.424
302.402
300.643
300.65
300.657
300.664
300.671
300.678
300.686
300.693
300.701
300.709
300.716
300.724
300.733
300.741
300.749
300.758
300.766
300.775
300.784
300.793
300.802
300.811
300.82
300.83
300.84
300.849
300.859
300.869
300.88
300.89
300.9
300.911
300.922
300.933
300.944
300.955
300.966
300.978
300.99
301.001
301.013
301.025
301.038
301.05
301.063
301.075
301.088
301.101
301.114
301.128
301.141
301.155
301.169
301.182
301.197
301.211
301.225
301.24
301.254
301.269
301.284
301.299
301.314
301.329
301.345
301.36
301.376
301.392
301.408
301.424
301.44
301.456
301.473
301.489
301.506
301.522
301.539
301.556
301.573
301.59
301.607
301.624
301.641
301.658
301.676
301.693
301.71
301.728
301.745
301.763
301.78
301.798
301.815
301.833
301.85
301.868
301.885
301.902
301.92
301.937
301.954
301.972
301.989
302.006
302.023
302.04
302.057
302.073
302.09
302.106
302.123
302.139
302.155
302.171
302.186
302.202
302.217
302.232
302.246
302.261
302.275
302.289
302.302
302.315
302.328
302.341
302.353
302.364
302.375
302.386
302.396
302.406
302.415
302.424
302.432
302.439
302.446
302.452
302.457
302.462
302.466
302.469
302.471
302.473
302.473
302.472
302.471
302.468
302.465
302.46
302.454
302.447
302.439
302.429
302.418
302.406
302.392
302.377
302.36
302.342
302.322
300.624
300.631
300.638
300.645
300.651
300.659
300.666
300.673
300.68
300.688
300.695
300.703
300.711
300.719
300.727
300.735
300.743
300.752
300.76
300.769
300.777
300.786
300.795
300.805
300.814
300.823
300.833
300.842
300.852
300.862
300.872
300.883
300.893
300.903
300.914
300.925
300.936
300.947
300.958
300.97
300.981
300.993
301.005
301.016
301.029
301.041
301.053
301.066
301.078
301.091
301.104
301.117
301.13
301.144
301.157
301.171
301.185
301.199
301.213
301.227
301.242
301.256
301.271
301.285
301.3
301.315
301.33
301.346
301.361
301.376
301.392
301.408
301.424
301.439
301.455
301.472
301.488
301.504
301.52
301.537
301.553
301.57
301.586
301.603
301.62
301.637
301.653
301.67
301.687
301.704
301.721
301.738
301.755
301.772
301.789
301.806
301.823
301.84
301.857
301.874
301.89
301.907
301.924
301.94
301.957
301.973
301.99
302.006
302.022
302.038
302.054
302.07
302.085
302.101
302.116
302.131
302.146
302.16
302.175
302.189
302.202
302.216
302.229
302.242
302.254
302.266
302.278
302.289
302.3
302.311
302.321
302.33
302.339
302.348
302.356
302.363
302.37
302.376
302.381
302.386
302.39
302.393
302.396
302.397
302.398
302.398
302.397
302.395
302.392
302.387
302.382
302.376
302.369
302.36
302.35
302.339
302.326
302.313
302.297
302.281
302.263
300.614
300.621
300.628
300.634
300.641
300.648
300.655
300.662
300.669
300.676
300.684
300.691
300.699
300.707
300.715
300.723
300.731
300.739
300.747
300.756
300.764
300.773
300.782
300.791
300.8
300.809
300.818
300.828
300.838
300.847
300.857
300.867
300.877
300.888
300.898
300.909
300.919
300.93
300.941
300.952
300.964
300.975
300.987
300.998
301.01
301.022
301.034
301.046
301.059
301.071
301.084
301.097
301.11
301.123
301.136
301.15
301.163
301.177
301.191
301.204
301.219
301.233
301.247
301.261
301.276
301.291
301.306
301.32
301.336
301.351
301.366
301.381
301.397
301.412
301.428
301.444
301.46
301.476
301.492
301.508
301.524
301.54
301.556
301.573
301.589
301.606
301.622
301.639
301.655
301.672
301.689
301.705
301.722
301.739
301.755
301.772
301.789
301.805
301.822
301.839
301.855
301.872
301.888
301.904
301.921
301.937
301.953
301.969
301.985
302.001
302.016
302.032
302.047
302.062
302.077
302.092
302.106
302.121
302.135
302.149
302.162
302.175
302.188
302.201
302.213
302.225
302.237
302.248
302.259
302.269
302.279
302.288
302.297
302.305
302.313
302.32
302.327
302.333
302.339
302.343
302.347
302.351
302.353
302.355
302.356
302.356
302.355
302.353
302.351
302.347
302.342
302.336
302.329
302.321
302.312
302.301
302.29
302.277
302.262
302.246
302.229
304.264
303.643
303.186
302.814
302.499
302.226
301.985
301.772
301.582
301.411
301.257
301.118
300.993
300.88
300.778
300.686
300.603
300.529
300.462
300.402
300.349
300.301
300.259
300.221
300.189
300.16
300.135
300.113
300.094
300.078
300.065
300.053
300.043
300.035
300.028
300.023
300.018
300.014
300.011
300.009
300.007
300.005
300.004
300.003
300.002
300.002
300.001
300.001
300
300
300
304.261
303.643
303.186
302.814
302.499
302.226
301.985
301.772
301.582
301.411
301.257
301.118
300.993
300.88
300.778
300.686
300.603
300.529
300.462
300.402
300.349
300.301
300.259
300.221
300.189
300.16
300.135
300.113
300.095
300.078
300.065
300.053
300.043
300.035
300.028
300.023
300.018
300.014
300.011
300.009
300.007
300.005
300.004
300.003
300.002
300.002
300.001
300.001
300
300
300
304.257
303.642
303.185
302.814
302.499
302.226
301.986
301.772
301.582
301.411
301.257
301.118
300.993
300.88
300.778
300.686
300.604
300.529
300.462
300.402
300.349
300.301
300.259
300.221
300.189
300.16
300.135
300.113
300.095
300.079
300.065
300.053
300.043
300.035
300.028
300.023
300.018
300.014
300.011
300.009
300.007
300.005
300.004
300.003
300.002
300.002
300.001
300.001
300
300
300
304.25
303.64
303.185
302.813
302.499
302.226
301.986
301.772
301.582
301.411
301.257
301.119
300.994
300.881
300.779
300.687
300.604
300.529
300.462
300.402
300.349
300.301
300.259
300.222
300.189
300.16
300.135
300.113
300.095
300.079
300.065
300.053
300.044
300.035
300.028
300.023
300.018
300.014
300.011
300.009
300.007
300.005
300.004
300.003
300.002
300.002
300.001
300.001
300
300
300
304.241
303.638
303.184
302.813
302.499
302.226
301.986
301.773
301.582
301.411
301.258
301.119
300.994
300.881
300.779
300.687
300.604
300.529
300.462
300.403
300.349
300.301
300.259
300.222
300.189
300.16
300.135
300.113
300.095
300.079
300.065
300.053
300.044
300.035
300.029
300.023
300.018
300.014
300.011
300.009
300.007
300.005
300.004
300.003
300.002
300.002
300.001
300.001
300
300
300
304.23
303.635
303.183
302.813
302.498
302.226
301.986
301.773
301.583
301.412
301.258
301.119
300.994
300.881
300.779
300.687
300.604
300.53
300.463
300.403
300.349
300.301
300.259
300.222
300.189
300.16
300.135
300.113
300.095
300.079
300.065
300.053
300.044
300.035
300.029
300.023
300.018
300.014
300.011
300.009
300.007
300.005
300.004
300.003
300.002
300.002
300.001
300.001
300
300
300
304.216
303.631
303.181
302.812
302.498
302.226
301.986
301.773
301.583
301.412
301.258
301.12
300.995
300.882
300.78
300.688
300.605
300.53
300.463
300.403
300.349
300.302
300.259
300.222
300.189
300.16
300.135
300.114
300.095
300.079
300.065
300.053
300.044
300.035
300.029
300.023
300.018
300.014
300.011
300.009
300.007
300.005
300.004
300.003
300.002
300.002
300.001
300.001
300
300
300
304.2
303.626
303.179
302.811
302.498
302.226
301.987
301.774
301.584
301.413
301.259
301.12
300.995
300.882
300.78
300.688
300.605
300.53
300.463
300.403
300.35
300.302
300.26
300.222
300.189
300.161
300.135
300.114
300.095
300.079
300.065
300.054
300.044
300.035
300.029
300.023
300.018
300.014
300.011
300.009
300.007
300.005
300.004
300.003
300.002
300.002
300.001
300.001
300
300
300
304.182
303.62
303.177
302.811
302.498
302.227
301.987
301.775
301.584
301.414
301.26
301.121
300.996
300.883
300.781
300.689
300.606
300.531
300.464
300.404
300.35
300.302
300.26
300.223
300.19
300.161
300.136
300.114
300.095
300.079
300.065
300.054
300.044
300.036
300.029
300.023
300.018
300.014
300.011
300.009
300.007
300.005
300.004
300.003
300.002
300.002
300.001
300.001
300
300
300
304.161
303.613
303.174
302.81
302.499
302.227
301.988
301.776
301.585
301.415
301.261
301.122
300.997
300.884
300.782
300.69
300.606
300.532
300.465
300.404
300.351
300.303
300.26
300.223
300.19
300.161
300.136
300.114
300.095
300.079
300.065
300.054
300.044
300.036
300.029
300.023
300.018
300.015
300.011
300.009
300.007
300.005
300.004
300.003
300.002
300.002
300.001
300.001
300
300
300
304.138
303.605
303.171
302.809
302.499
302.228
301.989
301.777
301.587
301.416
301.262
301.123
300.998
300.885
300.783
300.69
300.607
300.533
300.465
300.405
300.351
300.303
300.261
300.223
300.19
300.161
300.136
300.114
300.096
300.079
300.066
300.054
300.044
300.036
300.029
300.023
300.018
300.015
300.011
300.009
300.007
300.005
300.004
300.003
300.002
300.002
300.001
300.001
300
300
300
304.113
303.595
303.168
302.808
302.499
302.229
301.991
301.778
301.588
301.417
301.264
301.125
300.999
300.886
300.784
300.692
300.608
300.534
300.466
300.406
300.352
300.304
300.262
300.224
300.191
300.162
300.137
300.115
300.096
300.08
300.066
300.054
300.044
300.036
300.029
300.023
300.018
300.015
300.011
300.009
300.007
300.005
300.004
300.003
300.002
300.002
300.001
300.001
300
300
300
304.085
303.585
303.164
302.807
302.5
302.23
301.992
301.78
301.59
301.419
301.265
301.127
301.001
300.888
300.785
300.693
300.61
300.535
300.467
300.407
300.353
300.305
300.262
300.225
300.191
300.162
300.137
300.115
300.096
300.08
300.066
300.054
300.044
300.036
300.029
300.023
300.019
300.015
300.012
300.009
300.007
300.005
300.004
300.003
300.002
300.002
300.001
300.001
300
300
300
304.056
303.572
303.159
302.806
302.5
302.232
301.994
301.782
301.592
301.421
301.268
301.129
301.003
300.89
300.787
300.695
300.611
300.536
300.468
300.408
300.354
300.306
300.263
300.225
300.192
300.163
300.137
300.115
300.096
300.08
300.066
300.054
300.044
300.036
300.029
300.023
300.019
300.015
300.012
300.009
300.007
300.005
300.004
300.003
300.002
300.002
300.001
300.001
300
300
300
304.023
303.558
303.154
302.804
302.5
302.233
301.996
301.784
301.595
301.424
301.27
301.131
301.005
300.892
300.789
300.696
300.613
300.537
300.47
300.409
300.355
300.307
300.264
300.226
300.193
300.163
300.138
300.116
300.097
300.08
300.066
300.055
300.045
300.036
300.029
300.024
300.019
300.015
300.012
300.009
300.007
300.005
300.004
300.003
300.002
300.002
300.001
300.001
300
300
300
303.989
303.543
303.147
302.802
302.501
302.235
301.998
301.787
301.598
301.427
301.273
301.134
301.008
300.894
300.791
300.698
300.615
300.539
300.471
300.411
300.356
300.308
300.265
300.227
300.193
300.164
300.138
300.116
300.097
300.081
300.067
300.055
300.045
300.036
300.029
300.024
300.019
300.015
300.012
300.009
300.007
300.005
300.004
300.003
300.002
300.002
300.001
300.001
300
300
300
303.952
303.525
303.139
302.8
302.501
302.237
302.001
301.79
301.601
301.43
301.276
301.137
301.011
300.897
300.794
300.701
300.617
300.541
300.473
300.412
300.358
300.309
300.266
300.228
300.194
300.165
300.139
300.117
300.098
300.081
300.067
300.055
300.045
300.037
300.03
300.024
300.019
300.015
300.012
300.009
300.007
300.005
300.004
300.003
300.002
300.002
300.001
300.001
300
300
300
303.912
303.504
303.13
302.797
302.501
302.238
302.004
301.794
301.604
301.434
301.279
301.14
301.014
300.9
300.797
300.703
300.619
300.543
300.475
300.414
300.359
300.31
300.267
300.229
300.195
300.165
300.14
300.117
300.098
300.082
300.067
300.055
300.045
300.037
300.03
300.024
300.019
300.015
300.012
300.009
300.007
300.005
300.004
300.003
300.002
300.002
300.001
300.001
300
300
300
303.869
303.481
303.119
302.792
302.501
302.24
302.007
301.797
301.608
301.438
301.283
301.144
301.017
300.903
300.8
300.706
300.622
300.545
300.477
300.416
300.361
300.312
300.268
300.23
300.196
300.166
300.14
300.118
300.099
300.082
300.068
300.056
300.046
300.037
300.03
300.024
300.019
300.015
300.012
300.009
300.007
300.006
300.004
300.003
300.002
300.002
300.001
300.001
300.001
300
300
303.823
303.455
303.105
302.786
302.499
302.241
302.01
301.801
301.612
301.442
301.288
301.148
301.021
300.907
300.803
300.709
300.624
300.548
300.479
300.417
300.362
300.313
300.27
300.231
300.197
300.167
300.141
300.119
300.099
300.082
300.068
300.056
300.046
300.037
300.03
300.024
300.019
300.015
300.012
300.009
300.007
300.006
300.004
300.003
300.002
300.002
300.001
300.001
300.001
300
300
303.773
303.425
303.089
302.779
302.497
302.242
302.012
301.804
301.616
301.446
301.292
301.152
301.026
300.911
300.807
300.712
300.627
300.551
300.482
300.42
300.364
300.315
300.271
300.232
300.198
300.168
300.142
300.119
300.1
300.083
300.069
300.056
300.046
300.038
300.03
300.024
300.019
300.015
300.012
300.009
300.007
300.006
300.004
300.003
300.002
300.002
300.001
300.001
300.001
300
300
303.72
303.392
303.07
302.769
302.493
302.242
302.014
301.808
301.621
301.451
301.297
301.157
301.03
300.915
300.811
300.716
300.631
300.554
300.484
300.422
300.366
300.317
300.273
300.234
300.199
300.169
300.143
300.12
300.1
300.083
300.069
300.057
300.046
300.038
300.031
300.025
300.02
300.016
300.012
300.01
300.007
300.006
300.004
300.003
300.002
300.002
300.001
300.001
300.001
300
300
303.663
303.354
303.047
302.756
302.487
302.24
302.015
301.811
301.625
301.456
301.302
301.162
301.035
300.92
300.815
300.72
300.634
300.557
300.487
300.424
300.368
300.319
300.274
300.235
300.2
300.17
300.144
300.121
300.101
300.084
300.07
300.057
300.047
300.038
300.031
300.025
300.02
300.016
300.012
300.01
300.007
300.006
300.004
300.003
300.002
300.002
300.001
300.001
300.001
300
300
303.602
303.312
303.02
302.74
302.479
302.237
302.016
301.813
301.629
301.46
301.307
301.167
301.04
300.924
300.819
300.724
300.638
300.56
300.49
300.427
300.371
300.321
300.276
300.236
300.202
300.171
300.145
300.122
300.102
300.085
300.07
300.058
300.047
300.038
300.031
300.025
300.02
300.016
300.012
300.01
300.008
300.006
300.004
300.003
300.002
300.002
300.001
300.001
300.001
300
300
303.537
303.265
302.989
302.721
302.468
302.232
302.015
301.815
301.632
301.465
301.312
301.172
301.045
300.929
300.824
300.728
300.642
300.564
300.493
300.43
300.373
300.323
300.278
300.238
300.203
300.172
300.146
300.122
300.102
300.085
300.07
300.058
300.047
300.039
300.031
300.025
300.02
300.016
300.013
300.01
300.008
300.006
300.004
300.003
300.002
300.002
300.001
300.001
300.001
300
300
303.467
303.213
302.953
302.697
302.453
302.224
302.012
301.815
301.634
301.468
301.316
301.177
301.05
300.934
300.829
300.733
300.646
300.568
300.497
300.433
300.376
300.325
300.28
300.24
300.205
300.174
300.147
300.123
300.103
300.086
300.071
300.058
300.048
300.039
300.031
300.025
300.02
300.016
300.013
300.01
300.008
300.006
300.004
300.003
300.002
300.002
300.001
300.001
300.001
300
300
303.392
303.156
302.912
302.669
302.435
302.214
302.006
301.814
301.636
301.472
301.321
301.182
301.055
300.94
300.834
300.738
300.65
300.571
300.5
300.436
300.379
300.327
300.282
300.242
300.206
300.175
300.148
300.124
300.104
300.086
300.071
300.059
300.048
300.039
300.032
300.025
300.02
300.016
300.013
300.01
300.008
300.006
300.004
300.003
300.002
300.002
300.001
300.001
300.001
300
300
303.312
303.094
302.865
302.636
302.413
302.2
301.999
301.811
301.636
301.474
301.324
301.187
301.06
300.945
300.839
300.743
300.655
300.576
300.504
300.439
300.382
300.33
300.284
300.243
300.208
300.176
300.149
300.125
300.105
300.087
300.072
300.059
300.048
300.039
300.032
300.026
300.02
300.016
300.013
300.01
300.008
300.006
300.005
300.003
300.002
300.002
300.001
300.001
300.001
300
300
303.227
303.026
302.814
302.598
302.386
302.182
301.988
301.805
301.634
301.475
301.327
301.191
301.065
300.95
300.844
300.747
300.659
300.58
300.508
300.443
300.384
300.332
300.286
300.245
300.209
300.178
300.15
300.126
300.105
300.088
300.073
300.06
300.049
300.04
300.032
300.026
300.021
300.016
300.013
300.01
300.008
300.006
300.005
300.003
300.003
300.002
300.001
300.001
300.001
300
300
303.138
302.953
302.756
302.555
302.355
302.16
301.974
301.797
301.63
301.474
301.329
301.194
301.069
300.954
300.849
300.752
300.664
300.584
300.511
300.446
300.387
300.335
300.288
300.247
300.211
300.179
300.151
300.127
300.106
300.088
300.073
300.06
300.049
300.04
300.032
300.026
300.021
300.016
300.013
300.01
300.008
300.006
300.005
300.003
300.003
300.002
300.001
300.001
300.001
300
300
303.044
302.875
302.694
302.507
302.319
302.135
301.956
301.786
301.624
301.472
301.329
301.196
301.073
300.958
300.853
300.757
300.668
300.588
300.515
300.45
300.391
300.338
300.291
300.249
300.212
300.18
300.152
300.128
300.107
300.089
300.074
300.061
300.05
300.04
300.033
300.026
300.021
300.017
300.013
300.01
300.008
300.006
300.005
300.003
300.003
300.002
300.001
300.001
300.001
300
300
302.945
302.792
302.626
302.453
302.278
302.104
301.935
301.771
301.615
301.467
301.328
301.197
301.075
300.962
300.857
300.761
300.673
300.592
300.519
300.453
300.394
300.34
300.293
300.251
300.214
300.182
300.153
300.129
300.108
300.09
300.074
300.061
300.05
300.041
300.033
300.026
300.021
300.017
300.013
300.01
300.008
300.006
300.005
300.004
300.003
300.002
300.001
300.001
300.001
300
300
302.844
302.705
302.554
302.395
302.233
302.07
301.91
301.754
301.604
301.46
301.325
301.197
301.077
300.965
300.861
300.765
300.677
300.596
300.523
300.456
300.397
300.343
300.295
300.253
300.216
300.183
300.155
300.13
300.108
300.09
300.075
300.061
300.05
300.041
300.033
300.027
300.021
300.017
300.013
300.01
300.008
300.006
300.005
300.004
300.003
300.002
300.001
300.001
300.001
300
300
302.741
302.616
302.479
302.334
302.184
302.032
301.881
301.733
301.59
301.452
301.32
301.195
301.077
300.967
300.864
300.768
300.681
300.6
300.526
300.46
300.4
300.346
300.298
300.255
300.217
300.184
300.156
300.131
300.109
300.091
300.075
300.062
300.05
300.041
300.033
300.027
300.021
300.017
300.013
300.01
300.008
300.006
300.005
300.004
300.003
300.002
300.001
300.001
300.001
300
300
302.638
302.526
302.402
302.27
302.132
301.991
301.85
301.71
301.573
301.441
301.313
301.192
301.076
300.968
300.866
300.771
300.684
300.603
300.53
300.463
300.403
300.348
300.3
300.257
300.219
300.186
300.157
300.132
300.11
300.091
300.076
300.062
300.051
300.041
300.033
300.027
300.021
300.017
300.013
300.01
300.008
300.006
300.005
300.004
300.003
300.002
300.001
300.001
300.001
300
300
302.537
302.437
302.325
302.205
302.079
301.948
301.817
301.685
301.555
301.428
301.305
301.187
301.075
300.968
300.868
300.774
300.687
300.607
300.533
300.466
300.405
300.351
300.302
300.259
300.221
300.187
300.158
300.133
300.111
300.092
300.076
300.062
300.051
300.042
300.034
300.027
300.022
300.017
300.013
300.011
300.008
300.006
300.005
300.004
300.003
300.002
300.001
300.001
300.001
300
300
302.441
302.351
302.251
302.142
302.026
301.906
301.783
301.659
301.536
301.415
301.296
301.182
301.072
300.968
300.869
300.776
300.689
300.609
300.536
300.469
300.408
300.353
300.304
300.261
300.222
300.188
300.159
300.133
300.111
300.092
300.076
300.063
300.051
300.042
300.034
300.027
300.022
300.017
300.014
300.011
300.008
300.006
300.005
300.004
300.003
300.002
300.001
300.001
300.001
300
300
302.353
302.273
302.182
302.083
301.977
301.865
301.751
301.634
301.517
301.401
301.287
301.176
301.069
300.967
300.869
300.777
300.692
300.612
300.538
300.471
300.41
300.355
300.306
300.262
300.223
300.189
300.16
300.134
300.112
300.093
300.077
300.063
300.052
300.042
300.034
300.027
300.022
300.017
300.014
300.011
300.008
300.006
300.005
300.004
300.003
300.002
300.001
300.001
300.001
300
300
302.278
302.206
302.123
302.032
301.934
301.83
301.722
301.612
301.5
301.389
301.279
301.171
301.066
300.966
300.869
300.779
300.693
300.614
300.541
300.473
300.412
300.357
300.308
300.263
300.225
300.19
300.161
300.135
300.112
300.093
300.077
300.063
300.052
300.042
300.034
300.027
300.022
300.017
300.014
300.011
300.008
300.006
300.005
300.004
300.003
300.002
300.001
300.001
300.001
300
300
302.222
302.155
302.078
301.993
301.901
301.803
301.7
301.595
301.487
301.38
301.272
301.167
301.064
300.965
300.87
300.78
300.695
300.616
300.542
300.475
300.414
300.358
300.309
300.265
300.225
300.191
300.161
300.135
300.113
300.094
300.077
300.063
300.052
300.042
300.034
300.027
300.022
300.017
300.014
300.011
300.008
300.006
300.005
300.004
300.003
300.002
300.001
300.001
300.001
300
300
302.191
302.126
302.053
301.971
301.882
301.787
301.688
301.585
301.48
301.374
301.269
301.165
301.063
300.964
300.87
300.78
300.696
300.617
300.543
300.476
300.415
300.359
300.31
300.265
300.226
300.192
300.162
300.135
300.113
300.094
300.077
300.064
300.052
300.042
300.034
300.027
300.022
300.017
300.014
300.011
300.008
300.006
300.005
300.004
300.003
300.002
300.001
300.001
300.001
300
300
)
;

boundaryField
{
    inlet
    {
        type            fixedValue;
        value           uniform 300;
    }
    outlet
    {
        type            zeroGradient;
    }
    top
    {
        type            zeroGradient;
    }
    slip-bottom
    {
        type            zeroGradient;
    }
    bottom
    {
        type            zeroGradient;
    }
    interface
    {
        type            fixedGradient;
        gradient        nonuniform List<scalar> 
161
(
41.1776
40.5373
39.8906
39.2373
38.5774
37.9108
37.2375
36.5574
35.8704
35.1765
34.4755
33.7675
33.0047
32.2088
31.4047
30.5926
29.7723
28.9436
28.1066
27.2611
26.4071
25.5444
24.7201
24.5483
24.3748
24.1995
24.0224
23.8435
23.6629
23.4804
23.296
23.1098
22.936
22.7746
22.6117
22.447
22.2808
22.1128
21.9431
21.7718
21.5987
21.4675
21.3477
21.2267
21.1045
20.9811
20.8564
20.7305
20.6033
20.494
20.39
20.2849
20.1788
20.0716
19.9633
19.8539
19.7492
19.6554
19.5606
19.4649
19.3681
19.2704
19.1718
19.0774
18.9892
18.9002
18.8102
18.7193
18.6276
18.5349
18.4506
18.3657
18.28
18.1935
18.106
18.0177
17.9357
17.8536
17.7707
17.687
17.6024
17.5184
17.4395
17.3598
17.2793
17.1981
17.1159
17.0386
16.9621
16.8848
16.8067
16.7278
16.6525
16.5787
16.5042
16.429
16.3529
16.2817
16.2114
16.1403
16.0685
15.9969
15.9304
15.8631
15.7953
15.7267
15.6619
15.5983
15.5341
15.4693
15.4067
15.3471
15.2868
15.2259
15.1666
15.1102
15.0533
14.9958
14.9406
14.8884
14.8355
14.7822
14.7326
14.6845
14.6359
14.5873
14.5448
14.502
14.4587
14.4194
14.3832
14.3467
14.3116
14.2845
14.257
14.2293
14.2138
14.1993
14.1846
14.1826
14.1849
14.1872
14.2067
14.2346
14.2628
14.3182
14.3858
14.454
14.5729
14.7047
14.8383
15.1103
15.385
15.6894
16.069
16.4525
18.037
20.3952
22.7725
24.9802
27.2102
)
;
    }
    defaultFaces
    {
        type            empty;
    }
}


// ************************************************************************* //
