/*--------------------------------*- C++ -*----------------------------------*\
| =========                 |                                                 |
| \\      /  F ield         | OpenFOAM: The Open Source CFD Toolbox           |
|  \\    /   O peration     | Version:  2112                                  |
|   \\  /    A nd           | Website:  www.openfoam.com                      |
|    \\/     M anipulation  |                                                 |
\*---------------------------------------------------------------------------*/
FoamFile
{
    version     2.0;
    format      ascii;
    arch        "LSB;label=32;scalar=64";
    class       volVectorField;
    location    "0.4";
    object      flux;
}
// * * * * * * * * * * * * * * * * * * * * * * * * * * * * * * * * * * * * * //

dimensions      [0 1 -1 1 0 0 0];

internalField   nonuniform List<vector> 
1681
(
(2622.46500531 -15.3891437495 0)
(0.0111556344285 -15.3104550355 0)
(0.0167131426021 -15.1656357636 0)
(0.0200500829457 -14.9756748143 0)
(0.021264787313 -14.7640921455 0)
(0.0208107562867 -14.5499020187 0)
(0.0192006655302 -14.3475047219 0)
(0.016951797593 -14.1656186176 0)
(0.014465603115 -14.0082837371 0)
(0.0120150808528 -13.8761851469 0)
(0.00976234592624 -13.7679050539 0)
(0.00778740827563 -13.6808905049 0)
(0.00611509282005 -13.6121278624 0)
(0.00473646025892 -13.5585712057 0)
(0.0036241822527 -13.5173882418 0)
(0.00274278749975 -13.4860813463 0)
(0.00205504195365 -13.4625287666 0)
(0.00152562239419 -13.4449782525 0)
(0.00112299229224 -13.4320149355 0)
(0.000820138793381 -13.4225175447 0)
(0.000594626018767 -13.4156116141 0)
(0.000428268421867 -13.4106246743 0)
(0.000306620494161 -13.4070460189 0)
(0.000218405021788 -13.4044921172 0)
(0.000154952072593 -13.4026778239 0)
(0.000109687888291 -13.401393017 0)
(7.76914798526e-05 -13.400484033 0)
(5.53236752973e-05 -13.3998391742 0)
(3.99257655325e-05 -13.3993775636 0)
(2.95812439243e-05 -13.3990406798 0)
(2.29334602062e-05 -13.3987859779 0)
(1.90570748559e-05 -13.3985820714 0)
(1.74000979093e-05 -13.3984049283 0)
(1.78268747156e-05 -13.398234218 0)
(2.06072540204e-05 -13.3980486175 0)
(2.52919419215e-05 -13.3978221753 0)
(2.65311655493e-05 -13.3975417788 0)
(1.00605443354e-05 -13.397287985 0)
(-2.8582769183e-06 -13.3973427932 0)
(-5.89695901388e-06 -13.3973530252 0)
(-2622.66009101 -13.3974598079 0)
(2619.39507494 -15.388874682 0)
(0.0335459627596 -15.309565971 0)
(0.0502429016356 -15.1637815721 0)
(0.0602586406642 -14.9727046927 0)
(0.0638897718088 -14.7600677328 0)
(0.0625067284274 -14.5450242959 0)
(0.0576560146946 -14.3419913052 0)
(0.0508923993823 -14.1596614511 0)
(0.0434210910232 -14.0020313251 0)
(0.0360606557801 -13.8697434233 0)
(0.029296582471 -13.7613452608 0)
(0.0233680300284 -13.6742585702 0)
(0.0183487670322 -13.6054524779 0)
(0.0142114638534 -13.5518698799 0)
(0.0108737896221 -13.5106714774 0)
(0.00822910753432 -13.4793553724 0)
(0.00616557680686 -13.4557972575 0)
(0.00457714383353 -13.4382433766 0)
(0.00336914926843 -13.4252779812 0)
(0.00246052549659 -13.4157792871 0)
(0.00178394806475 -13.4088725272 0)
(0.00128485060363 -13.4038850538 0)
(0.000919890916777 -13.4003060532 0)
(0.000655233987623 -13.3977519288 0)
(0.000464867973879 -13.3959374949 0)
(0.000329070282344 -13.3946526047 0)
(0.000233077075498 -13.3937435799 0)
(0.00016597021555 -13.3930987151 0)
(0.000119773113506 -13.3926371308 0)
(8.87358974818e-05 -13.3923003072 0)
(6.87882176664e-05 -13.3920457039 0)
(5.71528334494e-05 -13.3918419436 0)
(5.21705858313e-05 -13.3916650216 0)
(5.34353025376e-05 -13.3914946757 0)
(6.18012836898e-05 -13.3913096021 0)
(7.60757821417e-05 -13.3910831237 0)
(8.03068930103e-05 -13.3907993454 0)
(2.97365811646e-05 -13.3905360695 0)
(-1.01497538727e-05 -13.3906084558 0)
(-1.75059834496e-05 -13.3906304611 0)
(-2619.98094652 -13.3907234126 0)
(2616.32531718 -15.3883723057 0)
(0.0561742564111 -15.3078347156 0)
(0.0840853982667 -15.1600910979 0)
(0.100792850798 -14.9667716636 0)
(0.106800866662 -14.7520256987 0)
(0.104426041816 -14.5352750058 0)
(0.0962732344913 -14.3309719358 0)
(0.0849437935991 -14.1477566485 0)
(0.072449208677 -13.98953816 0)
(0.0601522937287 -13.8568734327 0)
(0.0488593165463 -13.7482405265 0)
(0.0389659648466 -13.6610105896 0)
(0.0305928308715 -13.592118353 0)
(0.0236926603591 -13.5384844186 0)
(0.0181270837657 -13.4972555343 0)
(0.0137176314868 -13.4659212985 0)
(0.010277441113 -13.4423523247 0)
(0.00762947763947 -13.4247918668 0)
(0.00561581018376 -13.411822431 0)
(0.00410122959926 -13.4023212168 0)
(0.00297347267059 -13.3954128628 0)
(0.00214156322304 -13.3904243701 0)
(0.00153324549691 -13.3868447143 0)
(0.00109211667522 -13.3842901706 0)
(0.000774816903932 -13.3824754747 0)
(0.000548470898432 -13.3811904315 0)
(0.000388469403954 -13.380281335 0)
(0.000276613494659 -13.3796364652 0)
(0.000199607333286 -13.3791749385 0)
(0.000147866631986 -13.3788382387 0)
(0.000114606179454 -13.3785838351 0)
(9.51935291736e-05 -13.3783803694 0)
(8.68536857096e-05 -13.3782038847 0)
(8.89107706245e-05 -13.3780342342 0)
(0.000102917653139 -13.3778501674 0)
(0.000127343272335 -13.3776239494 0)
(0.000135942002735 -13.3773355126 0)
(4.8238474707e-05 -13.3770578393 0)
(-2.17365874335e-05 -13.3771576952 0)
(-2.88883173499e-05 -13.3771990129 0)
(-2617.30382023 -13.3772745278 0)
(2613.25583354 -15.3877124258 0)
(0.0792022043191 -15.3053368259 0)
(0.118455512042 -15.1546038654 0)
(0.141871720506 -14.9578959108 0)
(0.150189103369 -14.7399811318 0)
(0.146717481007 -14.5206681001 0)
(0.135159686159 -14.3144633387 0)
(0.119179154547 -14.1299251861 0)
(0.101597734185 -13.9708295029 0)
(0.0843201824818 -13.837604056 0)
(0.0684691510798 -13.7286225476 0)
(0.0545924647208 -13.6411803592 0)
(0.0428540012352 -13.5721608192 0)
(0.0331840275955 -13.51845127 0)
(0.0253864136459 -13.4771776753 0)
(0.0192097494486 -13.4458169856 0)
(0.0143914631449 -13.4222322722 0)
(0.0106831225766 -13.4046623571 0)
(0.00786327927169 -13.391687166 0)
(0.00574243914448 -13.3821824005 0)
(0.00416331739839 -13.3752718269 0)
(0.00299848030476 -13.3702819333 0)
(0.00214673081028 -13.36670139 0)
(0.00152908191232 -13.3641462879 0)
(0.00108481579965 -13.3623312505 0)
(0.00076789821956 -13.3610460157 0)
(0.000543870340086 -13.3601368388 0)
(0.00038724951093 -13.3594919809 0)
(0.000279418421583 -13.3590305541 0)
(0.000206956585551 -13.3586940491 0)
(0.000160362063752 -13.3584399519 0)
(0.000133142907577 -13.3582369331 0)
(0.000121397625307 -13.3580610986 0)
(0.000124178757099 -13.3578924429 0)
(0.000143858251023 -13.3577098145 0)
(0.000179006743393 -13.3574844639 0)
(0.000193528918376 -13.357192146 0)
(6.53000639938e-05 -13.3568998611 0)
(-3.8384487049e-05 -13.3570292854 0)
(-4.08725079759e-05 -13.3570914165 0)
(-2614.63005181 -13.3571545256 0)
(2610.18670733 -15.3870127691 0)
(0.102795968488 -15.3021691839 0)
(0.153573581282 -15.147382603 0)
(0.183717397518 -14.9461125131 0)
(0.1942464288 -14.7239586815 0)
(0.189529600448 -14.5012266519 0)
(0.174421817305 -14.292493026 0)
(0.153670560745 -14.1062011758 0)
(0.130913434682 -13.9459460204 0)
(0.108593684789 -13.8119814911 0)
(0.0881440559106 -13.7025418353 0)
(0.0702583105239 -13.6148216217 0)
(0.0551386487199 -13.5456359977 0)
(0.0426892891456 -13.4918282987 0)
(0.0326539406477 -13.4504970477 0)
(0.0247067121064 -13.4191025317 0)
(0.0185083668151 -13.3954979083 0)
(0.0137384988712 -13.37791619 0)
(0.0101118014931 -13.3649339323 0)
(0.0073842974347 -13.3554248893 0)
(0.00535356611536 -13.3485117006 0)
(0.00385565060222 -13.3435201978 0)
(0.00276037458547 -13.3399386642 0)
(0.00196614456878 -13.3373829608 0)
(0.00139487133415 -13.3355675739 0)
(0.000987353246448 -13.3342821608 0)
(0.000699276364095 -13.3333729325 0)
(0.000497870427845 -13.3327281305 0)
(0.00035919369849 -13.3322668649 0)
(0.000265987072192 -13.3319306389 0)
(0.000206029379024 -13.3316769635 0)
(0.000170964181947 -13.3314745493 0)
(0.00015575172118 -13.3312995799 0)
(0.00015916760409 -13.3311322116 0)
(0.000184513451396 -13.3309514423 0)
(0.000230876960377 -13.3307276537 0)
(0.000252862557249 -13.3304328339 0)
(8.08105913628e-05 -13.3301272798 0)
(-6.00476600606e-05 -13.3302856906 0)
(-5.39363500187e-05 -13.330366814 0)
(-2611.96097105 -13.3304223114 0)
(2607.11799715 -15.386430547 0)
(0.127128237553 -15.2984555708 0)
(0.189666846198 -15.1385082105 0)
(0.226556504794 -14.9314665445 0)
(0.239166275608 -14.7039879695 0)
(0.23301061211 -14.4769783935 0)
(0.214164781384 -14.265094844 0)
(0.188488555674 -14.0766273711 0)
(0.160441671124 -13.9149392146 0)
(0.133001019503 -13.7800645884 0)
(0.107901124971 -13.6700629539 0)
(0.0859736322351 -13.5820032144 0)
(0.0674526658285 -13.5126158679 0)
(0.0522118175962 -13.4586897867 0)
(0.0399315670382 -13.417289628 0)
(0.0302095773305 -13.3858551703 0)
(0.0226287314857 -13.3622274064 0)
(0.0167959177771 -13.3446322467 0)
(0.0123615394192 -13.3316421457 0)
(0.00902688548488 -13.3221285037 0)
(0.00654425570417 -13.3152126103 0)
(0.00471308758189 -13.31021952 0)
(0.00337417820371 -13.3066370658 0)
(0.002403299981 -13.3040808464 0)
(0.00170497580929 -13.3022651963 0)
(0.00120682649831 -13.3009796875 0)
(0.000854676391695 -13.3000704871 0)
(0.000608463021621 -13.2994258209 0)
(0.000438916731346 -13.2989648033 0)
(0.000324936864765 -13.298628958 0)
(0.000251579991759 -13.2983758312 0)
(0.000208619636148 -13.2981741864 0)
(0.000189865175284 -13.2980003003 0)
(0.000193806270331 -13.2978345117 0)
(0.000224769829662 -13.2976560209 0)
(0.000282728430517 -13.2974345206 0)
(0.000313603691076 -13.2971388085 0)
(9.47287159856e-05 -13.2968221543 0)
(-8.62913288946e-05 -13.297007656 0)
(-6.81966755226e-05 -13.2971046611 0)
(-2609.29789398 -13.297155957 0)
(2604.0497301 -15.3861634186 0)
(0.152380435789 -15.2943494559 0)
(0.226971386545 -15.1280791915 0)
(0.270621445707 -14.9140122169 0)
(0.28514405901 -14.6801032504 0)
(0.277308225546 -14.447955713 0)
(0.254492021784 -14.2323092599 0)
(0.223701686638 -14.041255651 0)
(0.19022599121 -13.877872031 0)
(0.157568936924 -13.7419255325 0)
(0.127756330723 -13.6312652488 0)
(0.101747727719 -13.5428098298 0)
(0.0798013342562 -13.4731890528 0)
(0.0617545371244 -13.4191272385 0)
(0.047220863916 -13.3776490435 0)
(0.0357191564285 -13.3461701049 0)
(0.0267529515455 -13.32251715 0)
(0.0198555510234 -13.3049077996 0)
(0.0146125500976 -13.2919097509 0)
(0.0106702044983 -13.2823916973 0)
(0.00773536284225 -13.2754733943 0)
(0.00557075950441 -13.2704790276 0)
(0.00398810930179 -13.2668959388 0)
(0.00284051846859 -13.2643394497 0)
(0.00201510313386 -13.2625237415 0)
(0.00142629508865 -13.2612383062 0)
(0.00101004966579 -13.260329276 0)
(0.000719007189083 -13.2596848706 0)
(0.00051856628524 -13.2592242194 0)
(0.000383781498927 -13.2588888782 0)
(0.00029698369691 -13.2586364411 0)
(0.000246070358165 -13.2584357394 0)
(0.000223686662567 -13.2582631594 0)
(0.000228023477199 -13.2580992448 0)
(0.000264511675064 -13.2579234543 0)
(0.000334319445316 -13.2577049875 0)
(0.000375335818851 -13.2574100921 0)
(0.000107041087591 -13.2570850177 0)
(-0.00011654902309 -13.257295043 0)
(-8.35965411571e-05 -13.2574048454 0)
(-2606.64211892 -13.2574542006 0)
(2600.98189457 -15.3864515562 0)
(0.178745082975 -15.2900359416 0)
(0.265734293984 -15.1162118976 0)
(0.316151693008 -14.8938126809 0)
(0.332377576386 -14.6523437697 0)
(0.322569410212 -14.4141964716 0)
(0.29550479379 -14.1941845769 0)
(0.25937600145 -14.0001485076 0)
(0.220307694831 -13.8348205188 0)
(0.182322375938 -13.6976516116 0)
(0.147724265516 -13.5862446905 0)
(0.117588871445 -13.4973439148 0)
(0.0921891840853 -13.4274627623 0)
(0.0713198194475 -13.3732513611 0)
(0.0545229937519 -13.331688582 0)
(0.0412359560323 -13.300162543 0)
(0.0308811925543 -13.2764837862 0)
(0.0229173975898 -13.2588605815 0)
(0.0168647598606 -13.2458553026 0)
(0.0123141568231 -13.2363336467 0)
(0.00892678965825 -13.2294136986 0)
(0.00642857867412 -13.22441872 0)
(0.00460209378088 -13.220835547 0)
(0.00327773944222 -13.2182792306 0)
(0.00232520450347 -13.216463814 0)
(0.00164571958864 -13.2151787274 0)
(0.00116536350759 -13.2142700861 0)
(0.000829474348718 -13.2136261212 0)
(0.00059811521722 -13.2131659934 0)
(0.000442492525348 -13.2128313061 0)
(0.00034220775793 -13.2125797173 0)
(0.000283275968647 -13.2123801427 0)
(0.000257164092743 -13.2122090974 0)
(0.000261747296175 -13.2120473537 0)
(0.000303621291424 -13.2118746897 0)
(0.00038540086465 -13.2116600162 0)
(0.00043759763595 -13.2113676833 0)
(0.00011773854345 -13.2110371695 0)
(-0.000150256866669 -13.2112688611 0)
(-0.000100028192845 -13.2113889578 0)
(-2603.99492218 -13.2114378101 0)
(2597.9144326 -15.3875801298 0)
(0.206428367492 -15.2857332148 0)
(0.306216038673 -15.103040504 0)
(0.363395071299 -14.8709394978 0)
(0.381067300879 -14.6207537924 0)
(0.3689400641 -14.3757445867 0)
(0.337301614588 -14.1507779784 0)
(0.295574498262 -13.9533803902 0)
(0.250725370408 -13.7858753579 0)
(0.207284102574 -13.6473468546 0)
(0.167817870074 -13.5351155829 0)
(0.133504113366 -13.4457274313 0)
(0.104619845004 -13.3755645953 0)
(0.080909373193 -13.3211938999 0)
(0.0618386275211 -13.2795430561 0)
(0.0467601155864 -13.2479695845 0)
(0.0350133438609 -13.2242661326 0)
(0.0259812477347 -13.2066307076 0)
(0.0191179370421 -13.1936198984 0)
(0.0139585253073 -13.1840961935 0)
(0.0101183481951 -13.1771759268 0)
(0.00728638982717 -13.172181423 0)
(0.00521600718402 -13.1685990316 0)
(0.00371486505792 -13.1660435645 0)
(0.00263520376657 -13.1642289616 0)
(0.00186504067419 -13.1629446245 0)
(0.0013205709119 -13.1620366818 0)
(0.000939825733437 -13.1613934021 0)
(0.000677529290756 -13.1609340005 0)
(0.000501036711908 -13.1606001486 0)
(0.000387216394832 -13.1603495872 0)
(0.000320194334764 -13.1601513362 0)
(0.00029024445739 -13.1599820607 0)
(0.000294905013853 -13.1598227881 0)
(0.000341979168996 -13.1596536813 0)
(0.000435720738248 -13.159443573 0)
(0.000499905155044 -13.1591555495 0)
(0.000126805533695 -13.1588227223 0)
(-0.000186906673633 -13.1590731487 0)
(-0.000117386347872 -13.1592017115 0)
(-2601.35755357 -13.1592509097 0)
(2594.8472319 -15.3898821584 0)
(0.235653008128 -15.2816937233 0)
(0.348693037382 -15.0887165617 0)
(0.412609035329 -14.8454716752 0)
(0.431416558619 -14.5853822221 0)
(0.416564573023 -14.3326503127 0)
(0.379977633078 -14.1021563281 0)
(0.332356525549 -13.9010388339 0)
(0.28151440195 -13.7311431748 0)
(0.232474330929 -13.5911334541 0)
(0.188048150175 -13.4780120528 0)
(0.14949906896 -13.388103393 0)
(0.117095890371 -13.3176441142 0)
(0.0905241272859 -13.263109245 0)
(0.0691678568306 -13.2213704367 0)
(0.0522913407377 -13.1897518762 0)
(0.0391489679358 -13.1660268506 0)
(0.0290466444302 -13.1483823629 0)
(0.0213716626741 -13.1353688779 0)
(0.0156029511505 -13.1258455517 0)
(0.0113097437624 -13.118926953 0)
(0.00814395770561 -13.1139345067 0)
(0.00582966548597 -13.110354133 0)
(0.0041517534418 -13.1078004661 0)
(0.00294499249548 -13.1059874007 0)
(0.00208417556005 -13.1047043611 0)
(0.00147560799004 -13.1037975328 0)
(0.00105001059101 -13.1031552592 0)
(0.000756765916406 -13.1026968401 0)
(0.000559375195033 -13.1023640415 0)
(0.000431970248745 -13.1021147107 0)
(0.000356781276291 -13.1019179944 0)
(0.000322873711851 -13.1017507312 0)
(0.000327423159415 -13.1015942333 0)
(0.000379464314999 -13.1014291179 0)
(0.000485027228832 -13.1012243552 0)
(0.000561767758516 -13.1009423678 0)
(0.000134218699518 -13.1006103808 0)
(-0.000226054698149 -13.100876641 0)
(-0.000135580379057 -13.1010123966 0)
(-2598.73123165 -13.1010623435 0)
(2591.78011743 -15.3937418082 0)
(0.266661486848 -15.2782052349 0)
(0.393460448306 -15.0734081266 0)
(0.464061939214 -14.8174942856 0)
(0.483631573365 -14.5462818785 0)
(0.465585242886 -14.2849703008 0)
(0.423623910346 -14.0483968178 0)
(0.369777128925 -13.8432254611 0)
(0.312706446369 -13.6707477393 0)
(0.257910326975 -13.5291530686 0)
(0.208423882304 -13.415089416 0)
(0.165577701092 -13.3246372757 0)
(0.129618674594 -13.2538742905 0)
(0.100164108698 -13.1991759072 0)
(0.0765101012932 -13.1573533536 0)
(0.057828832789 -13.1256951353 0)
(0.0432872465226 -13.1019539861 0)
(0.0321128422883 -13.0843053568 0)
(0.023625299274 -13.0712933883 0)
(0.0172469102881 -13.0617738818 0)
(0.0125005571887 -13.0548597025 0)
(0.00900095382267 -13.0498714706 0)
(0.00644281531796 -13.0462947787 0)
(0.0045882115229 -13.0437441799 0)
(0.00325442476234 -13.0419336086 0)
(0.00230301423952 -13.0406525841 0)
(0.00163039128621 -13.0397474087 0)
(0.00115996428042 -13.0391065492 0)
(0.000835772834823 -13.0386494303 0)
(0.000617462590403 -13.0383179451 0)
(0.000476425810589 -13.038070076 0)
(0.000392990246213 -13.0378751222 0)
(0.000354996678289 -13.0377101223 0)
(0.000359227659638 -13.0375567059 0)
(0.000415954796078 -13.0373960177 0)
(0.00053307077006 -13.0371973853 0)
(0.000622700025284 -13.0369231246 0)
(0.000139950889831 -13.0365950724 0)
(-0.000267309829976 -13.036874329 0)
(-0.000154526849652 -13.0370163713 0)
(-2596.11713862 -13.0370671083 0)
(2588.7128425 -15.3995982533 0)
(0.299719744461 -15.2755918688 0)
(0.440835227241 -15.0572984595 0)
(0.518034284951 -14.7870966798 0)
(0.537921355587 -14.5035084974 0)
(0.516141585151 -14.2327675154 0)
(0.468326601018 -13.9895875424 0)
(0.407886341262 -13.7800569386 0)
(0.344328880449 -13.6048311216 0)
(0.283605995594 -13.4615680847 0)
(0.228951308743 -13.3465255001 0)
(0.18174209404 -13.2555183833 0)
(0.142188164082 -13.1844529052 0)
(0.109828314676 -13.1295979467 0)
(0.0838640112159 -13.0877005509 0)
(0.0633712142452 -13.0560116251 0)
(0.0474269236173 -13.0322624627 0)
(0.0351787639778 -13.0146166313 0)
(0.025877957676 -13.0016119034 0)
(0.0188896883189 -12.9921008179 0)
(0.0136902260144 -12.9851946849 0)
(0.00985694246314 -12.9802134809 0)
(0.00705512362359 -12.9766426245 0)
(0.00502398746455 -12.9740967236 0)
(0.00356331165661 -12.9722898685 0)
(0.00252141552957 -12.9710117698 0)
(0.00178481496099 -12.970108925 0)
(0.00126960628727 -12.969469987 0)
(0.000914486732395 -12.9690145556 0)
(0.000675246052741 -12.9686846921 0)
(0.000520534828373 -12.968438547 0)
(0.000428772014967 -12.9682456027 0)
(0.000386556975908 -12.9680831266 0)
(0.000390244074432 -12.9679331013 0)
(0.00045132843109 -12.9677772754 0)
(0.00057960585595 -12.9675855571 0)
(0.000682230344855 -12.9673206662 0)
(0.000143977803382 -12.9669995225 0)
(-0.000310314477016 -12.9672889934 0)
(-0.000174136221298 -12.9674365967 0)
(-2593.51641496 -12.9674878572 0)
(2585.6450794 -15.4079502266 0)
(0.335121445615 -15.2742151344 0)
(0.491159486098 -15.0405842523 0)
(0.574819931638 -14.7543702724 0)
(0.59449740625 -14.457119484 0)
(0.568369433878 -14.1761110578 0)
(0.514166025696 -13.9258280539 0)
(0.446728413081 -13.7116659371 0)
(0.376404217162 -13.5335548549 0)
(0.309571451289 -13.3885628807 0)
(0.249633822583 -13.2725219654 0)
(0.197992220059 -13.1809612074 0)
(0.154802761911 -13.109603941 0)
(0.119514579556 -13.0546063951 0)
(0.0912273656154 -13.012648333 0)
(0.0689164504475 -12.9809416228 0)
(0.0515662452722 -12.9571955673 0)
(0.0382429541435 -12.9395617595 0)
(0.0281284619535 -12.9265717329 0)
(0.0205303539872 -12.9170749857 0)
(0.0148780246033 -12.9101815182 0)
(0.0107113659041 -12.9052108996 0)
(0.0076661667782 -12.901648586 0)
(0.00545876272136 -12.8991094218 0)
(0.00387141552313 -12.8973078048 0)
(0.00273920294493 -12.8960337603 0)
(0.00193874784934 -12.8951340804 0)
(0.00137883814693 -12.8944976831 0)
(0.000992831806084 -12.8940444053 0)
(0.000732664309196 -12.8937165254 0)
(0.000564243686264 -12.8934724024 0)
(0.000464074330988 -12.8932817357 0)
(0.000417496961078 -12.8931220545 0)
(0.000420397900149 -12.8929757321 0)
(0.000485463627024 -12.8928252003 0)
(0.0006243926102 -12.8926411728 0)
(0.000739906960838 -12.8923872385 0)
(0.000146285449357 -12.8920758145 0)
(-0.000354724681793 -12.8923727408 0)
(-0.000194299605576 -12.8925252043 0)
(-2590.93015373 -12.8925764529 0)
(2582.57640942 -15.4193614056 0)
(0.373192939316 -15.2744749749 0)
(0.544804199655 -15.0234732992 0)
(0.634727238621 -14.719405853 0)
(0.653573198492 -14.4071724292 0)
(0.622399871175 -14.1150759196 0)
(0.561215625168 -13.8572299155 0)
(0.486340981051 -13.6382021068 0)
(0.408949491739 -13.4571011114 0)
(0.335812573498 -13.3103450975 0)
(0.270471643398 -13.1933056274 0)
(0.21432569892 -13.1012067864 0)
(0.167459126539 -13.0295789713 0)
(0.129219436284 -12.9744606707 0)
(0.0985969656657 -12.9324620038 0)
(0.0744617673822 -12.9007548796 0)
(0.0557028962785 -12.877026427 0)
(0.0413035308574 -12.8594164366 0)
(0.0303753124382 -12.8464505241 0)
(0.0221677312483 -12.8369755116 0)
(0.0160630432335 -12.830100444 0)
(0.011563528901 -12.8251448035 0)
(0.00827541918157 -12.8215943611 0)
(0.00589214372159 -12.8190644305 0)
(0.00417844396643 -12.8172699085 0)
(0.00295616040047 -12.81600129 0)
(0.00209203040812 -12.8151057844 0)
(0.00148754130312 -12.8144726714 0)
(0.00107071826945 -12.8140221006 0)
(0.000789646645601 -12.8136966263 0)
(0.00060749275916 -12.8134548628 0)
(0.000498841581299 -12.813266766 0)
(0.000447757693974 -12.8131101623 0)
(0.000449614919185 -12.8129678563 0)
(0.000518240290015 -12.8128230438 0)
(0.000667198222452 -12.8126474704 0)
(0.000795302002901 -12.8124060155 0)
(0.000146877331916 -12.8121069352 0)
(-0.000400192419179 -12.8124085389 0)
(-0.000214878628314 -12.8125650676 0)
(-2588.35939462 -12.8126155357 0)
(2579.50631213 -15.4344668017 0)
(0.414299066893 -15.2768107814 0)
(0.602173310479 -15.0061814884 0)
(0.698080105633 -14.682290354 0)
(0.715363392945 -14.353723382 0)
(0.678357936626 -14.049742675 0)
(0.60954078824 -13.7839172609 0)
(0.5267541739 -13.5598330672 0)
(0.441975619027 -13.375673882 0)
(0.362330548092 -13.2271469014 0)
(0.291461484811 -13.1091297616 0)
(0.23073755128 -13.0165240398 0)
(0.180151985051 -12.9446585209 0)
(0.138937973049 -12.8894499634 0)
(0.105968523829 -12.8474372743 0)
(0.0800035658155 -12.8157520461 0)
(0.0598339338725 -12.7920594506 0)
(0.044358134721 -12.7744879338 0)
(0.0326166469583 -12.7615577255 0)
(0.0238003700087 -12.7521134937 0)
(0.0172441662141 -12.7452638034 0)
(0.0124125824852 -12.740328464 0)
(0.00888224137972 -12.7367939119 0)
(0.00632365324256 -12.734276221 0)
(0.00448404363206 -12.732491023 0)
(0.00317202776137 -12.7312294718 0)
(0.00224447156747 -12.7303393435 0)
(0.00159557489552 -12.7297103962 0)
(0.00114804082505 -12.7292631825 0)
(0.000846111871721 -12.7289406021 0)
(0.000650215748314 -12.7287015794 0)
(0.000533014444462 -12.7285163708 0)
(0.00047727890099 -12.7283631397 0)
(0.000477821586406 -12.7282251645 0)
(0.000549540803722 -12.728086487 0)
(0.000707798285277 -12.7279201107 0)
(0.000848013990111 -12.7276925878 0)
(0.000145780768967 -12.7274082746 0)
(-0.000446351155237 -12.7277117141 0)
(-0.00023569897959 -12.7278713368 0)
(-2585.80511761 -12.7279200588 0)
(2576.43415391 -15.453980358 0)
(0.458850001977 -15.2817023193 0)
(0.663708285153 -14.9889289522 0)
(0.7652188599 -14.6431029875 0)
(0.780082734292 -14.2968248636 0)
(0.736361095408 -13.9801971146 0)
(0.659197546727 -13.7060273495 0)
(0.567989656818 -13.4767453887 0)
(0.47548672489 -13.2895001307 0)
(0.389121397587 -13.1392262037 0)
(0.312596215726 -13.0202753535 0)
(0.247219947068 -12.9272110391 0)
(0.192873941817 -12.8551533566 0)
(0.148663685592 -12.7998945454 0)
(0.113336549112 -12.7579015912 0)
(0.0855373321351 -12.7262660187 0)
(0.0639557187411 -12.7026316881 0)
(0.0474038758643 -12.6851164691 0)
(0.0348502004713 -12.6722359658 0)
(0.0254265156818 -12.662833387 0)
(0.0184200491663 -12.6560174268 0)
(0.0132575071846 -12.6511087399 0)
(0.00948586778443 -12.6475948603 0)
(0.00675272151185 -12.6450929762 0)
(0.00478779381344 -12.6433197409 0)
(0.00338649629608 -12.6420671946 0)
(0.00239584551476 -12.6411838594 0)
(0.00170277350658 -12.6405601103 0)
(0.0012246771 -12.6401170095 0)
(0.00090196726319 -12.639797884 0)
(0.000692339005748 -12.6395620313 0)
(0.000566529524356 -12.6393800585 0)
(0.000505998952993 -12.6392305086 0)
(0.000504945447108 -12.6390971788 0)
(0.000579251053866 -12.6389650387 0)
(0.000745978065913 -12.6388085754 0)
(0.000897669224059 -12.6385963613 0)
(0.000143052083518 -12.6383290333 0)
(-0.000492804864753 -12.6386313623 0)
(-0.000256547564789 -12.6387928795 0)
(-2583.26823634 -12.6388387301 0)
(2573.35917559 -15.4787040068 0)
(0.507309348041 -15.2896704764 0)
(0.729893176842 -14.9719351659 0)
(0.836500923352 -14.6019106562 0)
(0.847944567515 -14.236523609 0)
(0.796517439451 -13.9065298162 0)
(0.710231133423 -13.6237111044 0)
(0.610059617656 -13.3891455402 0)
(0.509479456036 -13.1988308844 0)
(0.416175503534 -13.0468677929 0)
(0.333864517715 -12.9270522437 0)
(0.263761950653 -12.8335961626 0)
(0.205615283788 -12.7614056538 0)
(0.158388326126 -12.7061469513 0)
(0.120694229175 -12.664215331 0)
(0.0910575464526 -12.6326631455 0)
(0.0680638437861 -12.609114048 0)
(0.0504372791777 -12.5916764329 0)
(0.0370732633808 -12.5788622858 0)
(0.0270440778043 -12.5695142405 0)
(0.0195890956464 -12.5627418742 0)
(0.0140970957872 -12.5578673196 0)
(0.0100853941072 -12.5543797308 0)
(0.00717867712336 -12.5518978353 0)
(0.005089199952 -12.5501396489 0)
(0.00359920405879 -12.5488983689 0)
(0.0025458884354 -12.5480234741 0)
(0.00180894488114 -12.5474061201 0)
(0.00130048607506 -12.5469680033 0)
(0.000957107497234 -12.546652973 0)
(0.000733780848196 -12.5464207716 0)
(0.00059931899527 -12.5462424136 0)
(0.000533854845267 -12.5460968681 0)
(0.000530915571956 -12.5459684975 0)
(0.000607261481993 -12.5458432803 0)
(0.000781533756257 -12.545697412 0)
(0.000943922410952 -12.545501802 0)
(0.000138780559743 -12.5452534741 0)
(-0.000539120392276 -12.5455516067 0)
(-0.000277172539933 -12.5457135642 0)
(-2580.74959129 -12.545755299 0)
(2570.28047901 -15.5095385047 0)
(0.560203770164 -15.3012777108 0)
(0.801260249205 -14.9554127367 0)
(0.912301171272 -14.5587625281 0)
(0.91915890228 -14.1728580253 0)
(0.858923596327 -13.828835652 0)
(0.762674401935 -13.5371336131 0)
(0.652965700832 -13.2972607641 0)
(0.543942274335 -13.1039422125 0)
(0.443477125716 -12.9503843264 0)
(0.355250541802 -12.8298001107 0)
(0.280349265046 -12.7360390717 0)
(0.218363784078 -12.6637899739 0)
(0.168101750148 -12.6085929607 0)
(0.128033310265 -12.5667727908 0)
(0.0965575887451 -12.5353442252 0)
(0.0721530612677 -12.5119123027 0)
(0.0534542283007 -12.4945773984 0)
(0.0392826389436 -12.4818491536 0)
(0.028650598011 -12.4725707139 0)
(0.0207494333416 -12.4658534537 0)
(0.0149299358562 -12.4610217413 0)
(0.0106797646464 -12.4575669714 0)
(0.00760073789165 -12.4551099138 0)
(0.00538768710429 -12.4533703483 0)
(0.0038097312578 -12.4521429461 0)
(0.00269429527092 -12.45127839 0)
(0.00191386766848 -12.4506688057 0)
(0.00137530651965 -12.4502366684 0)
(0.00101141359221 -12.4499264587 0)
(0.000774450875427 -12.4496984465 0)
(0.000631310237815 -12.4495241164 0)
(0.000560782179407 -12.4493829141 0)
(0.000555663002839 -12.4492598149 0)
(0.000633468161038 -12.4491418859 0)
(0.00081427372729 -12.4490072528 0)
(0.000986456794459 -12.4488294557 0)
(0.000133091134964 -12.4486019449 0)
(-0.000584822894081 -12.4488926292 0)
(-0.000297286026467 -12.4490533136 0)
(-2578.24994257 -12.4490896099 0)
(2567.19701235 -15.5474964392 0)
(0.61813450163 -15.3171280276 0)
(0.87839621339 -14.9395595611 0)
(0.99301186564 -14.5136836638 0)
(0.99392994274 -14.1058553656 0)
(0.923662321893 -13.7472132347 0)
(0.816546110995 -13.4464745697 0)
(0.696697897765 -13.201339841 0)
(0.578854743573 -13.0051360436 0)
(0.471003923898 -12.8501171196 0)
(0.376733568656 -12.7288892263 0)
(0.296963978015 -12.6349314434 0)
(0.231104505988 -12.5627139836 0)
(0.177791762741 -12.5076523135 0)
(0.135343976277 -12.4660029021 0)
(0.102029644071 -12.4347452221 0)
(0.076217209154 -12.411467805 0)
(0.0564499090135 -12.3942648399 0)
(0.0414746002721 -12.3816451823 0)
(0.0302432177863 -12.3724537967 0)
(0.0218988901794 -12.3658049399 0)
(0.0157543922313 -12.3610261098 0)
(0.011267759608 -12.3576116702 0)
(0.00801800174848 -12.3551850197 0)
(0.00568259347964 -12.3534681702 0)
(0.00401759571497 -12.3522576343 0)
(0.00284071652659 -12.3514055842 0)
(0.00201728920444 -12.3508053346 0)
(0.00144895547155 -12.3503803056 0)
(0.00106475187671 -12.3500757333 0)
(0.000814249305492 -12.3498525085 0)
(0.000662425471659 -12.349682656 0)
(0.000586715147666 -12.3495461526 0)
(0.000579121220952 -12.3494286344 0)
(0.000657773903544 -12.3493183346 0)
(0.000844019797801 -12.3491955282 0)
(0.00102498398404 -12.3490366604 0)
(0.000126145858717 -12.3488315942 0)
(-0.000629394133529 -12.3491113953 0)
(-0.000316568677326 -12.3492688467 0)
(-2575.7699627 -12.3492983451 0)
(2564.10755412 -15.5937179128 0)
(0.681791145787 -15.3378662569 0)
(0.961949121977 -14.9245489531 0)
(1.07904201037 -14.4666675815 0)
(1.0724529881 -14.0355286343 0)
(0.9907997555 -13.6617643109 0)
(0.871849080673 -13.3519286382 0)
(0.741233406052 -13.1016536979 0)
(0.614186818612 -12.9027407611 0)
(0.498726489175 -12.7464366711 0)
(0.398287677046 -12.6247209151 0)
(0.313584313597 -12.5306973833 0)
(0.243819610061 -12.4586188398 0)
(0.18744396645 -12.4037790768 0)
(0.142614728542 -12.362369588 0)
(0.107464608156 -12.3313376167 0)
(0.0802491377049 -12.3082578339 0)
(0.0594187528456 -12.2912204748 0)
(0.043644847591 -12.2787354695 0)
(0.0318186464829 -12.2696511436 0)
(0.0230349707094 -12.2630859074 0)
(0.0165685898001 -12.2583714283 0)
(0.0118479826805 -12.255005884 0)
(0.00842943789338 -12.2526159807 0)
(0.00597316417757 -12.250926501 0)
(0.00422224845861 -12.2497362218 0)
(0.00298475521328 -12.2488991317 0)
(0.00211892339397 -12.2483099845 0)
(0.00152122677699 -12.247893334 0)
(0.0011169730097 -12.2475953131 0)
(0.000853066335017 -12.247377538 0)
(0.000692581419705 -12.2472126519 0)
(0.000611586506956 -12.2470812205 0)
(0.00060122660567 -12.2469695897 0)
(0.000680089391625 -12.2468672321 0)
(0.000870608566572 -12.2467567876 0)
(0.00105924360778 -12.2466178671 0)
(0.000118144143148 -12.2464366932 0)
(-0.000672273409856 -12.2467019872 0)
(-0.000334675977385 -12.2468540272 0)
(-2573.31022913 -12.2468753739 0)
(2561.01069551 -15.6494895393 0)
(0.751968293569 -15.3641763199 0)
(1.05263594846 -14.9105172566 0)
(1.17081592941 -14.4176676536 0)
(1.15491059687 -13.9618732595 0)
(1.06038232111 -13.5725931175 0)
(0.928568233584 -13.2537057131 0)
(0.786535473192 -12.9984958156 0)
(0.649898148947 -12.7971115199 0)
(0.5266078931 -12.6397428547 0)
(0.419881426219 -12.5177276457 0)
(0.330184393077 -12.4237934466 0)
(0.25648816728 -12.351979163 0)
(0.197041613102 -12.297461587 0)
(0.149832268305 -12.256371683 0)
(0.112851994887 -12.2256283091 0)
(0.0842406375338 -12.2027954861 0)
(0.0623543818868 -12.1859621447 0)
(0.0457884665037 -12.1736414706 0)
(0.0333731302183 -12.1646869419 0)
(0.0241548332327 -12.1582225914 0)
(0.0173703968998 -12.1535854544 0)
(0.0124188491424 -12.1502784916 0)
(0.0088338783428 -12.1479324939 0)
(0.00625854525463 -12.1462756304 0)
(0.00442306959128 -12.1451094234 0)
(0.00312596398151 -12.14429005 0)
(0.00221844874032 -12.1437139867 0)
(0.00159188975181 -12.1433071341 0)
(0.00116791106445 -12.1430166807 0)
(0.000890781551809 -12.1428050855 0)
(0.000721688975544 -12.1426456954 0)
(0.000635327572866 -12.142519728 0)
(0.000621918907813 -12.1424142869 0)
(0.000700334332588 -12.1423201525 0)
(0.000893892806259 -12.1422225405 0)
(0.00108900286137 -12.1421044806 0)
(0.000109321828088 -12.1419484787 0)
(-0.000712860932046 -12.1421954557 0)
(-0.000351246009637 -12.1423397288 0)
(-2570.87121682 -12.1423516171 0)
(2557.90482095 -15.7162675651 0)
(0.829585602342 -15.396778061 0)
(1.15125085524 -14.897548337 0)
(1.26877080979 -14.3665872429 0)
(1.24146789533 -13.8848635997 0)
(1.13243326479 -13.4798057295 0)
(0.986668541038 -13.152031059 0)
(0.832552244683 -12.8921823865 0)
(0.685937410805 -12.6886302228 0)
(0.554603264014 -12.5304647116 0)
(0.441477558654 -12.4083726828 0)
(0.346734010132 -12.3147081908 0)
(0.269085981992 -12.2433025211 0)
(0.206565462464 -12.1892218843 0)
(0.156981384118 -12.1485423321 0)
(0.118179847536 -12.118158992 0)
(0.0881823705793 -12.0956290277 0)
(0.0652495559462 -12.0790431514 0)
(0.0478998881673 -12.0669203203 0)
(0.0349024223225 -12.058121222 0)
(0.025255268204 -12.0517771908 0)
(0.0181574097487 -12.0472319957 0)
(0.0129785747722 -12.0439944835 0)
(0.00923001013291 -12.0417004118 0)
(0.00653777828257 -12.0400820332 0)
(0.00461936453629 -12.0389441601 0)
(0.00326384254547 -12.0381455773 0)
(0.00231550658613 -12.0375848026 0)
(0.00166068797605 -12.0371893229 0)
(0.00121738273127 -12.0369075599 0)
(0.000927263407275 -12.036702945 0)
(0.000749652912992 -12.0365496237 0)
(0.000657868200229 -12.0364295317 0)
(0.000641141707996 -12.0363305778 0)
(0.000718438667103 -12.0362449118 0)
(0.000913742948397 -12.0361605304 0)
(0.00111405598223 -12.0360641323 0)
(9.99491138748e-05 -12.0359344265 0)
(-0.000750523446376 -12.0361591045 0)
(-0.000365908245182 -12.0362931314 0)
(-2568.45329086 -12.036294341 0)
(2554.78808639 -15.7957061509 0)
(0.915712139188 -15.4364220675 0)
(1.25867411209 -14.8856542132 0)
(1.37335287687 -14.3132685222 0)
(1.33226689955 -13.8044493909 0)
(1.20694882926 -13.3835094386 0)
(1.04609290217 -13.0471453106 0)
(0.879215640425 -12.7830521773 0)
(0.722241683929 -12.5777050956 0)
(0.582659401104 -12.4190597757 0)
(0.463032730378 -12.2971492272 0)
(0.363198425415 -12.2039611856 0)
(0.281585428597 -12.1331283465 0)
(0.215993650891 -12.0796145632 0)
(0.164044846758 -12.039447791 0)
(0.123434655783 -12.0095049112 0)
(0.0920638056441 -11.9873406246 0)
(0.0680961233477 -11.9710509624 0)
(0.0499728523969 -11.9591635203 0)
(0.0364017561353 -11.9505485292 0)
(0.0263326784898 -11.9443465269 0)
(0.0189269383451 -11.9399095594 0)
(0.013525165914 -11.936753604 0)
(0.00961636840397 -11.9345203779 0)
(0.00680979560152 -11.9329470014 0)
(0.00481036078268 -11.9318421873 0)
(0.00339783547466 -11.9310677976 0)
(0.00240969962133 -11.9305247477 0)
(0.00172733830471 -11.9301423768 0)
(0.00126518664681 -11.929870537 0)
(0.000962368779906 -11.929673776 0)
(0.000776371631247 -11.9295271408 0)
(0.000679136763376 -11.9294133557 0)
(0.00065884288509 -11.929321181 0)
(0.000734343811858 -11.929244189 0)
(0.000930048703533 -11.9291733545 0)
(0.00113422364073 -11.9290992996 0)
(9.03273913525e-05 -11.9289968733 0)
(-0.000784601918497 -11.92919512 0)
(-0.000378293304862 -11.9293163609 0)
(-2566.05669933 -11.9293057968 0)
(2551.6583953 -15.8896921379 0)
(1.01159598987 -15.4838816898 0)
(1.3758815643 -14.8747509105 0)
(1.48501177425 -14.2574799718 0)
(1.42741971205 -13.7205522882 0)
(1.28389408084 -13.2838122152 0)
(1.10675999329 -12.9393043183 0)
(0.92644028769 -12.6714660506 0)
(0.758735891135 -12.4647698048 0)
(0.610714437693 -12.3060128682 0)
(0.484497276664 -12.1845789803 0)
(0.379538186285 -12.0921014128 0)
(0.29395530648 -12.0220262179 0)
(0.225301573562 -11.9692249658 0)
(0.171003314518 -11.9296855515 0)
(0.128601280812 -11.9002729397 0)
(0.095873160331 -11.8785443753 0)
(0.0708849768108 -11.8626052111 0)
(0.0520003748066 -11.8509949122 0)
(0.0378658210009 -11.8425958771 0)
(0.0273830621642 -11.8365599809 0)
(0.0196759943309 -11.832249277 0)
(0.0140564110638 -11.8291882658 0)
(0.00999133064667 -11.8270257348 0)
(0.00707341641492 -11.8255045459 0)
(0.00499520529042 -11.8244379928 0)
(0.00352733047332 -11.8236915364 0)
(0.00250059074559 -11.8231688841 0)
(0.00179153010371 -11.8228015227 0)
(0.00131110289382 -11.8225409515 0)
(0.000995942650324 -11.8223529924 0)
(0.000801736965537 -11.8222137059 0)
(0.000699060156459 -11.8221066803 0)
(0.000674975055509 -11.8220215708 0)
(0.000748003961383 -11.8219534147 0)
(0.000942720825773 -11.8218963526 0)
(0.0011493522306 -11.8218451928 0)
(8.07850441594e-05 -11.8217709057 0)
(-0.00081442097225 -11.8219384682 0)
(-0.000388043603205 -11.8220443949 0)
(-2563.68156643 -11.8220211248 0)
(2548.51337162 -16.0003879992 0)
(1.11870038468 -15.5399411872 0)
(1.50395445569 -14.8646284084 0)
(1.60419260134 -14.1989026386 0)
(1.52700045087 -13.6330627205 0)
(1.36319842323 -13.1808223233 0)
(1.16856213509 -12.8287788278 0)
(0.974122543125 -12.5578061055 0)
(0.795332320412 -12.350282065 0)
(0.638697566022 -12.1918343077 0)
(0.505815021462 -12.0712100715 0)
(0.395708977893 -11.9797049948 0)
(0.306160718002 -11.9105934426 0)
(0.234461784157 -11.8586666542 0)
(0.177835251981 -11.8198817301 0)
(0.133662891022 -11.7910988988 0)
(0.0995973513473 -11.7698835794 0)
(0.0736060159743 -11.7543549239 0)
(0.0539747192071 -11.7430678723 0)
(0.0392887424061 -11.7349199152 0)
(0.0284019985124 -11.7290766412 0)
(0.0204012813557 -11.7249120359 0)
(0.0145698743545 -11.7219606704 0)
(0.0103531123841 -11.7198796344 0)
(0.00732734399108 -11.7184185006 0)
(0.00517296268317 -11.7173958957 0)
(0.00365165723032 -11.7166814551 0)
(0.0025877023531 -11.7161821132 0)
(0.00185292480574 -11.7158318283 0)
(0.00135489271608 -11.7155839847 0)
(0.00102781790669 -11.7154058504 0)
(0.000825634051006 -11.7152746214 0)
(0.000717563786048 -11.7151748288 0)
(0.000689495998026 -11.7150970643 0)
(0.000759387456142 -11.7150378589 0)
(0.000951693088656 -11.714994693 0)
(0.00115931300787 -11.7149668404 0)
(7.1672311652e-05 -11.714921449 0)
(-0.000839299753438 -11.7150539891 0)
(-0.000394824629232 -11.7151421626 0)
(-2561.32788622 -11.7151054536 0)
(2545.35032946 -16.1302851604 0)
(1.23874790803 -15.6053785239 0)
(1.64408927402 -14.8549132901 0)
(1.73132491183 -14.1371153669 0)
(1.63103577509 -13.54183735 0)
(1.44475085937 -13.0746481678 0)
(1.23136323685 -12.7158539885 0)
(1.02213964024 -12.4424744006 0)
(0.831930250706 -12.2347216923 0)
(0.666528836392 -12.0770574857 0)
(0.526923139224 -11.9576143042 0)
(0.411661512072 -11.8673722034 0)
(0.318162974617 -11.7994518905 0)
(0.243443916058 -11.7485781114 0)
(0.184516865592 -11.7106876646 0)
(0.138600910954 -11.682644074 0)
(0.103221955314 -11.6620271885 0)
(0.0762481182275 -11.6469749195 0)
(0.0558873765477 -11.6360616706 0)
(0.0406640672281 -11.6282032569 0)
(0.0293846380229 -11.622581607 0)
(0.0210991884844 -11.618584764 0)
(0.015062891367 -11.6157590776 0)
(0.0106997646036 -11.6137712974 0)
(0.00757016414279 -11.6123787734 0)
(0.00534261439763 -11.6114062912 0)
(0.00377008697777 -11.6107282921 0)
(0.00267051610009 -11.6102554131 0)
(0.00191115580728 -11.6099244375 0)
(0.00139629847465 -11.6096908933 0)
(0.0010578153161 -11.6095236816 0)
(0.000847941296483 -11.6094012644 0)
(0.000734571571088 -11.6093091997 0)
(0.000702369030726 -11.6092390535 0)
(0.000768478211654 -11.609188863 0)
(0.000956924527487 -11.6091596047 0)
(0.00116400104053 -11.6091553183 0)
(6.33552932255e-05 -11.6091395001 0)
(-0.000858563695523 -11.6092326337 0)
(-0.000398336501893 -11.6093007843 0)
(-2558.99551691 -11.6092501413 0)
(2542.16623889 -16.2822705132 0)
(1.37377475873 -15.6809408007 0)
(1.79760708709 -14.8450223797 0)
(1.86680778937 -14.0715794096 0)
(1.73949389069 -13.4466975175 0)
(1.52839509552 -12.9653984691 0)
(1.29499688853 -12.6008286882 0)
(1.07034900238 -12.3258912335 0)
(0.86841570339 -12.1185880703 0)
(0.69411904363 -11.9622357782 0)
(0.547752077926 -11.8443836835 0)
(0.427341460629 -11.7557237146 0)
(0.329919536398 -11.6892440458 0)
(0.252214629335 -11.6396186368 0)
(0.191022059463 -11.6027756873 0)
(0.143394986254 -11.5755908904 0)
(0.106731182241 -11.555665405 0)
(0.0787991195513 -11.5411613474 0)
(0.0577290517261 -11.5306769605 0)
(0.0419847551256 -11.5231499321 0)
(0.0303256971055 -11.5177814113 0)
(0.0217657872291 -11.5139758306 0)
(0.0155325676736 -11.5112931899 0)
(0.0110291732299 -11.5094113848 0)
(0.00780034523091 -11.5080967082 0)
(0.0055030589487 -11.507181006 0)
(0.00388183283582 -11.5065442129 0)
(0.00274847327497 -11.5061011854 0)
(0.00196582878099 -11.5057919144 0)
(0.00143504388621 -11.5055743522 0)
(0.00108574368849 -11.5054192338 0)
(0.00086853043071 -11.5053064276 0)
(0.000750005948776 -11.5052226068 0)
(0.000713563337886 -11.505160346 0)
(0.000775277227873 -11.505119181 0)
(0.000958402026388 -11.5051037164 0)
(0.00116333391977 -11.5051230867 0)
(5.62092416669e-05 -11.5051374706 0)
(-0.000871556582496 -11.505186807 0)
(-0.000398326152207 -11.5052329125 0)
(-2556.68417604 -11.5051681225 0)
(2538.9576872 -16.4597097674 0)
(1.52619753473 -15.7673095515 0)
(1.96596155224 -14.8341052583 0)
(2.01098988427 -14.0016231019 0)
(1.8522719632 -13.3474291561 0)
(1.61392462523 -12.8531828623 0)
(1.35926468397 -12.484014716 0)
(1.11858776383 -12.2084929583 0)
(0.904661341758 -12.002397011 0)
(0.721369713744 -11.8479387731 0)
(0.568225551947 -11.7321262144 0)
(0.44268943961 -11.6453960975 0)
(0.341383990171 -11.5806282632 0)
(0.260737587776 -11.5324634224 0)
(0.197322414883 -11.4968340592 0)
(0.148022967402 -11.4706377352 0)
(0.110107863907 -11.4515044155 0)
(0.0812458071235 -11.4376263498 0)
(0.0594896596178 -11.4276303864 0)
(0.043243177073 -11.4204799504 0)
(0.0312194583156 -11.4153985518 0)
(0.0223968327682 -11.4118095519 0)
(0.0159757805341 -11.4092886384 0)
(0.0113390609526 -11.4075264694 0)
(0.00801623989975 -11.4062995461 0)
(0.00565311344836 -11.4054477518 0)
(0.00398605109412 -11.4048572581 0)
(0.00282097579984 -11.4044476986 0)
(0.0020165224495 -11.4041626846 0)
(0.00147083459563 -11.4039628931 0)
(0.00111140024206 -11.4038211086 0)
(0.000887266691973 -11.4037187554 0)
(0.000763787880172 -11.403643715 0)
(0.000723054198784 -11.4035896009 0)
(0.000779804142318 -11.4035574163 0)
(0.00095614337901 -11.4035554928 0)
(0.00115725019757 -11.4035984216 0)
(5.06112379817e-05 -11.4036436247 0)
(-0.000877652075068 -11.4036448061 0)
(-0.000394599608649 -11.4036671602 0)
(-2554.3934367 -11.4035883465 0)
(2535.72083502 -16.666552378 0)
(1.69889566054 -15.8650521073 0)
(2.15074437702 -14.8209730746 0)
(2.16414300981 -13.9264276872 0)
(1.96918193861 -13.2437847651 0)
(1.70107798355 -12.7381130162 0)
(1.42393486932 -12.3657357606 0)
(1.16667254338 -12.0907293373 0)
(0.940526540439 -11.8866770059 0)
(0.748173202941 -11.734747819 0)
(0.588260613039 -11.6214609747 0)
(0.457641050872 -11.5370365445 0)
(0.352506071415 -11.4742732389 0)
(0.268973470138 -11.427797822 0)
(0.203387196915 -11.3935610799 0)
(0.152460914988 -11.3684929397 0)
(0.113333459307 -11.3502602714 0)
(0.0835739253654 -11.3370918632 0)
(0.061158331606 -11.3276483218 0)
(0.0444311220573 -11.3209229919 0)
(0.0320597768204 -11.3161651429 0)
(0.0229877699004 -11.3128198144 0)
(0.0163891841588 -11.3104805855 0)
(0.0116269916962 -11.3088526226 0)
(0.00821608875424 -11.3077240002 0)
(0.00579151654725 -11.3069436913 0)
(0.00408184349081 -11.3064049028 0)
(0.00288738798065 -11.3060326437 0)
(0.00206278987457 -11.3057745867 0)
(0.00150335908911 -11.3055944544 0)
(0.00113457122131 -11.3054673096 0)
(0.00090400913568 -11.3053762917 0)
(0.000775836857727 -11.3053105876 0)
(0.000730823082959 -11.3052648766 0)
(0.000782098836249 -11.3052415707 0)
(0.00095020095651 -11.3052527822 0)
(0.00114570754527 -11.3053189568 0)
(4.69323496166e-05 -11.3053956298 0)
(-0.000876263683357 -11.3053443664 0)
(-0.000387034231599 -11.3053416292 0)
(-2552.12272494 -11.3052493259 0)
(2532.4513663 -16.9074642101 0)
(1.8953133954 -15.9745538054 0)
(2.35368643626 -14.8040104866 0)
(2.32642754617 -13.8450159517 0)
(2.08993489741 -13.1354881497 0)
(1.78953442614 -12.620304349 0)
(1.48874141975 -12.2463262541 0)
(1.21439951477 -11.973060434 0)
(0.975857645401 -11.7719648874 0)
(0.774412919991 -11.6232509213 0)
(0.607767806865 -11.513012496 0)
(0.472126986753 -11.4312968792 0)
(0.363231734665 -11.3708517355 0)
(0.276880019576 -11.326310853 0)
(0.209183391336 -11.2936584124 0)
(0.156683129106 -11.2698679636 0)
(0.116388079209 -11.2526519612 0)
(0.085768197053 -11.2402826017 0)
(0.0627234338755 -11.2314597835 0)
(0.0455398128381 -11.2252112669 0)
(0.0328400938176 -11.2208157356 0)
(0.0235337442608 -11.2177428634 0)
(0.0167692188937 -11.2156064889 0)
(0.0118903780013 -11.2141281609 0)
(0.00839802616659 -11.2131089897 0)
(0.00591693292507 -11.2124081627 0)
(0.00416826061831 -11.2119267752 0)
(0.00294703902879 -11.2115958476 0)
(0.00210416030894 -11.2113675829 0)
(0.00153229001119 -11.2112090888 0)
(0.0011550327678 -11.2110979489 0)
(0.000918611096993 -11.2110191845 0)
(0.000786070909856 -11.2109633905 0)
(0.000736857574136 -11.2109263357 0)
(0.000782223027464 -11.2109117507 0)
(0.000940666170053 -11.210935521 0)
(0.0011286806596 -11.2110243806 0)
(4.55293087275e-05 -11.2111332635 0)
(-0.000866851942928 -11.2110253644 0)
(-0.000375591509214 -11.2109965816 0)
(-2549.87131851 -11.2108918398 0)
(2529.14443142 -17.1879959881 0)
(2.11958640526 -16.0959238646 0)
(2.57665194775 -14.7810668889 0)
(2.49784747718 -13.7562461244 0)
(2.21412425915 -13.0222427293 0)
(1.87891036268 -12.4998783787 0)
(1.55338365233 -12.1261300713 0)
(1.26154481672 -11.8559530743 0)
(1.01048844299 -11.6588009367 0)
(0.799963681218 -11.5140370348 0)
(0.626651421448 -11.4074045116 0)
(0.486073202969 -11.328826907 0)
(0.373503276666 -11.2710336265 0)
(0.284412134765 -11.2286880015 0)
(0.214675774782 -11.1978236961 0)
(0.160662205213 -11.1754698553 0)
(0.1192505317 -11.1593937495 0)
(0.0878123609084 -11.1479183001 0)
(0.0641725985594 -11.1397886001 0)
(0.0465599316342 -11.1340716261 0)
(0.0335534575105 -11.1300793822 0)
(0.0240296192394 -11.1273093344 0)
(0.0171121246687 -11.1253981086 0)
(0.0121264915461 -11.124085634 0)
(0.00856008838904 -11.1231876136 0)
(0.00602795943694 -11.1225746443 0)
(0.00424430651956 -11.1221566131 0)
(0.00299922645175 -11.1218712248 0)
(0.00214014163383 -11.1216757067 0)
(0.00155728589195 -11.1215409091 0)
(0.00117255208506 -11.1214471902 0)
(0.000930920815818 -11.1213816285 0)
(0.000794406601176 -11.1213363344 0)
(0.000741151030088 -11.1213081879 0)
(0.000780261788191 -11.1213021127 0)
(0.000927674982444 -11.1213376787 0)
(0.0011061590455 -11.1214483698 0)
(4.67355961573e-05 -11.1215903576 0)
(-0.000848927302097 -11.1214217579 0)
(-0.000360329308581 -11.1213663329 0)
(-2547.63834725 -11.1212508744 0)
(2525.79458233 -17.514798068 0)
(2.37669921525 -16.2288650458 0)
(2.8216219843 -14.7493222765 0)
(2.6781923781 -13.6588146221 0)
(2.34120844654 -12.9037442856 0)
(1.96875695774 -12.3769656769 0)
(1.61752648064 -12.0054990988 0)
(1.30786534167 -11.739876914 0)
(1.04424085329 -11.5477235017 0)
(0.82469220502 -11.4076898342 0)
(0.64480983243 -11.3052531584 0)
(0.499401163772 -11.2302672006 0)
(0.383259515767 -11.1754783622 0)
(0.291522005666 -11.1356034335 0)
(0.219827020569 -11.1067425554 0)
(0.164369118422 -11.0859930973 0)
(0.121898390263 -11.0711868927 0)
(0.0896892269288 -11.0607053279 0)
(0.0654927686609 -11.0533449456 0)
(0.0474816564219 -11.0482170333 0)
(0.0341925521707 -11.044671062 0)
(0.024469998979 -11.0422356426 0)
(0.017413958974 -11.0405728696 0)
(0.0123324770078 -11.0394431682 0)
(0.00870022409182 -11.0386784804 0)
(0.00612313301577 -11.0381620731 0)
(0.00430894453409 -11.0378135756 0)
(0.00304322031576 -11.0375780835 0)
(0.0021702234401 -11.0374183656 0)
(0.00157799331179 -11.037309388 0)
(0.00118688889396 -11.0372345475 0)
(0.000940782258573 -11.0371831624 0)
(0.000800759019216 -11.037148971 0)
(0.000743701901919 -11.0371299865 0)
(0.000776324872908 -11.0371321631 0)
(0.000911414756896 -11.0371785572 0)
(0.00107814488372 -11.037309874 0)
(5.08516905021e-05 -11.0374860952 0)
(-0.000822047007308 -11.0372528825 0)
(-0.000341414808201 -11.0371704789 0)
(-2545.42279507 -11.0370469182 0)
(2522.3956988 -17.8958953831 0)
(2.67268156356 -16.3724934882 0)
(3.09066203247 -14.705122169 0)
(2.86696307536 -13.5512727741 0)
(2.47049404819 -12.7796990121 0)
(2.05855940003 -12.2517092911 0)
(1.68080140492 -11.884791688 0)
(1.35309993614 -11.6253001719 0)
(1.07692585894 -11.4392632064 0)
(0.848457749887 -11.3047810633 0)
(0.662135948176 -11.2071597499 0)
(0.512028162195 -11.1362414473 0)
(0.392436030077 -11.0848269857 0)
(0.298159296143 -11.0477117475 0)
(0.224597842028 -11.0210801404 0)
(0.167773337749 -11.002110978 0)
(0.124308085585 -10.9887108765 0)
(0.0913807503267 -10.9793278203 0)
(0.0666702574708 -10.9728163878 0)
(0.0482947083515 -10.9683375492 0)
(0.0347497356463 -10.9652826169 0)
(0.0248492577268 -10.9632148825 0)
(0.0176706195491 -10.9618247335 0)
(0.012505369386 -10.9608953179 0)
(0.00881630741338 -10.9602765443 0)
(0.00620094039266 -10.9598656705 0)
(0.00436110444179 -10.9595930612 0)
(0.00307826843931 -10.9594119386 0)
(0.00219388074189 -10.9592911502 0)
(0.00159404951921 -10.9592101642 0)
(0.00119779720232 -10.9591556894 0)
(0.000948036117943 -10.9591194717 0)
(0.000805041766455 -10.9590969954 0)
(0.000744512609363 -10.959087432 0)
(0.000770547662573 -10.9590975658 0)
(0.000892132810386 -10.959153599 0)
(0.00104465143484 -10.9593039042 0)
(5.81338890352e-05 -10.9595158099 0)
(-0.000785804035902 -10.9592142588 0)
(-0.000319136449829 -10.9591046051 0)
(-2543.22350377 -10.9589767637 0)
(2518.94090456 -18.3410408187 0)
(3.01485385808 -16.5250899655 0)
(3.38586612713 -14.6437749926 0)
(3.06327700947 -13.432064816 0)
(2.60112114313 -12.6498475884 0)
(2.14773842257 -12.124268346 0)
(1.74280830448 -11.7643710111 0)
(1.39697103798 -11.512685102 0)
(1.10834467502 -11.3339368603 0)
(0.871112896323 -11.2058635962 0)
(0.678517755632 -11.113703265 0)
(0.523867716616 -11.0473485103 0)
(0.400965455718 -10.9996938602 0)
(0.304271374724 -10.9656394348 0)
(0.228947174464 -10.9414723727 0)
(0.170842971194 -10.9244666651 0)
(0.12645502182 -10.9126143519 0)
(0.09286812467 -10.9044385057 0)
(0.0676908228632 -10.8988586319 0)
(0.0489884106006 -10.8950910103 0)
(0.035217085529 -10.8925733802 0)
(0.0251615756686 -10.8909074185 0)
(0.0178778718759 -10.8898147626 0)
(0.0126421148418 -10.8891036089 0)
(0.00890615357796 -10.8886436343 0)
(0.00625982964382 -10.8883474609 0)
(0.00439969091257 -10.8881572186 0)
(0.00310360250316 -10.8880350169 0)
(0.00221057833349 -10.8879563355 0)
(0.00160508548401 -10.8879055416 0)
(0.0012050273908 -10.887872936 0)
(0.000952521051358 -10.8878528846 0)
(0.000807166962151 -10.887842741 0)
(0.000743587831196 -10.8878428671 0)
(0.00076309147288 -10.8878606437 0)
(0.000870147067161 -10.8879248912 0)
(0.00100570270114 -10.8880920113 0)
(6.87807674556e-05 -10.8883414709 0)
(-0.000739806052246 -10.8879681017 0)
(-0.000293915783555 -10.8878306624 0)
(-2541.0391788 -10.8877040058 0)
(2515.42247264 -18.8621711577 0)
(3.41213472879 -16.6837566846 0)
(3.70926706238 -14.5593042106 0)
(3.2657485562 -13.299597417 0)
(2.73205334219 -12.5139956392 0)
(2.23565471548 -11.9948213268 0)
(1.80311805372 -11.6446033548 0)
(1.43918676631 -11.4024832911 0)
(1.13829016009 -11.23224119 0)
(0.892504468944 -11.111464363 0)
(0.693838965354 -11.0254327195 0)
(0.534830043146 -10.9641543835 0)
(0.408777845175 -10.9206582956 0)
(0.309803593645 -10.8899762413 0)
(0.232832395971 -10.868517093 0)
(0.173544941918 -10.8536641816 0)
(0.128313717463 -10.8435059744 0)
(0.0941318943279 -10.8366494385 0)
(0.0685397565621 -10.8320861685 0)
(0.0495517586782 -10.8290936125 0)
(0.0355864540044 -10.8271607118 0)
(0.0254009812516 -10.8259313844 0)
(0.0180313814659 -10.8251615911 0)
(0.0127395950423 -10.8246869898 0)
(0.00896753702322 -10.8243988909 0)
(0.00629822354691 -10.8242266978 0)
(0.00442359323312 -10.8241253657 0)
(0.00311844505332 -10.824066671 0)
(0.00221977579281 -10.8240332913 0)
(0.00161072941255 -10.8240148973 0)
(0.00120832860324 -10.8240056654 0)
(0.000954075129232 -10.8240027771 0)
(0.000807045280408 -10.824005583 0)
(0.000740932069362 -10.8240156815 0)
(0.000754142836114 -10.8240407906 0)
(0.000845859292559 -10.8241115827 0)
(0.000961335494472 -10.8242926693 0)
(8.2915801794e-05 -10.8245820674 0)
(-0.000683642344231 -10.8241337531 0)
(-0.000266317269525 -10.8239672228 0)
(-2538.86839684 -10.8238494451 0)
(2511.83171899 -19.4739976265 0)
(3.8754272475 -16.8439439075 0)
(4.06269798065 -14.4441463987 0)
(3.47233872374 -13.1523550863 0)
(2.86207636116 -12.3720502107 0)
(2.32161687946 -11.8635682823 0)
(1.86127591163 -11.525856409 0)
(1.47944347094 -11.2951308829 0)
(1.16654846064 -11.1346465346 0)
(0.912474590412 -11.022077312 0)
(0.707979751547 -10.9428596103 0)
(0.544822601414 -10.8871842379 0)
(0.415801084163 -10.84825628 0)
(0.314699615227 -10.8212666445 0)
(0.236209586395 -10.8027653324 0)
(0.175845194915 -10.7902595111 0)
(0.129857970429 -10.7819453779 0)
(0.0951520858556 -10.7765228676 0)
(0.0692019880784 -10.7730630623 0)
(0.0499735019508 -10.7709106374 0)
(0.0358495311522 -10.7696106767 0)
(0.0255613998045 -10.7688533261 0)
(0.0181267507894 -10.7684320423 0)
(0.0127946548804 -10.7682124306 0)
(0.00899821197767 -10.7681093506 0)
(0.00631453467889 -10.7680704392 0)
(0.00443169626724 -10.7680645578 0)
(0.00312201738229 -10.7680739426 0)
(0.00222093306815 -10.7680890421 0)
(0.00161061065555 -10.7681052385 0)
(0.0012074514463 -10.7681208691 0)
(0.000952537549317 -10.7681361267 0)
(0.000804586073024 -10.7681524918 0)
(0.000736546294954 -10.7681728648 0)
(0.000743911224716 -10.7682050345 0)
(0.000819771333808 -10.7682804567 0)
(0.000911605763654 -10.7684718069 0)
(0.000100564018172 -10.7688041247 0)
(-0.000616837122933 -10.768278287 0)
(-0.000237054183493 -10.7680798554 0)
(-2536.70961546 -10.7679816363 0)
(2508.15888433 -20.1947736625 0)
(4.41810497436 -16.9987970343 0)
(4.44758482661 -14.2887855111 0)
(3.68016779381 -12.9890814015 0)
(2.98981070298 -12.2240605894 0)
(2.40489347581 -11.7307308626 0)
(1.91680553359 -11.4084976687 0)
(1.5174287412 -11.1910438303 0)
(1.19290087427 -11.0415906521 0)
(0.930861853801 -10.9381565945 0)
(0.720817580173 -10.8664506311 0)
(0.553750709202 -10.8169147744 0)
(0.421961363873 -10.7829725415 0)
(0.318901783172 -10.7600016769 0)
(0.239033822633 -10.7447129418 0)
(0.177708932818 -10.7347520719 0)
(0.131061046172 -10.7284345238 0)
(0.095908357447 -10.7245624887 0)
(0.0696622025972 -10.7222941281 0)
(0.0502422358068 -10.7210475705 0)
(0.0359979162691 -10.7204291199 0)
(0.0256367081288 -10.7201792437 0)
(0.0181595605726 -10.7201321464 0)
(0.0128041333717 -10.7201859224 0)
(0.00899593529708 -10.7202809339 0)
(0.00630718211458 -10.7203845255 0)
(0.00442289254354 -10.7204805594 0)
(0.00311354819384 -10.7205625301 0)
(0.00221351662299 -10.7206292316 0)
(0.00160436401491 -10.7206821652 0)
(0.00120215095311 -10.720724113 0)
(0.000947750591656 -10.7207584734 0)
(0.00079969766411 -10.7207889915 0)
(0.0007304235308 -10.7208199641 0)
(0.000732624452845 -10.7208590072 0)
(0.000792504802023 -10.7209369163 0)
(0.000856601895721 -10.721133742 0)
(0.00012161979197 -10.7215125998 0)
(-0.000538788476119 -10.7209075515 0)
(-0.000206987141509 -10.7206718851 0)
(-2534.56118454 -10.7206078252 0)
(2504.39300485 -21.0472967935 0)
(5.05662487776 -17.1382558842 0)
(4.8646411072 -14.0813130271 0)
(3.88528370808 -12.8090536463 0)
(3.11374646895 -12.0702595954 0)
(2.48472946361 -11.5965487609 0)
(1.96921331809 -11.2928931581 0)
(1.55282487426 -11.0906132774 0)
(1.21712590779 -10.9534727887 0)
(0.947502594611 -10.8601101639 0)
(0.732228115565 -10.7966208671 0)
(0.561518219341 -10.7537670971 0)
(0.427183703665 -10.7252331623 0)
(0.322351535164 -10.7066113279 0)
(0.241259507393 -10.6947928197 0)
(0.179100878511 -10.6875768038 0)
(0.13189588708 -10.6834096765 0)
(0.0963801650063 -10.6812053315 0)
(0.0699049717062 -10.6802167493 0)
(0.0503465035911 -10.6799418675 0)
(0.0360231965116 -10.6800533929 0)
(0.0256207944907 -10.6803462892 0)
(0.0181254150591 -10.6806988169 0)
(0.0127648973901 -10.6810441387 0)
(0.00895849134857 -10.6813500945 0)
(0.00627460956954 -10.6816052222 0)
(0.00439609534636 -10.6818094814 0)
(0.00309228295183 -10.6819684217 0)
(0.00219700605647 -10.6820897532 0)
(0.00159163436695 -10.6821814993 0)
(0.00119218979549 -10.6822511656 0)
(0.000939561859749 -10.6823055456 0)
(0.000792287932966 -10.6823507846 0)
(0.000722543145001 -10.6823927071 0)
(0.000720520788976 -10.6824385836 0)
(0.000764824384916 -10.6825166472 0)
(0.000796469072563 -10.6827127842 0)
(0.000145802108815 -10.683142404 0)
(-0.000448694186353 -10.6824579184 0)
(-0.000177108917151 -10.6821758077 0)
(-2532.42135952 -10.6821655116 0)
(2500.5217738 -22.0602207975 0)
(5.81130172763 -17.247811676 0)
(5.31342527418 -13.8069039099 0)
(4.08237848015 -12.6124888597 0)
(3.23231168007 -11.9110979165 0)
(2.56036676326 -11.4612708024 0)
(2.01799263031 -11.1794068514 0)
(1.58531281507 -10.9942011545 0)
(1.23900149697 -10.8706481568 0)
(0.962232238124 -10.7882939788 0)
(0.742086193523 -10.7337276687 0)
(0.568028250175 -10.6981003216 0)
(0.431392517715 -10.6753989702 0)
(0.324989851684 -10.6614577524 0)
(0.242840727458 -10.6533679718 0)
(0.17998556145 -10.6490971068 0)
(0.132335340632 -10.6472342457 0)
(0.0965469428852 -10.6468145262 0)
(0.0699148953987 -10.6471935865 0)
(0.0502749070945 -10.6479556174 0)
(0.0359170319303 -10.6488449839 0)
(0.0255076233271 -10.6497153712 0)
(0.0180199906695 -10.6504924375 0)
(0.0126738778622 -10.6511470094 0)
(0.00888371859647 -10.6516763851 0)
(0.0062153047307 -10.6520917784 0)
(0.00435025263409 -10.6524103353 0)
(0.00305749382022 -10.6526504472 0)
(0.00217090111614 -10.6528293001 0)
(0.00157208154455 -10.6529618325 0)
(0.00117734167763 -10.6530605448 0)
(0.000927826786469 -10.6531358071 0)
(0.000782265376892 -10.6531962971 0)
(0.000712863743849 -10.6532495422 0)
(0.000707836422407 -10.6533024401 0)
(0.000737664674425 -10.6533782131 0)
(0.000731450533199 -10.6535657634 0)
(0.000172592949998 -10.6540507885 0)
(-0.000345469202764 -10.6532890027 0)
(-0.000148505775979 -10.6529456461 0)
(-2530.28831628 -10.6530148567 0)
(2496.53139836 -23.2697804025 0)
(6.70728825528 -17.3067907679 0)
(5.79170567045 -13.4472000001 0)
(4.26444490675 -12.4011334496 0)
(3.34399008042 -11.7472584476 0)
(2.63106767663 -11.3251387353 0)
(2.06262724767 -11.0684014111 0)
(1.61457661318 -10.9021360286 0)
(1.25830734293 -10.7934229533 0)
(0.974886692218 -10.7230069919 0)
(0.750266846992 -10.6780653912 0)
(0.573183959056 -10.6502061133 0)
(0.434512217519 -10.6337599086 0)
(0.326757734844 -10.6248294972 0)
(0.2437316365 -10.6207256171 0)
(0.180327623727 -10.6195988509 0)
(0.132352403214 -10.6201927177 0)
(0.0963882968314 -10.621673174 0)
(0.0696767534594 -10.6235064004 0)
(0.0500162241147 -10.6253693309 0)
(0.0356712457514 -10.6270832789 0)
(0.025291303769 -10.6285648975 0)
(0.0178390874149 -10.6297905905 0)
(0.012528107885 -10.6307714393 0)
(0.00876953755635 -10.6315361686 0)
(0.00612781952081 -10.6321201339 0)
(0.00428436158728 -10.6325587374 0)
(0.00300849000248 -10.6328839793 0)
(0.0021347289862 -10.6331230647 0)
(0.00154538541391 -10.6332982262 0)
(0.0011573948723 -10.6334272172 0)
(0.00091241140824 -10.6335241555 0)
(0.0007695409247 -10.6336003742 0)
(0.000701314535682 -10.633665328 0)
(0.00069478661144 -10.6337257669 0)
(0.00071215973487 -10.6337968185 0)
(0.000661953993943 -10.6339657224 0)
(0.000201154237864 -10.6345107981 0)
(-0.000227665707369 -10.6336775892 0)
(-0.000122279704335 -10.6332505376 0)
(-2528.16016742 -10.6334321033 0)
(2492.40645956 -24.7220662125 0)
(7.77581780812 -17.2859824391 0)
(6.29455673785 -12.9795948895 0)
(4.42236679066 -12.1791085676 0)
(3.44751062292 -11.5796282265 0)
(2.69613817055 -11.1883607297 0)
(2.10259317166 -10.9602399063 0)
(1.64030850665 -10.8147077375 0)
(1.2748273043 -10.7220484356 0)
(0.985303750531 -10.6644853151 0)
(0.756646369242 -10.6298592101 0)
(0.576889346695 -10.610302198 0)
(0.436467840948 -10.6005282716 0)
(0.327596709984 -10.596934485 0)
(0.243886856714 -10.597069954 0)
(0.18009214134 -10.5992829555 0)
(0.131920476002 -10.6024830815 0)
(0.0958842063375 -10.605976647 0)
(0.0691756640322 -10.60934825 0)
(0.0495595314006 -10.6123740575 0)
(0.0352779185982 -10.6149576167 0)
(0.0249661610051 -10.617082782 0)
(0.0175786823142 -10.6187800274 0)
(0.0123247622339 -10.6201032519 0)
(0.00861397966937 -10.6211145425 0)
(0.0060107909751 -10.6218748289 0)
(0.00419748355681 -10.6224388075 0)
(0.00294462836127 -10.6228528258 0)
(0.00208805174886 -10.6231546258 0)
(0.00151125104031 -10.6233740931 0)
(0.00113215580041 -10.6235344775 0)
(0.000893195395373 -10.6236537996 0)
(0.000754030883717 -10.6237461538 0)
(0.000687785199289 -10.6238231983 0)
(0.000681538332702 -10.6238921768 0)
(0.00068967358026 -10.6239563113 0)
(0.000588654603629 -10.6240934985 0)
(0.000230219579811 -10.6247020928 0)
(-9.34170972963e-05 -10.6238084145 0)
(-9.94085899937e-05 -10.6232888569 0)
(-2526.03497975 -10.6236016352 0)
)
;

boundaryField
{
    inout
    {
        type            empty;
    }
    top
    {
        type            calculated;
        value           nonuniform List<vector> 
41
(
(2492.40645956 -25.5153489102 0)
(7.77581780812 -17.2513604644 0)
(6.29455673785 -12.7157017925 0)
(4.42236679066 -12.0661233952 0)
(3.44751062292 -11.4949873057 0)
(2.69613817055 -11.1198331446 0)
(2.10259317166 -10.9069156044 0)
(1.64030850665 -10.7721864 0)
(1.2748273043 -10.6878515977 0)
(0.985303750531 -10.6369411689 0)
(0.756646369242 -10.6076437297 0)
(0.576889346695 -10.5923701573 0)
(0.436467840948 -10.5860357293 0)
(0.327596709984 -10.5851909655 0)
(0.243886856714 -10.5875088454 0)
(0.18009214134 -10.5914401087 0)
(0.131920476002 -10.5959802766 0)
(0.0958842063375 -10.6005082195 0)
(0.0691756640322 -10.6046697086 0)
(0.0495595314006 -10.6082921462 0)
(0.0352779185982 -10.6113215149 0)
(0.0249661610051 -10.6137763238 0)
(0.0175786823142 -10.6157149087 0)
(0.0123247622339 -10.6172132124 0)
(0.00861397966937 -10.6183504822 0)
(0.0060107909751 -10.6192007877 0)
(0.00419748355681 -10.6198287268 0)
(0.00294462836127 -10.6202880011 0)
(0.00208805174886 -10.620621747 0)
(0.00151125104031 -10.6208637634 0)
(0.00113215580041 -10.6210401067 0)
(0.000893195395373 -10.6211707857 0)
(0.000754030883717 -10.6212712991 0)
(0.000687785199289 -10.6213544827 0)
(0.000681538332702 -10.6214280518 0)
(0.00068967358026 -10.6214882258 0)
(0.000588654603629 -10.6216058337 0)
(0.000230219579811 -10.6222467949 0)
(-9.34170972963e-05 -10.6213263191 0)
(-9.94085899937e-05 -10.6207628092 0)
(-2526.03497975 -10.6211414715 0)
)
;
    }
    bottom
    {
        type            calculated;
        value           nonuniform List<vector> 
41
(
(2622.46500531 -15.3892132565 0)
(0.0111556344285 -15.310680664 0)
(0.0167131426021 -15.1661005679 0)
(0.0200500829457 -14.9764178119 0)
(0.021264787313 -14.765098909 0)
(0.0208107562867 -14.5511220657 0)
(0.0192006655302 -14.3488837832 0)
(0.016951797593 -14.1671087551 0)
(0.014465603115 -14.0098478314 0)
(0.0120150808528 -13.8777966928 0)
(0.00976234592624 -13.7695462143 0)
(0.00778740827563 -13.6825497742 0)
(0.00611509282005 -13.6137980488 0)
(0.00473646025892 -13.5602479178 0)
(0.0036241822527 -13.5190688436 0)
(0.00274278749975 -13.4877642728 0)
(0.00205504195365 -13.4642130936 0)
(0.00152562239419 -13.4466634337 0)
(0.00112299229224 -13.4337006457 0)
(0.000820138793381 -13.4242035879 0)
(0.000594626018767 -13.4172978699 0)
(0.000428268421867 -13.4123110675 0)
(0.000306620494161 -13.4087325014 0)
(0.000218405021788 -13.4061786576 0)
(0.000154952072593 -13.404364401 0)
(0.000109687888291 -13.4030796161 0)
(7.76914798526e-05 -13.4021706433 0)
(5.53236752973e-05 -13.4015257865 0)
(3.99257655325e-05 -13.4010641698 0)
(2.95812439243e-05 -13.4007272712 0)
(2.29334602062e-05 -13.4004725449 0)
(1.90570748559e-05 -13.400268602 0)
(1.74000979093e-05 -13.4000914034 0)
(1.78268747156e-05 -13.3999206 0)
(2.06072540204e-05 -13.3997348659 0)
(2.52919419215e-05 -13.399508455 0)
(2.65311655493e-05 -13.399229027 0)
(1.00605443354e-05 -13.3989778317 0)
(-2.8582769183e-06 -13.3990278162 0)
(-5.89695901388e-06 -13.3990349972 0)
(-2622.66009101 -13.3991457553 0)
)
;
    }
    frontback
    {
        type            empty;
    }
}


// ************************************************************************* //
