/*--------------------------------*- C++ -*----------------------------------*\
| =========                 |                                                 |
| \\      /  F ield         | OpenFOAM: The Open Source CFD Toolbox           |
|  \\    /   O peration     | Version:  2112                                  |
|   \\  /    A nd           | Website:  www.openfoam.com                      |
|    \\/     M anipulation  |                                                 |
\*---------------------------------------------------------------------------*/
FoamFile
{
    version     2.0;
    format      ascii;
    arch        "LSB;label=32;scalar=64";
    class       volVectorField;
    location    "0.6";
    object      flux;
}
// * * * * * * * * * * * * * * * * * * * * * * * * * * * * * * * * * * * * * //

dimensions      [0 1 -1 1 0 0 0];

internalField   nonuniform List<vector> 
1681
(
(2622.54551531 -14.5924491194 0)
(0.0134063728378 -14.4982278031 0)
(0.0202359278042 -14.3239168433 0)
(0.0245914320349 -14.0929766344 0)
(0.0265206183005 -13.8315435463 0)
(0.0264710551898 -13.5620954599 0)
(0.0250123020656 -13.3017662025 0)
(0.0227056552338 -13.0616027495 0)
(0.0199994694947 -12.8474962595 0)
(0.0172109365321 -12.6615222768 0)
(0.0145415542102 -12.5032307065 0)
(0.0121046693477 -12.3706720542 0)
(0.00995228738257 -12.2611342251 0)
(0.00809679046114 -12.1716316261 0)
(0.00652681822565 -12.0992074392 0)
(0.00521813316158 -12.0411052596 0)
(0.00414068142398 -11.9948542935 0)
(0.00326296664728 -11.9582999932 0)
(0.00255461118524 -11.9296019456 0)
(0.0019877354098 -11.9072134019 0)
(0.00153758864745 -11.8898516605 0)
(0.00118272121735 -11.8764650306 0)
(0.000904886854345 -11.8661998082 0)
(0.000688797237804 -11.8583692111 0)
(0.000521805737778 -11.8524252766 0)
(0.000393568223801 -11.8479341284 0)
(0.000295709746194 -11.8445546613 0)
(0.000221513624247 -11.8420204764 0)
(0.00016564159488 -11.8401247843 0)
(0.000123888751346 -11.8387079375 0)
(9.29742935878e-05 -11.8376472339 0)
(7.03698232043e-05 -11.836848634 0)
(5.41743076889e-05 -11.8362400005 0)
(4.30463614851e-05 -11.8357653184 0)
(3.61011165828e-05 -11.8353792716 0)
(3.22118889557e-05 -11.8350434177 0)
(2.7759067173e-05 -11.8347345563 0)
(1.4616651177e-05 -11.8344863775 0)
(4.30765281107e-06 -11.834443507 0)
(-3.5677768518e-08 -11.8344044902 0)
(-2622.81646701 -11.8344437094 0)
(2619.63634932 -14.5947333044 0)
(0.0403000823735 -14.4998909434 0)
(0.0608143059318 -14.3245772456 0)
(0.0738832273739 -14.0925013838 0)
(0.0796556165961 -13.8300223541 0)
(0.0794844135696 -13.5597445005 0)
(0.0750862400128 -13.2988202583 0)
(0.0681483333718 -13.0582660624 0)
(0.06001662505 -12.8439241101 0)
(0.0516421740665 -12.6578223196 0)
(0.0436284903038 -12.4994721261 0)
(0.0363146269315 -12.3668961947 0)
(0.0298557982543 -12.2573637453 0)
(0.024288566725 -12.1678773914 0)
(0.0195784550653 -12.0954733045 0)
(0.0156524959734 -12.0373912022 0)
(0.012420371863 -11.9911583669 0)
(0.00978750292416 -11.9546194885 0)
(0.00766270706761 -11.9259340401 0)
(0.00596232162004 -11.9035554903 0)
(0.00461208561094 -11.8862014974 0)
(0.0035476492412 -11.8728207657 0)
(0.00271427704185 -11.8625599654 0)
(0.00206610907463 -11.8547326424 0)
(0.00156521080931 -11.8487911073 0)
(0.00118055484791 -11.8443017042 0)
(0.000887020661109 -11.8409235015 0)
(0.000664461759055 -11.8383902341 0)
(0.000496866167241 -11.836495215 0)
(0.000371621332931 -11.835078874 0)
(0.000278886413555 -11.8340185679 0)
(0.000211076852178 -11.8332203036 0)
(0.000162488810737 -11.8326119889 0)
(0.000129099428513 -11.8321376672 0)
(0.000108279028696 -11.8317520462 0)
(9.67311739967e-05 -11.831416298 0)
(8.36489721902e-05 -11.8311057346 0)
(4.35932090899e-05 -11.8308525768 0)
(1.20698161497e-05 -11.8308193776 0)
(-4.80978945568e-09 -11.8307866118 0)
(-2620.44976344 -11.8308184395 0)
(2616.72659046 -14.599331109 0)
(0.0674375845868 -14.5032467485 0)
(0.101713839719 -14.325908461 0)
(0.123502410336 -14.0915514645 0)
(0.13307199496 -13.8269777884 0)
(0.13271147435 -13.5550397416 0)
(0.125307989687 -13.2929269595 0)
(0.113684884876 -13.0515934732 0)
(0.100088218061 -12.8367827895 0)
(0.0861013333361 -12.65042721 0)
(0.0727267791799 -12.4919611638 0)
(0.0605263455128 -12.3593516875 0)
(0.0497560480514 -12.2498307164 0)
(0.040474878608 -12.1603773589 0)
(0.0326240560747 -12.0880138295 0)
(0.0260811206855 -12.0299721369 0)
(0.0206950241473 -11.9837757493 0)
(0.0163078320015 -11.9472678529 0)
(0.0127674108276 -11.9186077074 0)
(0.0099342439617 -11.8962492262 0)
(0.00768453357206 -11.8789107936 0)
(0.00591102761108 -11.8655419084 0)
(0.00452251151789 -11.8552899923 0)
(0.00344256886956 -11.8474692491 0)
(0.00260799336734 -11.8415325382 0)
(0.00196708937459 -11.8370466459 0)
(0.00147800376869 -11.8336709881 0)
(0.00110717092803 -11.8311395684 0)
(0.000827913623196 -11.8292459048 0)
(0.000619218169168 -11.827830583 0)
(0.00046468837158 -11.8267710781 0)
(0.00035168563133 -11.8259734898 0)
(0.000270701577745 -11.8253658125 0)
(0.000215034886 -11.8248921958 0)
(0.000180374966486 -11.8245074028 0)
(0.000161474209802 -11.8241720479 0)
(0.000140503299342 -11.823859215 0)
(7.18880631439e-05 -11.8235985517 0)
(1.75006574443e-05 -11.823580518 0)
(1.51946198293e-07 -11.8235580757 0)
(-2618.084146 -11.8235806302 0)
(2613.81583375 -14.6063035954 0)
(0.0949846119583 -14.5083465368 0)
(0.143153362726 -14.3279329704 0)
(0.173669361899 -14.0901305671 0)
(0.18695796117 -13.8224062019 0)
(0.186294579362 -13.5479763316 0)
(0.175775493698 -13.2840844289 0)
(0.159377167371 -13.0415875824 0)
(0.140249877688 -12.8260793185 0)
(0.120606499203 -12.6393476467 0)
(0.101843594818 -12.4807113253 0)
(0.0847407164078 -12.3480540825 0)
(0.0696506639706 -12.2385521432 0)
(0.056651944109 -12.1491495607 0)
(0.0456594994633 -12.0768477754 0)
(0.0365001120051 -12.0188673495 0)
(0.028961228663 -11.9727261106 0)
(0.0228211113001 -11.9362650434 0)
(0.0178664323941 -11.9076431241 0)
(0.0139017043919 -11.8853149567 0)
(0.0107535491896 -11.8680000305 0)
(0.00827180950533 -11.8546490471 0)
(0.00632880888348 -11.8444105629 0)
(0.00481759987816 -11.8365997744 0)
(0.00364973145415 -11.8306703678 0)
(0.00275286488281 -11.8261897958 0)
(0.00206843617216 -11.8228179984 0)
(0.00154947840866 -11.8202893842 0)
(0.00115866323612 -11.8183977806 0)
(0.000866586680745 -11.8169840082 0)
(0.000650305066857 -11.815925721 0)
(0.000492129959427 -11.8151291591 0)
(0.000378747609736 -11.8145224423 0)
(0.000300781384005 -11.8140498619 0)
(0.000252308609899 -11.8136662766 0)
(0.000226368718888 -11.8133317739 0)
(0.000198348204982 -11.8130172124 0)
(9.93326183856e-05 -11.8127490427 0)
(2.01650184028e-05 -11.8127474318 0)
(-2.7240294465e-08 -11.8127362327 0)
(-2615.7203357 -11.8127522835 0)
(2610.90366043 -14.615744736 0)
(0.12311170959 -14.515260416 0)
(0.185357033656 -14.3306859597 0)
(0.22460776404 -14.0882461836 0)
(0.241502842064 -13.8163029309 0)
(0.240375828934 -13.5385479709 0)
(0.226585739523 -13.2722910506 0)
(0.205285906967 -13.0282536534 0)
(0.180536205192 -12.8118256856 0)
(0.155174931976 -12.6246012012 0)
(0.130985492033 -12.4657444466 0)
(0.108958181935 -12.3330283302 0)
(0.0895369524092 -12.2235552022 0)
(0.0728157521611 -12.1342227564 0)
(0.0586804983028 -12.0620050344 0)
(0.0469054536535 -12.0041075545 0)
(0.0372154853808 -11.9580407735 0)
(0.0293244292979 -11.9216428429 0)
(0.0229574281588 -11.8930724275 0)
(0.0178628626694 -11.8707850972 0)
(0.0138177155041 -11.8535018445 0)
(0.0106289211355 -11.840174995 0)
(0.00813236604428 -11.829954633 0)
(0.00619060789635 -11.8221572887 0)
(0.00468998909709 -11.8162377587 0)
(0.00353756325467 -11.8117643908 0)
(0.00265808607898 -11.8083978285 0)
(0.0019912144758 -11.8058730246 0)
(0.00148898882466 -11.803984222 0)
(0.00111363008849 -11.8025725575 0)
(0.000835658203899 -11.8015159265 0)
(0.000632341379282 -11.8007207575 0)
(0.000486561014174 -11.8001153353 0)
(0.00038626801752 -11.7996441267 0)
(0.000323992553728 -11.7992621289 0)
(0.000291287064915 -11.7989289891 0)
(0.000257049540184 -11.7986135665 0)
(0.000125844174508 -11.7983387277 0)
(2.00626631273e-05 -11.7983533372 0)
(-8.18383100421e-07 -11.7983525371 0)
(-2613.3590483 -11.7983647149 0)
(2607.98963272 -14.627780871 0)
(0.151996367206 -14.524079857 0)
(0.228556209205 -14.3342128719 0)
(0.276545967669 -14.0859070472 0)
(0.296897603713 -13.8086598965 0)
(0.295096955408 -13.5267446574 0)
(0.277834357192 -13.2575432837 0)
(0.251470240384 -13.011597432 0)
(0.220980368133 -12.794036622 0)
(0.189822747006 -12.6062100228 0)
(0.160158169023 -12.4470883203 0)
(0.13317856528 -12.3143063315 0)
(0.109411778733 -12.2048747234 0)
(0.088961977661 -12.115633854 0)
(0.0716825398309 -12.043523999 0)
(0.0572929641824 -11.9857322205 0)
(0.0454541709972 -11.939760003 0)
(0.0358147805174 -11.9034421175 0)
(0.028037981526 -11.8749369476 0)
(0.0218158209766 -11.8527013416 0)
(0.016875569621 -11.835458219 0)
(0.0129812518049 -11.8221619678 0)
(0.00993235015631 -11.8119646053 0)
(0.00756097473814 -11.8041843455 0)
(0.00572831103208 -11.7982773865 0)
(0.00432085092586 -11.793813204 0)
(0.00324670941215 -11.7904533296 0)
(0.00243219971441 -11.7879334023 0)
(0.00181875664701 -11.7860481903 0)
(0.0013602457881 -11.7846392299 0)
(0.00102066507488 -11.783584722 0)
(0.00077224819976 -11.7827913342 0)
(0.000594073758224 -11.782187556 0)
(0.000471422647143 -11.781718065 0)
(0.000395336144283 -11.7813380412 0)
(0.000356081201456 -11.781006798 0)
(0.000316400478012 -11.7806915104 0)
(0.000151378486739 -11.7804112859 0)
(1.740313286e-05 -11.7804411963 0)
(-2.30279214696e-06 -11.7804492586 0)
(-2611.00099225 -11.7804594382 0)
(2605.07328828 -14.6425719278 0)
(0.181825309412 -14.5349191809 0)
(0.272991595618 -14.3385689017 0)
(0.329718359115 -14.0831223092 0)
(0.353335320023 -13.7994650891 0)
(0.350599151494 -13.5125524813 0)
(0.329615184588 -13.2398357184 0)
(0.297987239307 -12.9916253645 0)
(0.261613687044 -12.772729907 0)
(0.224564592328 -12.584201185 0)
(0.189366230291 -12.4247770619 0)
(0.157400901305 -12.2919273157 0)
(0.129271447914 -12.1825535776 0)
(0.105085897043 -12.0934283069 0)
(0.0846608249891 -12.0214519683 0)
(0.0676582528628 -11.9637899864 0)
(0.0536735059935 -11.9179334298 0)
(0.0422890403754 -11.8817132492 0)
(0.0331055833253 -11.8532876465 0)
(0.0257586083946 -11.831115108 0)
(0.0199255902722 -11.8139209346 0)
(0.0153276438764 -11.8006620376 0)
(0.0117278904984 -11.7904927869 0)
(0.00892805165614 -11.7827334422 0)
(0.00676421740322 -11.7768419011 0)
(0.00510237462893 -11.7723890085 0)
(0.00383404641541 -11.7690373728 0)
(0.00287224233524 -11.7665234664 0)
(0.00214782330215 -11.7646426955 0)
(0.0016063237432 -11.7632370827 0)
(0.00120523735462 -11.7621852011 0)
(0.000911774571774 -11.7613940094 0)
(0.000701214840264 -11.7607922446 0)
(0.000556170984711 -11.7603248306 0)
(0.000466245957627 -11.7599471785 0)
(0.000420593226664 -11.7596183835 0)
(0.00037615197398 -11.7593042852 0)
(0.000175906990114 -11.7590202351 0)
(1.2468116808e-05 -11.7590641589 0)
(-4.46675807869e-06 -11.7590795533 0)
(-2608.64686656 -11.7590889823 0)
(2602.15413449 -14.6603133763 0)
(0.212796972416 -14.5479167653 0)
(0.318915583534 -14.343818776 0)
(0.384366730187 -14.079900897 0)
(0.411011569291 -13.7887022904 0)
(0.407022829564 -13.4959537681 0)
(0.382019780559 -13.2191615672 0)
(0.344891402648 -12.9683453093 0)
(0.302465204036 -12.7479272014 0)
(0.259413316041 -12.5586075839 0)
(0.218612942874 -12.3988520454 0)
(0.181623262136 -12.2659388031 0)
(0.149111580498 -12.1566436615 0)
(0.121182299518 -12.0676611208 0)
(0.0976102039405 -11.9958461753 0)
(0.0779966718791 -11.9383397071 0)
(0.061869518435 -11.8926211148 0)
(0.0487439371806 -11.8565172144 0)
(0.0381576097661 -11.8281862101 0)
(0.029689163347 -11.8060886411 0)
(0.0229661836903 -11.7889526823 0)
(0.0176668813562 -11.7757382536 0)
(0.0135180692498 -11.7656025163 0)
(0.0102911518902 -11.7578681505 0)
(0.00779719775746 -11.7519950631 0)
(0.00588175659384 -11.7475557159 0)
(0.00441981783301 -11.7442139903 0)
(0.00331113516907 -11.7417073447 0)
(0.0024760333846 -11.7398319404 0)
(0.00185174468228 -11.7384303767 0)
(0.00138927973961 -11.7373816686 0)
(0.00105083949395 -11.7365931212 0)
(0.000807909513617 -11.7359937629 0)
(0.000640435865608 -11.7355288031 0)
(0.000536625582906 -11.7351539347 0)
(0.000484659866306 -11.7348281562 0)
(0.00043603013878 -11.7345163273 0)
(0.000199403739514 -11.7342301759 0)
(5.53949864109e-06 -11.7342866641 0)
(-7.26746570653e-06 -11.7343081621 0)
(-2606.29735854 -11.7343176378 0)
(2599.23164226 -14.6812386425 0)
(0.245124229472 -14.5632361091 0)
(0.366594769282 -14.350036313 0)
(0.440741656237 -14.0762505853 0)
(0.470124745806 -13.7763505537 0)
(0.464507296125 -13.4769270746 0)
(0.435136876339 -13.1955130736 0)
(0.392234112471 -12.9417671938 0)
(0.343561232124 -12.719654834 0)
(0.294379623533 -12.5294687876 0)
(0.247899986454 -12.3693627855 0)
(0.205842578087 -12.2363975083 0)
(0.168926984374 -12.1272068202 0)
(0.137245394278 -12.038397794 0)
(0.110525107741 -11.9667747454 0)
(0.0883032649624 -11.9094514298 0)
(0.0700380045327 -11.8638945402 0)
(0.0551760213018 -11.8279265903 0)
(0.0431912979781 -11.7997060674 0)
(0.0336053139644 -11.7776960428 0)
(0.0259956677714 -11.7606281014 0)
(0.0199976770743 -11.747465688 0)
(0.0153019111113 -11.7373692154 0)
(0.0116495423005 -11.7296641749 0)
(0.00882670433206 -11.723812804 0)
(0.00665858918159 -11.7193894404 0)
(0.00500372066046 -11.7160594421 0)
(0.00374865231865 -11.7135614121 0)
(0.00280321689149 -11.7116923904 0)
(0.00209637810936 -11.7102956472 0)
(0.00157268845531 -11.7092507132 0)
(0.00118935570642 -11.7084652978 0)
(0.000914078467642 -11.7078687682 0)
(0.000724136632831 -11.7074066604 0)
(0.000606375329609 -11.7070350046 0)
(0.000548114706814 -11.7067128284 0)
(0.000495748044984 -11.7064043564 0)
(0.000221839631004 -11.7061179078 0)
(-3.12912300812e-06 -11.7061854671 0)
(-1.06615123365e-05 -11.7062121908 0)
(-2603.9531414 -11.7062221875 0)
(2596.30523954 -14.7056219885 0)
(0.27903743831 -14.5810668476 0)
(0.416312688301 -14.3573036683 0)
(0.499103882059 -14.0721767147 0)
(0.53087627143 -13.7623833991 0)
(0.523190325575 -13.455447007 0)
(0.489051756706 -13.1688818026 0)
(0.440063050576 -12.9119035792 0)
(0.384924885276 -12.6879445011 0)
(0.329471725728 -12.496831794 0)
(0.277227198735 -12.336367722 0)
(0.230054455202 -12.20337014 0)
(0.188711523367 -12.0943156605 0)
(0.15326871448 -12.0057151448 0)
(0.123399476774 -11.9343175392 0)
(0.0985727129087 -11.8772072518 0)
(0.0781744863276 -11.8318374827 0)
(0.0615816317504 -11.7960264409 0)
(0.0482037192826 -11.7679332875 0)
(0.0375047565489 -11.7460241791 0)
(0.0290122546366 -11.7290346963 0)
(0.0223186585614 -11.7159323597 0)
(0.0170783718786 -11.7058813185 0)
(0.0130024341518 -11.6982102854 0)
(0.00985214465822 -11.6923841647 0)
(0.00743242899052 -11.6879794395 0)
(0.00558542347935 -11.6846631583 0)
(0.00418454551095 -11.6821752358 0)
(0.00312918637173 -11.6803137193 0)
(0.00234008011949 -11.678922651 0)
(0.00175534961261 -11.6778821546 0)
(0.00132722849473 -11.677100406 0)
(0.00101963699343 -11.6765071612 0)
(0.000807188572643 -11.676048328 0)
(0.000675391982783 -11.6756803325 0)
(0.000610789502921 -11.6753623613 0)
(0.000555014268792 -11.6750583307 0)
(0.000243181611159 -11.6747734058 0)
(-1.33171077273e-05 -11.6748505545 0)
(-1.46115550997e-05 -11.6748819122 0)
(-2601.61487167 -11.6748926581 0)
(2593.37430449 -14.7337819392 0)
(0.314787893519 -14.6016257839 0)
(0.468372795872 -14.3657102339 0)
(0.559725710062 -14.0676805441 0)
(0.593470687329 -13.7467677482 0)
(0.583207615424 -13.4314839003 0)
(0.543845561895 -13.1392588601 0)
(0.488421572786 -12.8787701792 0)
(0.426575589172 -12.6528339224 0)
(0.364694979351 -12.4607517419 0)
(0.306592317258 -12.2999349503 0)
(0.254252990386 -12.1669341425 0)
(0.208457983406 -12.0580543018 0)
(0.169245018537 -11.9697020752 0)
(0.136226686344 -11.8985669288 0)
(0.108799276261 -11.8417021109 0)
(0.0862741667074 -11.796546817 0)
(0.0679568603371 -11.7609151336 0)
(0.0531917503442 -11.7329674086 0)
(0.0413850322036 -11.7111735191 0)
(0.0320140316542 -11.6942736832 0)
(0.0246283526415 -11.6812400877 0)
(0.0188463259752 -11.6712411322 0)
(0.0143489730622 -11.6636091823 0)
(0.0108728735104 -11.6578121623 0)
(0.00820279044642 -11.6534289847 0)
(0.00616456139509 -11.6501286129 0)
(0.00461854011613 -11.6476524492 0)
(0.00345373386106 -11.645799686 0)
(0.00258269105569 -11.6444152433 0)
(0.00193713744479 -11.6433799218 0)
(0.00146435439428 -11.6426024293 0)
(0.00112449407413 -11.6420129652 0)
(0.000889502375091 -11.6415578571 0)
(0.000743568664762 -11.64119399 0)
(0.000672515057973 -11.6408808433 0)
(0.000613539143743 -11.6405823281 0)
(0.000263394864433 -11.6403007182 0)
(-2.4830395105e-05 -11.640386004 0)
(-1.90822275236e-05 -11.6404215887 0)
(-2599.28318649 -11.6404331117 0)
(2590.438158 -14.7660853626 0)
(0.352651779358 -14.625157969 0)
(0.52310173627 -14.375351153 0)
(0.622892379205 -14.0627572174 0)
(0.6581156002 -13.7294626226 0)
(0.644692103205 -13.4050033979 0)
(0.599594500918 -13.1066350825 0)
(0.537348038104 -12.8423863723 0)
(0.468528572739 -12.6143674943 0)
(0.400051520153 -12.4212926136 0)
(0.335990718611 -12.2601429401 0)
(0.278430584901 -12.1271784197 0)
(0.228157936819 -12.0185191074 0)
(0.185166189074 -11.930460311 0)
(0.148999469636 -11.8596285511 0)
(0.118976735281 -11.8030445519 0)
(0.0943318817894 -11.7581332961 0)
(0.0742975134214 -11.7227051319 0)
(0.0581520421858 -11.6949222415 0)
(0.0452435016304 -11.6732589483 0)
(0.0349989409237 -11.6564608122 0)
(0.0269251687568 -11.6435053206 0)
(0.020604552943 -11.6335656704 0)
(0.0156882281281 -11.625978336 0)
(0.0118881841908 -11.6202146347 0)
(0.00896913888207 -11.6158562077 0)
(0.00674073056976 -11.6125741715 0)
(0.00505033088519 -11.6101116029 0)
(0.00377662756208 -11.6082689853 0)
(0.00282403296838 -11.6068922307 0)
(0.00211791240513 -11.605862906 0)
(0.00160061981156 -11.6050903222 0)
(0.00122855144363 -11.6045051802 0)
(0.000970983599921 -11.6040542797 0)
(0.000810794744135 -11.6036950314 0)
(0.000733121901815 -11.603387344 0)
(0.000671039270444 -11.6030954026 0)
(0.000282446421815 -11.6028188366 0)
(-3.74911920198e-05 -11.6029108309 0)
(-2.40330860968e-05 -11.6029503208 0)
(-2596.95870073 -11.602962477 0)
(2587.49605582 -14.8029523296 0)
(0.392934735432 -14.6519378377 0)
(0.580852946192 -14.3863253792 0)
(0.68890341614 -14.0573933068 0)
(0.725021451229 -13.7104176182 0)
(0.70777312344 -13.3759659632 0)
(0.656368967021 -13.0710012283 0)
(0.586875090438 -12.8027757353 0)
(0.510794340902 -12.5725969614 0)
(0.435539890195 -12.3785279507 0)
(0.365415156043 -12.2170812589 0)
(0.302577756918 -12.0842040607 0)
(0.247801605143 -11.975819414 0)
(0.201023129802 -11.8881051399 0)
(0.161709838162 -11.8176220566 0)
(0.129098327256 -11.7613574889 0)
(0.102342050717 -11.7167223269 0)
(0.0805990712564 -11.6815237835 0)
(0.0630809870584 -11.6539266694 0)
(0.0490773180738 -11.6324105786 0)
(0.0379647571926 -11.6157271855 0)
(0.0292073809994 -11.6028599621 0)
(0.0223517228993 -11.592987485 0)
(0.0170191802047 -11.5854508222 0)
(0.0128972991628 -11.579725079 0)
(0.00973088307903 -11.5753949432 0)
(0.00731348235636 -11.5721339368 0)
(0.00547957736107 -11.5696870109 0)
(0.00409760830733 -11.5678560963 0)
(0.00306390691413 -11.5664882198 0)
(0.00229751913663 -11.5654658107 0)
(0.00173589954772 -11.5646988602 0)
(0.00133170258539 -11.5641186337 0)
(0.00105153213087 -11.563672459 0)
(0.000876955801459 -11.5633183435 0)
(0.00079244082873 -11.5630167647 0)
(0.000727240624044 -11.5627324363 0)
(0.000300309198242 -11.5624625583 0)
(-5.11272418631e-05 -11.5625598391 0)
(-2.94114448463e-05 -11.5626029137 0)
(-2594.64200393 -11.5626154084 0)
(2584.54717997 -14.844861904 0)
(0.435977169445 -14.6822703862 0)
(0.642010642467 -14.3987331862 0)
(0.758073931395 -14.0515638789 0)
(0.794401068921 -13.6895711553 0)
(0.772575381202 -13.3443263384 0)
(0.714232546484 -13.032348186 0)
(0.637028891471 -12.7599666089 0)
(0.553378129666 -12.5275821154 0)
(0.47115466065 -12.3325415857 0)
(0.394855496603 -12.1708513057 0)
(0.32668295389 -12.0381250694 0)
(0.267377720978 -11.9300782617 0)
(0.21680566055 -11.842766148 0)
(0.174348999844 -11.7726818565 0)
(0.139156681219 -11.7167789641 0)
(0.110298622865 -11.6724547418 0)
(0.086856644923 -11.6375141048 0)
(0.0679746831741 -11.6101254433 0)
(0.0528833984105 -11.5887745534 0)
(0.0409090642138 -11.5722200716 0)
(0.0314731088548 -11.5594521916 0)
(0.0240863809237 -11.5496554932 0)
(0.0183407093419 -11.5421761539 0)
(0.0138993600028 -11.5364934872 0)
(0.0104873673178 -11.5321955661 0)
(0.0078823170329 -11.5289585881 0)
(0.00590589899046 -11.5265295921 0)
(0.00441638578079 -11.5247121252 0)
(0.00330209007059 -11.5233544611 0)
(0.00247578431181 -11.5223399963 0)
(0.00187005522548 -11.521579485 0)
(0.00143383168097 -11.5210048258 0)
(0.00113104162795 -11.5205639354 0)
(0.000941933606232 -11.5202154917 0)
(0.000850303347282 -11.5199206839 0)
(0.000781880563128 -11.5196449856 0)
(0.000316965861199 -11.5193833421 0)
(-6.55622856037e-05 -11.5194844705 0)
(-3.51469523009e-05 -11.5195307474 0)
(-2592.33365706 -11.5195431541 0)
(2581.59062936 -14.8923590447 0)
(0.482160478993 -14.7164923541 0)
(0.706994247663 -14.4126729965 0)
(0.830735822327 -14.0452290158 0)
(0.866468959324 -13.666848502 0)
(0.839217717302 -13.3100329689 0)
(0.773240912916 -12.9906672137 0)
(0.687828304549 -12.713992698 0)
(0.596279345539 -12.479391516 0)
(0.506886052136 -12.2834283845 0)
(0.424298459312 -12.1215670432 0)
(0.350732365716 -11.9890690865 0)
(0.286873389419 -11.8814331131 0)
(0.232502410838 -11.7945879419 0)
(0.18690727495 -11.7249578533 0)
(0.149143750211 -11.6694628899 0)
(0.118195022575 -11.6254875526 0)
(0.0930649309403 -11.5908355462 0)
(0.0728288973293 -11.5636799588 0)
(0.0566583924242 -11.5425138342 0)
(0.0438292295669 -11.526103699 0)
(0.0337202966722 -11.5134472651 0)
(0.0258069304334 -11.5037357835 0)
(0.0196515814103 -11.4963210917 0)
(0.0148934167232 -11.4906871604 0)
(0.0112378629027 -11.4864258093 0)
(0.00844667715187 -11.4832162008 0)
(0.00632886994633 -11.4808076918 0)
(0.00473263451659 -11.4790056274 0)
(0.00353833269247 -11.4776596722 0)
(0.00265251434877 -11.4766543032 0)
(0.00200293364793 -11.4759011287 0)
(0.00153481250246 -11.475332754 0)
(0.00120939893886 -11.4748977508 0)
(0.00100560610663 -11.4745555446 0)
(0.000906542061285 -11.4742681817 0)
(0.000834708993453 -11.4740021064 0)
(0.000332412204776 -11.47375014 0)
(-8.06083039862e-05 -11.4738536363 0)
(-4.11481675868e-05 -11.4739026269 0)
(-2590.03418915 -11.4739144073 0)
(2578.62540969 -14.9460628446 0)
(0.531914379079 -14.7549733551 0)
(0.776263310125 -14.4282373618 0)
(0.907238830298 -14.0383297106 0)
(0.941440278293 -13.6421595677 0)
(0.907811638871 -13.2730274043 0)
(0.833440600674 -12.9459502129 0)
(0.739284031002 -12.6648937038 0)
(0.63949099237 -12.4281032242 0)
(0.542719555227 -12.2312949814 0)
(0.453727356196 -12.0693557121 0)
(0.374709739894 -11.9371780855 0)
(0.306273949893 -11.8300365398 0)
(0.24810071252 -11.7437308356 0)
(0.199374010245 -11.6746161332 0)
(0.159050741362 -11.6195797508 0)
(0.126024091606 -11.5759946633 0)
(0.0992181636848 -11.5416647155 0)
(0.0776390255699 -11.5147689884 0)
(0.0603986503633 -11.4938089416 0)
(0.046722378038 -11.4775600056 0)
(0.035946691955 -11.4650282709 0)
(0.0275116155957 -11.4554123761 0)
(0.0209504339558 -11.4480704086 0)
(0.0158784164861 -11.4424914762 0)
(0.0119815592394 -11.4382715332 0)
(0.00900594053182 -11.4350930182 0)
(0.00674801367381 -11.4327078543 0)
(0.00504598970681 -11.4309233818 0)
(0.00377235491337 -11.4295908127 0)
(0.002827493022 -11.4285958282 0)
(0.00213436505626 -11.4278509895 0)
(0.00163450725931 -11.4272896898 0)
(0.00128648351448 -11.4268612251 0)
(0.00106784741779 -11.4265258505 0)
(0.000960990994328 -11.4262466165 0)
(0.0008854889007 -11.4259911314 0)
(0.000346659868299 -11.4257501792 0)
(-9.60596574344e-05 -11.4258545007 0)
(-4.73011368471e-05 -11.4259055831 0)
(-2587.74409366 -11.4259161074 0)
(2575.65042212 -15.0066763839 0)
(0.585725575545 -14.7981168718 0)
(0.850322976559 -14.4455078854 0)
(0.987951381161 -14.0307830489 0)
(1.0195294206 -13.6153964649 0)
(0.978459588256 -13.2332436927 0)
(0.894867653003 -12.8981900436 0)
(0.791397702281 -12.6127159798 0)
(0.682999090016 -12.373805531 0)
(0.578635554551 -12.1762604891 0)
(0.483121838491 -12.0143585038 0)
(0.398596200176 -11.882609016 0)
(0.325562839404 -11.7760568503 0)
(0.263586492177 -11.6903714732 0)
(0.211737491901 -11.6218395917 0)
(0.168868044186 -11.5673172351 0)
(0.133778029637 -11.52416751 0)
(0.105310065905 -11.4901960267 0)
(0.0824000521126 -11.4635893398 0)
(0.0641001889869 -11.4428586203 0)
(0.0495853637145 -11.4267893097 0)
(0.0381498225856 -11.4143968054 0)
(0.0291985028814 -11.4048879036 0)
(0.0222357613821 -11.3976275737 0)
(0.0168531918018 -11.3921105753 0)
(0.0127175545081 -11.3879374146 0)
(0.0095594129462 -11.3847941415 0)
(0.00716279721454 -11.3824355143 0)
(0.00535604283118 -11.3806710831 0)
(0.00400384341946 -11.379353777 0)
(0.00300047897988 -11.3783706174 0)
(0.00226416133727 -11.3776352262 0)
(0.00173276539963 -11.3770818718 0)
(0.00136216679004 -11.3766606506 0)
(0.00112852781674 -11.3763327315 0)
(0.001013485883 -11.376062319 0)
(0.000933996455618 -11.3758183642 0)
(0.000359738349481 -11.3755896595 0)
(-0.000111689080214 -11.3756931821 0)
(-5.34695178864e-05 -11.3757455883 0)
(-2585.46382481 -11.3757541579 0)
(2572.66445103 -15.0749985445 0)
(0.644148078784 -14.8463609944 0)
(0.929730074707 -14.4645488231 0)
(1.0732611144 -14.0224765785 0)
(1.10094814954 -13.5864308501 0)
(1.05125292312 -13.1906077892 0)
(0.957546143238 -12.8473808842 0)
(0.84416093352 -12.5575132001 0)
(0.726782090517 -12.3165976619 0)
(0.614608960666 -12.1184571547 0)
(0.512457650818 -11.9567311609 0)
(0.4223700706 -11.8255343641 0)
(0.344721458454 -11.7196786265 0)
(0.278944164239 -11.634703355 0)
(0.223984857858 -11.5668284574 0)
(0.178585157698 -11.5128807615 0)
(0.141448333287 -11.4702155929 0)
(0.111333797734 -11.4366422381 0)
(0.0871065068496 -11.4103563989 0)
(0.0677586563664 -11.3898803891 0)
(0.0524147410302 -11.3740108647 0)
(0.040326973191 -11.3617735323 0)
(0.0308654619374 -11.352384173 0)
(0.0235058995988 -11.3452153168 0)
(0.0178164482999 -11.3397679285 0)
(0.0134448460109 -11.3356475146 0)
(0.0101063205843 -11.3325440993 0)
(0.00757262535647 -11.3302155675 0)
(0.00566233716346 -11.328473912 0)
(0.00423244804527 -11.3271739656 0)
(0.0031712031862 -11.3262042375 0)
(0.00239211418071 -11.3254795288 0)
(0.00182942238536 -11.3249350782 0)
(0.00143631156595 -11.3245218635 0)
(0.00118751372786 -11.3242020552 0)
(0.00106386446687 -11.3239411639 0)
(0.000980020808321 -11.3237096508 0)
(0.000371696277357 -11.3234943277 0)
(-0.000127245405834 -11.3235953327 0)
(-5.94962889572e-05 -11.3236481467 0)
(-2583.19379371 -11.3236540173 0)
(2569.66615022 -15.1519382205 0)
(0.707815519831 -14.9001787382 0)
(1.01509985974 -14.4853990365 0)
(1.16357497576 -14.0132617671 0)
(1.18590317845 -13.5551110623 0)
(1.12626958144 -13.1450370035 0)
(1.02148657083 -12.7935186407 0)
(0.897554346743 -12.4993470279 0)
(0.770810299084 -12.2565904339 0)
(0.650608854738 -12.0580309368 0)
(0.541706396614 -11.8966444776 0)
(0.446006707067 -11.7661425977 0)
(0.363729041228 -11.6611031353 0)
(0.294156525992 -11.5769372306 0)
(0.236102010613 -11.5098006769 0)
(0.18819061708 -11.4564938621 0)
(0.149025734315 -11.4143668609 0)
(0.117281904721 -11.3812348395 0)
(0.0917524219109 -11.3553045216 0)
(0.0713692958218 -11.3351109345 0)
(0.055206735076 -11.3194632559 0)
(0.0424751609157 -11.3073985817 0)
(0.032510145979 -11.2981425673 0)
(0.0247590102942 -11.2910760315 0)
(0.0187667522403 -11.2857067398 0)
(0.0141623203394 -11.2816456833 0)
(0.0106458023648 -11.2785872525 0)
(0.00797683468811 -11.2762927751 0)
(0.00596436321155 -11.274576941 0)
(0.00445777831114 -11.2732966901 0)
(0.00333936634562 -11.2723421814 0)
(0.00251799320482 -11.2716295244 0)
(0.00192429845545 -11.2710950318 0)
(0.00150877137822 -11.2706906494 0)
(0.00124466773152 -11.2703796401 0)
(0.00111196677038 -11.2701289751 0)
(0.00102336370386 -11.2699107854 0)
(0.000382601960615 -11.2697098843 0)
(-0.000142452893702 -11.2698065507 0)
(-6.52064369605e-05 -11.2698587176 0)
(-2580.93436437 -11.2698611228 0)
(2566.65402764 -15.2385314723 0)
(0.777455915583 -14.9600777094 0)
(1.10711346894 -14.508061892 0)
(1.25931870924 -14.0029464468 0)
(1.27459310225 -13.5212590988 0)
(1.20357140745 -13.0964395219 0)
(1.08668413835 -12.7366014116 0)
(0.951546574877 -12.4382877704 0)
(0.815045308749 -12.1939068404 0)
(0.686598151932 -11.99514197 0)
(0.570835318636 -11.834284663 0)
(0.469478339066 -11.704638459 0)
(0.382562531875 -11.6005485761 0)
(0.309204655908 -11.5173013199 0)
(0.248073531561 -11.4509921211 0)
(0.197671920909 -11.3983983813 0)
(0.156500137797 -11.3568679061 0)
(0.123146265595 -11.3242242464 0)
(0.0963312878452 -11.2986872267 0)
(0.0749269094906 -11.2788063053 0)
(0.0579572115904 -11.2634045952 0)
(0.0445911109234 -11.2515317451 0)
(0.0341299719925 -11.2424242395 0)
(0.0259930650885 -11.2354719696 0)
(0.0197025179335 -11.2301901419 0)
(0.0148687434766 -11.2261957543 0)
(0.0111769022245 -11.2231879884 0)
(0.00837468764644 -11.2209319585 0)
(0.00626155416288 -11.2192453286 0)
(0.0046793999733 -11.2179873674 0)
(0.0035046363313 -11.2170500618 0)
(0.0026415441055 -11.2163509708 0)
(0.00201719738202 -11.2158275937 0)
(0.00157938989204 -11.2154329367 0)
(0.00129984858333 -11.215131449 0)
(0.00115763542373 -11.2148917189 0)
(0.00106383897529 -11.2146877028 0)
(0.000392543207151 -11.2145021777 0)
(-0.000157012068522 -11.2145925803 0)
(-7.04106989478e-05 -11.2146429231 0)
(-2578.68584974 -11.2146410992 0)
(2563.62642838 -15.3359623151 0)
(0.853909435883 -15.0265987992 0)
(1.20652611227 -14.532492602 0)
(1.3609355344 -13.9912861514 0)
(1.36720456343 -13.4846674905 0)
(1.28320111889 -13.0447140479 0)
(1.15311692112 -12.6766300142 0)
(1.00609326098 -12.374415002 0)
(0.859439459164 -12.1286825354 0)
(0.722533290203 -11.9299648872 0)
(0.599807098805 -11.769853535 0)
(0.492753924447 -11.6412430694 0)
(0.401196469059 -11.5382501278 0)
(0.324067817009 -11.4560413228 0)
(0.259882598323 -11.3906565714 0)
(0.207015460082 -11.3388544473 0)
(0.163860561287 -11.2979839266 0)
(0.128918040583 -11.2658797556 0)
(0.10083601014 -11.2407771482 0)
(0.0784258221261 -11.2212418602 0)
(0.0606616471191 -11.2061124665 0)
(0.0466712320629 -11.1944524184 0)
(0.0357221010796 -11.1855100553 0)
(0.0272058298098 -11.1786851817 0)
(0.0206219952936 -11.1735011345 0)
(0.0155627510357 -11.1695814824 0)
(0.0116985615314 -11.1666306577 0)
(0.0087653666619 -11.1644179347 0)
(0.0065532814227 -11.1627642532 0)
(0.00489683165639 -11.1615314538 0)
(0.00366664567307 -11.1606135449 0)
(0.00276248683443 -11.1599296896 0)
(0.00210790528133 -11.159418696 0)
(0.00164800031292 -11.1590347292 0)
(0.0013529112799 -11.1587435212 0)
(0.00120071602152 -11.1585154362 0)
(0.00110127195009 -11.1583264106 0)
(0.000401626447524 -11.158157137 0)
(-0.00017060197224 -11.1582392508 0)
(-7.49102051039e-05 -11.1582864953 0)
(-2576.44850757 -11.1582797058 0)
(2560.58151542 -15.4455880187 0)
(0.938149858209 -15.1003134697 0)
(1.31417599851 -14.5585823837 0)
(1.46888373155 -13.977974272 0)
(1.46390752295 -13.4450961709 0)
(1.3651789027 -12.9897496165 0)
(1.22074394751 -12.6136085825 0)
(1.06113607064 -12.3078181424 0)
(0.903935331718 -12.0610661914 0)
(0.758363952022 -11.8626889645 0)
(0.62857968219 -11.7035685062 0)
(0.515799020506 -11.5761938073 0)
(0.419602881212 -11.4744597537 0)
(0.338723367187 -11.3934201766 0)
(0.271510906659 -11.329065445 0)
(0.216206449857 -11.2781401741 0)
(0.171095076128 -11.2379984126 0)
(0.134587621291 -11.2064892191 0)
(0.105258866937 -11.1818656989 0)
(0.0818598458273 -11.1627119254 0)
(0.0633150999374 -11.1478835769 0)
(0.0487115931624 -11.1364592488 0)
(0.0372834193449 -11.1277002346 0)
(0.0283948492464 -11.1210171553 0)
(0.0215232577837 -11.11594222 0)
(0.0162428388287 -11.1121061765 0)
(0.0122096117729 -11.1092192052 0)
(0.00914796855495 -11.1070551456 0)
(0.00683885034081 -11.105438542 0)
(0.00510954163343 -11.1042340714 0)
(0.00382498916702 -11.103337976 0)
(0.00288051387816 -11.1026711914 0)
(0.0021961894538 -11.1021739669 0)
(0.00171442485343 -11.1018017312 0)
(0.00140370719194 -11.1015215972 0)
(0.00124105755384 -11.1013058662 0)
(0.00113549880858 -11.1011326125 0)
(0.000409975161797 -11.1009803966 0)
(-0.000182883730415 -11.1010521065 0)
(-7.85017024337e-05 -11.1010949133 0)
(-2574.2225365 -11.1010824724 0)
(2557.51724808 -15.5689700303 0)
(1.03131056288 -15.1818190256 0)
(1.4309939518 -14.58613866 0)
(1.58363277696 -13.9626309891 0)
(1.56484949454 -13.4022694742 0)
(1.44949863657 -12.9314256493 0)
(1.28950321595 -12.5475452447 0)
(1.1166017392 -12.2385969684 0)
(0.948465294741 -11.9912197001 0)
(0.794032827256 -11.7935180568 0)
(0.657106130241 -11.6356623301 0)
(0.538575674951 -11.5097439238 0)
(0.437751195197 -11.4094457297 0)
(0.353146678749 -11.329717523 0)
(0.282938598837 -11.2665072179 0)
(0.225228866562 -11.2165510536 0)
(0.178190752276 -11.1772125134 0)
(0.140144583316 -11.1463583935 0)
(0.109591468891 -11.1222624056 0)
(0.0852222465189 -11.1035291167 0)
(0.0659121824248 -11.0890330692 0)
(0.0507079005272 -11.0778694382 0)
(0.0388105197815 -11.0693136487 0)
(0.0295574327222 -11.0627881066 0)
(0.0224041910622 -11.0578346903 0)
(0.0169073540063 -11.0540919823 0)
(0.0127087677113 -11.0512764492 0)
(0.00952149929707 -11.049166935 0)
(0.00711749625137 -11.0475919454 0)
(0.00531694485476 -11.0464192821 0)
(0.00397922167496 -11.045547652 0)
(0.00299528865791 -11.044899947 0)
(0.00228179733508 -11.0444180007 0)
(0.001778474264 -11.0440586164 0)
(0.00145208426411 -11.0437903877 0)
(0.00127851295132 -11.0435877157 0)
(0.00116636588553 -11.0434309767 0)
(0.000417727648839 -11.0432965651 0)
(-0.000193505323671 -11.0433556817 0)
(-8.09833884432e-05 -11.0433926836 0)
(-2572.00807209 -11.0433739798 0)
(2554.43135761 -15.7079119421 0)
(1.13471613227 -15.2717310431 0)
(1.55801360582 -14.6148603411 0)
(1.70565756871 -13.9447909947 0)
(1.67014859091 -13.3558734467 0)
(1.5361237486 -12.8696123303 0)
(1.3593096837 -12.478452892 0)
(1.17240117956 -12.1668620455 0)
(0.992951114039 -11.919318189 0)
(0.829475426012 -11.7226702928 0)
(0.685334508792 -11.5663825718 0)
(0.561042340591 -11.4421618614 0)
(0.455608161367 -11.3434918579 0)
(0.367311069551 -11.2652288466 0)
(0.294144200533 -11.2032865096 0)
(0.23406539076 -11.1543989984 0)
(0.185133608159 -11.1159440484 0)
(0.145577642848 -11.0858099237 0)
(0.113824722295 -11.0622938714 0)
(0.0885057131034 -11.0440232849 0)
(0.0684470356329 -11.0298934525 0)
(0.0526554772656 -11.0190176625 0)
(0.0402996856646 -11.0106867296 0)
(0.0306906409236 -11.0043358813 0)
(0.0232624826413 -10.9995175211 0)
(0.0175544870424 -10.9958787719 0)
(0.0131946212305 -10.9931429669 0)
(0.00988486932572 -10.9910944301 0)
(0.00738838093488 -10.9895660155 0)
(0.00551840030891 -10.988428963 0)
(0.00412885617615 -10.9875846956 0)
(0.00310644413319 -10.9869582606 0)
(0.00236445557117 -10.9864932307 0)
(0.00183994745398 -10.986147901 0)
(0.00149788733586 -10.9858924459 0)
(0.00131293975088 -10.9857035294 0)
(0.001193728927 -10.9855640058 0)
(0.00042503416878 -10.9854480974 0)
(-0.000202107424572 -10.9854923765 0)
(-8.2161315433e-05 -10.9855222212 0)
(-2569.80518316 -10.9854967407 0)
(2551.32131949 -15.8645063193 0)
(1.24992088307 -15.3706718123 0)
(1.69638196147 -14.6443069964 0)
(1.83543015585 -13.9238901116 0)
(1.77988522742 -13.3055537221 0)
(1.62498274751 -12.8041713941 0)
(1.4300532729 -12.4063500505 0)
(1.22842867981 -12.0927350595 0)
(1.0373036453 -11.8455498283 0)
(0.864619950682 -11.6503775001 0)
(0.713207816518 -11.495990775 0)
(0.583153817742 -11.3737302459 0)
(0.473137798141 -11.2768963355 0)
(0.381187748409 -11.2002642557 0)
(0.30510456849 -11.1397227956 0)
(0.242697358809 -11.0920110015 0)
(0.19190856722 -11.054526125 0)
(0.150874618712 -11.0251819276 0)
(0.117948796649 -11.0023023324 0)
(0.0917023302865 -10.9845400492 0)
(0.0709133068952 -10.9708131171 0)
(0.0545492451199 -10.9602545705 0)
(0.041746876025 -10.9521719557 0)
(0.0317912744256 -10.9460144299 0)
(0.0240956129401 -10.9413458383 0)
(0.0181822648299 -10.9378226026 0)
(0.0136656360767 -10.9351755474 0)
(0.0102368895782 -10.93319499 0)
(0.00765058966322 -10.9317185519 0)
(0.00571320883791 -10.93062125 0)
(0.00427336216185 -10.9298074959 0)
(0.00321358163804 -10.9292047086 0)
(0.00244386925174 -10.9287583664 0)
(0.00189863123237 -10.9284283797 0)
(0.00154095859066 -10.9281866028 0)
(0.00134420095884 -10.9280121255 0)
(0.00121745228151 -10.9278904708 0)
(0.000432053523497 -10.92779373 0)
(-0.00020833008017 -10.927820896 0)
(-8.18562301104e-05 -10.9278422928 0)
(-2567.6138683 -10.9278096419 0)
(2548.18432198 -16.0411927224 0)
(1.37875599683 -15.4792532274 0)
(1.84736994596 -14.6738604425 0)
(1.97340822359 -13.8992510467 0)
(1.89409233441 -13.2509142829 0)
(1.71596448291 -12.7349574274 0)
(1.50159695063 -12.3312618662 0)
(1.28456122401 -12.0163490313 0)
(1.08142262591 -11.7701154025 0)
(0.899387236659 -11.5768843364 0)
(0.740663959639 -11.4247613005 0)
(0.604861228504 -11.304744526 0)
(0.490301359402 -11.209970254 0)
(0.394745777519 -11.1351468764 0)
(0.315794851362 -11.0761487221 0)
(0.251104724893 -11.0297273878 0)
(0.198499422948 -10.9933053378 0)
(0.156022401363 -10.9648261527 0)
(0.121953097974 -10.9426437792 0)
(0.0948035561607 -10.9254388898 0)
(0.0733041313755 -10.9121544023 0)
(0.0563837095476 -10.9019448319 0)
(0.0431477137786 -10.8941358838 0)
(0.032855864398 -10.8881918262 0)
(0.0249008481104 -10.883688926 0)
(0.0187885452156 -10.8802937158 0)
(0.014120143738 -10.8777451837 0)
(0.0105762684376 -10.8758401925 0)
(0.00790312895044 -10.8744215827 0)
(0.00590061149878 -10.873368515 0)
(0.00441216445597 -10.8725886839 0)
(0.00331627004197 -10.872012113 0)
(0.00251972134881 -10.8715863658 0)
(0.00195430017374 -10.8712730973 0)
(0.00158113817169 -10.8710459387 0)
(0.00137216614001 -10.8708865653 0)
(0.00123740802219 -10.8707833794 0)
(0.000438949132683 -10.8707064517 0)
(-0.000211819978073 -10.8707142236 0)
(-7.99104989506e-05 -10.870725991 0)
(-2565.43405278 -10.8706859201 0)
(2545.0172303 -16.2408299278 0)
(1.52338733905 -15.5980519676 0)
(2.0123823976 -14.7026769263 0)
(2.12001938777 -13.8700687235 0)
(2.01274395127 -13.1915175231 0)
(1.80891323084 -12.6618197917 0)
(1.57377495212 -12.2532212126 0)
(1.34065797254 -11.9378484021 0)
(1.12519658429 -11.6932276286 0)
(0.933690771095 -11.5024471067 0)
(0.767635778589 -11.3529798181 0)
(0.626112027034 -11.2355112444 0)
(0.507057328064 -11.1430357116 0)
(0.407952054796 -11.0702108458 0)
(0.326188466211 -11.0129080045 0)
(0.259266035672 -10.9678996367 0)
(0.204888814245 -10.9326395301 0)
(0.161006930428 -10.9051056862 0)
(0.125826249216 -10.8836856248 0)
(0.0978002056566 -10.8670907806 0)
(0.0756121184793 -10.8542912004 0)
(0.0581529488186 -10.844464717 0)
(0.0444974771612 -10.8369567086 0)
(0.0338806659965 -10.8312478105 0)
(0.0256752350303 -10.8269277559 0)
(0.0193710132832 -10.8236740567 0)
(0.0145563407321 -10.8212345835 0)
(0.010901609777 -10.8194133377 0)
(0.00814492517468 -10.8180588642 0)
(0.00607978859975 -10.8170548614 0)
(0.00454464254565 -10.816312624 0)
(0.00341404526861 -10.8157650311 0)
(0.00259167240755 -10.8153619229 0)
(0.00200671664439 -10.8150668353 0)
(0.00161826497412 -10.8148552688 0)
(0.00139671281646 -10.8147116379 0)
(0.00125347500886 -10.8146274583 0)
(0.00044588468632 -10.8145709886 0)
(-0.000212237939287 -10.8145571066 0)
(-7.61955334308e-05 -10.8145582196 0)
(-2563.26558592 -10.8145106502 0)
(2541.8165456 -16.4667862314 0)
(1.68638659714 -15.7275740114 0)
(2.19296659477 -14.7296276588 0)
(2.27564010424 -13.8353959297 0)
(2.13574212076 -13.1268861239 0)
(1.903623745 -12.5846052712 0)
(1.64639122855 -12.1722699268 0)
(1.39655994082 -11.8573889712 0)
(1.16850288498 -11.6151102045 0)
(0.967436798752 -11.4273322567 0)
(0.794051132092 -11.2809414439 0)
(0.646850049804 -11.1663459315 0)
(0.523361439132 -11.0764235308 0)
(0.420771318959 -11.0057988948 0)
(0.33625709318 -10.9503529039 0)
(0.267158419766 -10.9068877717 0)
(0.211058213043 -10.8728951111 0)
(0.16581318242 -10.8463922127 0)
(0.129556079109 -10.8258039121 0)
(0.100682441037 -10.8098753545 0)
(0.0778293440878 -10.7976060875 0)
(0.0598506079033 -10.7881991991 0)
(0.045791095073 -10.781021342 0)
(0.034861654949 -10.77557085 0)
(0.0264155988852 -10.7714520328 0)
(0.0199271796922 -10.7683543065 0)
(0.0149722875329 -10.7660351921 0)
(0.0112114123075 -10.7643064632 0)
(0.0083748242133 -10.7630228889 0)
(0.00624985952871 -10.7620731279 0)
(0.0046701305074 -10.7613724146 0)
(0.00350641025802 -10.7608567525 0)
(0.00265936051495 -10.7604784638 0)
(0.00205563099351 -10.7602031066 0)
(0.00165217764889 -10.7600081374 0)
(0.00141772824795 -10.7598808524 0)
(0.00126553787389 -10.7598161429 0)
(0.000453019478598 -10.7597807976 0)
(-0.000209266175459 -10.759743049 0)
(-7.06192309073e-05 -10.7597326815 0)
(-2561.108239 -10.7596777378 0)
(2538.57835825 -16.723052872 0)
(1.87081905357 -15.8682044146 0)
(2.39081801394 -14.7532249407 0)
(2.44056769475 -13.7941304394 0)
(2.26290208297 -13.0565073677 0)
(1.99983647028 -12.5031615383 0)
(1.71921821211 -12.0884601737 0)
(1.452089917 -11.7751376791 0)
(1.21120792719 -11.5359965811 0)
(1.00052452322 -11.3518145381 0)
(0.819833043638 -11.2089485215 0)
(0.667015609639 -11.0975706253 0)
(0.539166735395 -11.0104705865 0)
(0.433166180182 -10.9422595274 0)
(0.345970690823 -10.8888412866 0)
(0.274757594244 -10.8470573213 0)
(0.216987926049 -10.8144439347 0)
(0.170425170228 -10.7890628245 0)
(0.133129620863 -10.7693800671 0)
(0.103439770558 -10.7541776101 0)
(0.0799473495492 -10.7424869904 0)
(0.0614698979261 -10.7335385889 0)
(0.0470231469915 -10.7267220203 0)
(0.0357945278343 -10.7215547241 0)
(0.027118543722 -10.7176567624 0)
(0.0204543814228 -10.7147304367 0)
(0.0153659093891 -10.7125437349 0)
(0.0115040704143 -10.710916878 0)
(0.00859159224421 -10.7097114131 0)
(0.006409883474 -10.7088214098 0)
(0.00478791761997 -10.708166405 0)
(0.00359283542926 -10.7076858137 0)
(0.00272240159399 -10.7073346578 0)
(0.0021007819155 -10.707080666 0)
(0.00168271581913 -10.7069033278 0)
(0.00143511171608 -10.7067929467 0)
(0.00127348596358 -10.706748082 0)
(0.000460503459463 -10.7067345747 0)
(-0.000202614726347 -10.7066708189 0)
(-6.31332792242e-05 -10.7066483757 0)
(-2558.96170383 -10.7065864274 0)
(2535.29829415 -17.0143871295 0)
(2.08035218339 -16.0201367626 0)
(2.60778138981 -14.7715305034 0)
(2.61498361885 -13.7450053733 0)
(2.39393590098 -12.9798406204 0)
(2.0972331838 -12.4173414998 0)
(1.79199600041 -12.0018559314 0)
(1.50705265933 -11.6912722236 0)
(1.25316751317 -11.4561284563 0)
(1.03284641067 -11.2761748547 0)
(0.84489991466 -11.1373080637 0)
(0.68654563681 -11.0295110344 0)
(0.554423658695 -10.9455167621 0)
(0.44509717893 -10.8799438152 0)
(0.355297534414 -10.8287332867 0)
(0.282037890157 -10.7887758725 0)
(0.222657112403 -10.7576597629 0)
(0.17482595594 -10.7334964083 0)
(0.136533121981 -10.7147972222 0)
(0.106061056379 -10.7003841807 0)
(0.0819571483331 -10.6893234113 0)
(0.063003601918 -10.6808747226 0)
(0.0481878680209 -10.6744524632 0)
(0.036674706539 -10.6695946594 0)
(0.0277804563699 -10.6659383658 0)
(0.0209497851841 -10.6631998077 0)
(0.0157349992718 -10.661158304 0)
(0.0117778766672 -10.6596432388 0)
(0.00879391784869 -10.6585235252 0)
(0.00655886115082 -10.6576991223 0)
(0.00489724973783 -10.6570942544 0)
(0.0036727597049 -10.6566520529 0)
(0.00278039005737 -10.6563304708 0)
(0.00214189699133 -10.6560995616 0)
(0.00170972150784 -10.6559409136 0)
(0.00144877740446 -10.6558479369 0)
(0.00127721227616 -10.6558231818 0)
(0.000468472100744 -10.6558323042 0)
(-0.000192026387318 -10.6557404941 0)
(-5.37409380454e-05 -10.655705627 0)
(-2556.82559204 -10.6556373487 0)
(2531.97145347 -17.3464936569 0)
(2.3193903788 -16.1832746068 0)
(2.8458442918 -14.7820419541 0)
(2.79890567134 -13.6865854069 0)
(2.52843485767 -12.8963288129 0)
(2.19543340809 -12.3270085303 0)
(1.86443206735 -11.9125345794 0)
(1.56123541201 -11.6059805072 0)
(1.29422740098 -11.3757539988 0)
(1.06428860174 -11.2006978079 0)
(0.869165807695 -11.0663288769 0)
(0.705373869968 -10.9624933723 0)
(0.569080179242 -10.8819015665 0)
(0.456522875255 -10.8192018412 0)
(0.364204279362 -10.7703876087 0)
(0.288972299014 -10.7324092559 0)
(0.228043818893 -10.7029143506 0)
(0.178997678363 -10.6800696474 0)
(0.139752066385 -10.6624361477 0)
(0.108534532731 -10.6488792079 0)
(0.0838492411667 -10.6385022538 0)
(0.0644440875452 -10.6305967478 0)
(0.0492791596316 -10.6246036265 0)
(0.037497347319 -10.6200830551 0)
(0.0283975140578 -10.6166903849 0)
(0.0214103937896 -10.6141568568 0)
(0.0160772231624 -10.6122740323 0)
(0.0120310261653 -10.6108812139 0)
(0.00898041554169 -10.6098553014 0)
(0.00669573763944 -10.609102649 0)
(0.00499733150965 -10.6085525752 0)
(0.00374559214053 -10.6081522502 0)
(0.0028328998538 -10.6078628026 0)
(0.00217869337286 -10.6076567709 0)
(0.0017330407649 -10.6075178945 0)
(0.00145865806126 -10.6074427513 0)
(0.00127661248573 -10.6074382335 0)
(0.000477041011252 -10.6074708917 0)
(-0.000177279281327 -10.6073490929 0)
(-4.25041993739e-05 -10.6073016903 0)
(-2554.69943524 -10.6072281459 0)
(2528.59234049 -17.7262552559 0)
(2.59324252395 -16.3570943057 0)
(3.1071192298 -14.7815523544 0)
(2.99212624708 -13.6172726286 0)
(2.6658512763 -12.8054148043 0)
(2.2939920305 -12.2320425191 0)
(1.93620160503 -11.8205885618 0)
(1.61440877545 -11.519459911 0)
(1.33422405304 -11.2951258187 0)
(1.09473143505 -11.1256689733 0)
(0.892540801765 -10.99631841 0)
(0.723431098881 -10.8968409084 0)
(0.583081964935 -10.8199604596 0)
(0.467399970496 -10.7603788447 0)
(0.372656051455 -10.7141575225 0)
(0.295532541776 -10.6783174149 0)
(0.233125034116 -10.6505732096 0)
(0.182921596506 -10.629152696 0)
(0.142771209872 -10.6126708519 0)
(0.110847835175 -10.6000398793 0)
(0.085613640357 -10.5904033073 0)
(0.0657833273775 -10.5830865659 0)
(0.0502906065541 -10.5775591093 0)
(0.0382573548447 -10.5734048632 0)
(0.0289656960364 -10.5702988384 0)
(0.0218330557099 -10.5679884364 0)
(0.0163901278483 -10.5662784174 0)
(0.0122616228445 -10.5650187953 0)
(0.00914963083999 -10.5640951088 0)
(0.0068194063878 -10.5634206384 0)
(0.00508732949147 -10.5629302247 0)
(0.00381071422978 -10.5625754149 0)
(0.00287948592034 -10.5623207709 0)
(0.0022108786136 -10.5621414838 0)
(0.0017525254266 -10.56202348 0)
(0.00146470959874 -10.5619665128 0)
(0.00127158420177 -10.561982186 0)
(0.000486300218779 -10.5620394417 0)
(-0.000158186111783 -10.5618858519 0)
(-2.95515401367e-05 -10.5618259904 0)
(-2552.58268608 -10.5617487545 0)
(2525.15478356 -18.1620278361 0)
(2.90833095909 -16.5404547029 0)
(3.39380862722 -14.765976974 0)
(3.19413318135 -13.535327505 0)
(2.80548087957 -12.7065634942 0)
(2.3923986566 -12.1323465287 0)
(2.00694858897 -11.7261270862 0)
(1.66632796062 -11.4319164 0)
(1.37298558852 -11.2144987118 0)
(1.12405008348 -11.0513719529 0)
(0.914931420668 -10.927579381 0)
(0.740645460031 -10.832870295 0)
(0.596372591989 -10.76002095 0)
(0.477683462687 -10.7038111332 0)
(0.380616565314 -10.6603866204 0)
(0.301689161596 -10.6268500317 0)
(0.237876762681 -10.6009911241 0)
(0.186578149891 -10.5811046016 0)
(0.145574629714 -10.5658639249 0)
(0.112988041651 -10.5542317065 0)
(0.0872399038483 -10.5453944722 0)
(0.0670129271556 -10.5387140114 0)
(0.0512155001845 -10.5336902974 0)
(0.0389494015021 -10.5299327005 0)
(0.0294807994125 -10.5271373109 0)
(0.022214477984 -10.5250688839 0)
(0.0166711513757 -10.5235463765 0)
(0.0124676878792 -10.522431342 0)
(0.00930004692915 -10.5216186397 0)
(0.00692871446248 -10.5210290312 0)
(0.00516637620061 -10.5206033263 0)
(0.00386748289856 -10.520297803 0)
(0.002919686085 -10.5200807263 0)
(0.00223815155424 -10.5199301155 0)
(0.00176803494804 -10.5198341032 0)
(0.00146691685651 -10.519795552 0)
(0.00126202670818 -10.5198311474 0)
(0.000496307841994 -10.5199142649 0)
(-0.000134589006265 -10.5197272352 0)
(-1.50847131918e-05 -10.5196550784 0)
(-2550.47472029 -10.5195764057 0)
(2521.65184399 -18.6640189897 0)
(3.27245269637 -16.7313335705 0)
(3.70814466938 -14.730140162 0)
(3.40400894304 -13.4389127078 0)
(2.94644747156 -12.5992903842 0)
(2.49007931208 -12.0278536891 0)
(2.07628763076 -11.6292778156 0)
(1.71673445035 -11.3435634657 0)
(1.41033294247 -11.1341272107 0)
(1.15211530121 -10.9780852581 0)
(0.936241133338 -10.8604062469 0)
(0.756942785066 -10.7708877433 0)
(0.608893797302 -10.7023985427 0)
(0.487326836419 -10.649821843 0)
(0.388048271756 -10.609404421 0)
(0.307411641033 -10.5783419983 0)
(0.242274120126 -10.5545075091 0)
(0.189947036362 -10.5362685678 0)
(0.148145788901 -10.5223617207 0)
(0.114941725713 -10.5118036403 0)
(0.0887171793665 -10.5038268183 0)
(0.0681241623316 -10.4978318656 0)
(0.0520468687316 -10.4933513391 0)
(0.0395679521474 -10.4900217956 0)
(0.0299384593558 -10.4875618749 0)
(0.022551242596 -10.4857549242 0)
(0.016917636225 -10.4844351331 0)
(0.0126471701963 -10.4834764548 0)
(0.00943009299745 -10.4827837768 0)
(0.00702246907114 -10.4822859184 0)
(0.00523357514247 -10.4819301223 0)
(0.00391523423281 -10.4816777653 0)
(0.00295302341418 -10.4815010971 0)
(0.00226020323766 -10.4813811506 0)
(0.00177943813461 -10.4813082662 0)
(0.00146530075115 -10.4812882524 0)
(0.00124784161817 -10.481343215 0)
(0.000507082665051 -10.4814537106 0)
(-0.000106348808975 -10.48123178 0)
(6.14348890423e-07 -10.481147404 0)
(-2548.37483978 -10.4810704667 0)
(2518.07571304 -19.2447758929 0)
(3.69510672463 -16.9264631382 0)
(4.05229279976 -14.6675141072 0)
(3.62030313692 -13.3261707271 0)
(3.0876926833 -12.4831968904 0)
(2.58640117031 -11.9185337207 0)
(2.14380663366 -11.5301885102 0)
(1.76535808159 -11.2546209163 0)
(1.44608123003 -11.0542629879 0)
(1.17879427626 -10.9060790926 0)
(0.956370923634 -10.7950815962 0)
(0.772247000854 -10.711185134 0)
(0.620585772054 -10.6473926286 0)
(0.496282287031 -10.5987166453 0)
(0.394912534243 -10.5615219195 0)
(0.312668543974 -10.5331088352 0)
(0.246291448784 -10.5114417156 0)
(0.193007307571 -10.4949671644 0)
(0.150467615219 -10.4824894879 0)
(0.11669502213 -10.473083134 0)
(0.0900342587902 -10.466029593 0)
(0.069108022999 -10.4607708179 0)
(0.0527775141781 -10.4568740693 0)
(0.0401072943482 -10.4540048817 0)
(0.0303341736961 -10.4519059597 0)
(0.0228398263455 -10.4503805193 0)
(0.0171268452428 -10.449279052 0)
(0.0127979591454 -10.4484887991 0)
(0.00953815422139 -10.4479254066 0)
(0.0070994453588 -10.4475263471 0)
(0.00528800681143 -10.4472457747 0)
(0.00395328793446 -10.4470505446 0)
(0.00297900903454 -10.4469171833 0)
(0.00227671774018 -10.4468299346 0)
(0.00178661458093 -10.4467813354 0)
(0.00145992707944 -10.4467798476 0)
(0.00122893507081 -10.4468532531 0)
(0.000518594848357 -10.4469929434 0)
(-7.33276806015e-05 -10.4467348982 0)
(1.71779570035e-05 -10.4466380198 0)
(-2546.28227672 -10.4465672234 0)
(2514.41759618 -19.9198166572 0)
(4.18790505351 -17.120826512 0)
(4.4282031516 -14.5699000966 0)
(3.84087238642 -13.195350558 0)
(3.22797487284 -12.3580119132 0)
(2.68068098812 -11.8043981851 0)
(2.20907019164 -11.4290286052 0)
(1.81191955481 -11.1653135291 0)
(1.48004130723 -10.9751521562 0)
(1.20395157955 -10.83561211 0)
(0.975219925041 -10.7318725521 0)
(0.786480578584 -10.6540361585 0)
(0.631387495049 -10.5952824165 0)
(0.504500978242 -10.5507795032 0)
(0.401169833783 -10.5170271951 0)
(0.317427681813 -10.4914421699 0)
(0.249902454278 -10.4720884009 0)
(0.195737481897 -10.457497605 0)
(0.15252259498 -10.4465465682 0)
(0.118233704686 -10.4383712772 0)
(0.091179642597 -10.4323053005 0)
(0.0699552670766 -10.4278345013 0)
(0.0534000559615 -10.4245630084 0)
(0.0405615740579 -10.4221871668 0)
(0.0306633318483 -10.4204752979 0)
(0.0230766241464 -10.4192517958 0)
(0.0172959802666 -10.4183845516 0)
(0.0129178992682 -10.4177750055 0)
(0.00962258338314 -10.417350312 0)
(0.00715839545231 -10.4170572065 0)
(0.00532873564437 -10.4168572454 0)
(0.0039809525193 -10.4167231512 0)
(0.00299714542688 -10.416636029 0)
(0.00228737280926 -10.4165835452 0)
(0.00178945552895 -10.4165604167 0)
(0.00145091721575 -10.4165772997 0)
(0.00120522246535 -10.4166677474 0)
(0.000530753642978 -10.4168387888 0)
(-3.53640945452e-05 -10.4165437689 0)
(3.41493203724e-05 -10.4164333494 0)
(-2544.19619873 -10.4163747426 0)
(2510.66758441 -20.7084505549 0)
(4.76509003676 -17.3069622131 0)
(4.83738799056 -14.4270418844 0)
(4.06268077361 -13.0450047215 0)
(3.36588315789 -12.2236377642 0)
(2.7721978319 -11.6855032173 0)
(2.27162356486 -11.3259907605 0)
(1.85613337139 -11.0758695761 0)
(1.51202151386 -10.8970325219 0)
(1.22745019708 -10.7669282323 0)
(0.992686113925 -10.6710272805 0)
(0.799565027984 -10.5996925916 0)
(0.641237103118 -10.5463230168 0)
(0.511933331315 -10.5062685928 0)
(0.406780000897 -10.4761811931 0)
(0.321656302814 -10.4536053996 0)
(0.253080361764 -10.4367130879 0)
(0.198115674092 -10.4241272188 0)
(0.154292880777 -10.4148017955 0)
(0.119543275687 -10.4079381323 0)
(0.0921416139735 -10.4029249875 0)
(0.0706564814135 -10.3992947359 0)
(0.0539069810823 -10.3966905718 0)
(0.0409248364491 -10.3948415149 0)
(0.0309212478827 -10.3935430844 0)
(0.0232579755948 -10.3926421872 0)
(0.0174222033093 -10.3920252324 0)
(0.0130048070714 -10.391608788 0)
(0.00968171402435 -10.3913322806 0)
(0.00719805868299 -10.3911523298 0)
(0.0053548178753 -10.3910383934 0)
(0.00399753121575 -10.390969457 0)
(0.00300693022401 -10.3909315133 0)
(0.00229184019898 -10.3909158815 0)
(0.00178786368168 -10.3909194497 0)
(0.00143846093162 -10.3909544019 0)
(0.00117663724727 -10.3910598785 0)
(0.000543390551842 -10.3912647847 0)
(7.76020187341e-06 -10.390932467 0)
(5.09832090923e-05 -10.3908061611 0)
(-2542.1157151 -10.3907679431 0)
(2506.81451363 -21.6348477761 0)
(5.44418678762 -17.4740038806 0)
(5.28059464993 -14.2261602151 0)
(4.28155321046 -12.8742860517 0)
(3.49987517367 -12.0801961853 0)
(2.86021038887 -11.5619481201 0)
(2.33099691988 -11.2212925252 0)
(1.89771120253 -10.9865192334 0)
(1.541829576 -10.8201308398 0)
(1.24915262783 -10.7002536161 0)
(1.00866705318 -10.6127716999 0)
(0.811421431322 -10.5483808023 0)
(0.650072294815 -10.500741787 0)
(0.518529342994 -10.4654125055 0)
(0.411702472421 -10.4392138015 0)
(0.325321302835 -10.4198296593 0)
(0.255798090441 -10.405548041 0)
(0.200119740393 -10.395089247 0)
(0.155760412266 -10.3874892245 0)
(0.120609066284 -10.3820184084 0)
(0.0929083218824 -10.3781238708 0)
(0.0712021502197 -10.375387118 0)
(0.0542907001566 -10.3734926279 0)
(0.041191071531 -10.3722039798 0)
(0.0311031973881 -10.3713454901 0)
(0.023380194551 -10.3707879307 0)
(0.0175026601139 -10.3704373613 0)
(0.0130564896184 -10.3702264184 0)
(0.00971387501634 -10.370107573 0)
(0.00721717289124 -10.3700479567 0)
(0.00536531022064 -10.3700254331 0)
(0.00400232853639 -10.3700256498 0)
(0.00300786052324 -10.3700398019 0)
(0.00228978554201 -10.370063112 0)
(0.00178175144551 -10.3700946647 0)
(0.00142283146026 -10.3701472463 0)
(0.00114314590687 -10.3702649557 0)
(0.000556235933642 -10.3705065705 0)
(5.63606261088e-05 -10.3701374752 0)
(6.7054103804e-05 -10.3699908964 0)
(-2540.03988391 -10.3699840063 0)
(2502.84581408 -22.7294399449 0)
(6.24682754895 -17.6063541603 0)
(5.75733155635 -13.9513978366 0)
(4.49187357957 -12.6833848106 0)
(3.62835074421 -11.9280663748 0)
(2.94397856392 -11.4338678572 0)
(2.3867093422 -11.1151784384 0)
(1.93636570848 -10.897492863 0)
(1.56927463733 -10.744660121 0)
(1.26892202506 -10.6357938561 0)
(1.02306067667 -10.557306489 0)
(0.821971010564 -10.500298603 0)
(0.657830762487 -10.4587350467 0)
(0.52423892841 -10.4284068429 0)
(0.415896570141 -10.4063203398 0)
(0.328389454922 -10.3903102178 0)
(0.258028444223 -10.3787885807 0)
(0.201727437374 -10.3705790901 0)
(0.156907048483 -10.3648043211 0)
(0.121416346445 -10.3608076021 0)
(0.0934678720645 -10.3580974375 0)
(0.0715827299878 -10.3563070879 0)
(0.0545436087204 -10.3551645394 0)
(0.0413542639967 -10.3544698239 0)
(0.0312044577068 -10.3540776641 0)
(0.0234396013652 -10.3538840561 0)
(0.0175345057642 -10.3538158503 0)
(0.013070764734 -10.3538226966 0)
(0.00971740635661 -10.3538708858 0)
(0.00721448666108 -10.3539386918 0)
(0.00535927927192 -10.3540128886 0)
(0.00399465745688 -10.3540861855 0)
(0.00299943777318 -10.3541552957 0)
(0.0022808676419 -10.3542196216 0)
(0.00177103683259 -10.3542805382 0)
(0.0014044027173 -10.3543501986 0)
(0.00110477240183 -10.354476354 0)
(0.000568886650775 -10.3547577459 0)
(0.000110895024511 -10.3543537225 0)
(8.16770025594e-05 -10.3541795098 0)
(-2537.96772012 -10.3542182462 0)
(2498.7473548 -24.0307604863 0)
(7.19979520929 -17.6818528807 0)
(6.26518851987 -13.5831661932 0)
(4.68621950281 -12.4741618123 0)
(3.74977856434 -11.7679009239 0)
(3.02278797615 -11.3014172949 0)
(2.43827191872 -11.0079231635 0)
(1.971814866 -10.8090191255 0)
(1.59416937738 -10.6708170354 0)
(1.28662335424 -10.5737315153 0)
(1.03576610381 -10.5048044807 0)
(0.831135719773 -10.4556125324 0)
(0.664450646819 -10.4204652642 0)
(0.529012284384 -10.3954113098 0)
(0.419321797455 -10.3776585674 0)
(0.330827654645 -10.365203412 0)
(0.259744315975 -10.3565899547 0)
(0.202916592324 -10.3507511222 0)
(0.157714709872 -10.3469007289 0)
(0.121950442988 -10.3444587255 0)
(0.0938084247105 -10.3429981415 0)
(0.0717887298545 -10.3422065992 0)
(0.0546581529507 -10.3418578105 0)
(0.0414084465905 -10.3417901489 0)
(0.0312203509639 -10.3418903495 0)
(0.0234325573026 -10.3420809913 0)
(0.0175149320151 -10.3423108531 0)
(0.0130454825246 -10.3425475405 0)
(0.0096906759711 -10.3427719373 0)
(0.00718877232708 -10.3429740859 0)
(0.00533581147621 -10.3431501729 0)
(0.0039738471173 -10.3433003645 0)
(0.00298117331314 -10.3434272054 0)
(0.00226473704799 -10.34353458 0)
(0.00175563603673 -10.3436263743 0)
(0.0013836682983 -10.3437125066 0)
(0.00106163645415 -10.3438420816 0)
(0.000580762226582 -10.3441663091 0)
(0.000172007845025 -10.3437312782 0)
(9.41493565778e-05 -10.343517976 0)
(-2535.89820436 -10.3436205316 0)
(2494.50329141 -25.5878717489 0)
(8.33634640758 -17.6692449959 0)
(6.79886977002 -13.0973887057 0)
(4.85492663343 -12.2510540821 0)
(3.86289964769 -11.6005959459 0)
(3.09597411599 -11.164744662 0)
(2.48518897608 -10.8998360545 0)
(2.0037869341 -10.7213221433 0)
(1.61633215936 -10.5987787005 0)
(1.30212453601 -10.5142232354 0)
(1.04668447326 -10.4554076003 0)
(0.838838853862 -10.4144546461 0)
(0.669871007009 -10.3860576997 0)
(0.53280026777 -10.3665462113 0)
(0.421938149702 -10.3533450436 0)
(0.332603177458 -10.3446228813 0)
(0.260918902174 -10.3390634589 0)
(0.203665282549 -10.3357147142 0)
(0.15816552784 -10.3338862068 0)
(0.122196863918 -10.3330781697 0)
(0.0939182973078 -10.3329312027 0)
(0.0718107961902 -10.333189866 0)
(0.0546268987799 -10.3336757904 0)
(0.0413477561974 -10.3342675624 0)
(0.0311462892449 -10.3348855214 0)
(0.0233555006487 -10.3354801756 0)
(0.0174411959129 -10.3360233591 0)
(0.0129785478945 -10.3365015656 0)
(0.00963209728369 -10.3369110342 0)
(0.00713883954107 -10.337254194 0)
(0.00529402354003 -10.3375371378 0)
(0.00393925095137 -10.3377678761 0)
(0.00295259468386 -10.3379550898 0)
(0.00224103386144 -10.3381074749 0)
(0.00173545150154 -10.33823186 0)
(0.00136126124695 -10.3383339021 0)
(0.00101401189876 -10.3384601496 0)
(0.000591047346976 -10.3388296205 0)
(0.000240561658803 -10.3383702979 0)
(0.00010382631181 -10.3381138682 0)
(-2533.83029242 -10.3382907809 0)
)
;

boundaryField
{
    inout
    {
        type            empty;
    }
    top
    {
        type            calculated;
        value           nonuniform List<vector> 
41
(
(2494.50329141 -26.4372522454 0)
(8.33634640758 -17.6363472543 0)
(6.79886977002 -12.8217981419 0)
(4.85492663343 -12.1367779281 0)
(3.86289964769 -11.5152839286 0)
(3.09597411599 -11.0953699213 0)
(2.48518897608 -10.8456255441 0)
(2.0037869341 -10.6776954575 0)
(1.61633215936 -10.5632315171 0)
(1.30212453601 -10.4851254617 0)
(1.04668447326 -10.4315011344 0)
(0.838838853862 -10.3947719774 0)
(0.669871007009 -10.3698326741 0)
(0.53280026777 -10.3531587098 0)
(0.421938149702 -10.3422871957 0)
(0.332603177458 -10.3354755723 0)
(0.260918902174 -10.3314792546 0)
(0.203665282549 -10.3294051001 0)
(0.15816552784 -10.3286116526 0)
(0.122196863918 -10.3286401906 0)
(0.0939182973078 -10.3291658537 0)
(0.0718107961902 -10.3299623092 0)
(0.0546268987799 -10.3308756923 0)
(0.0413477561974 -10.3318051605 0)
(0.0311462892449 -10.3326882505 0)
(0.0233555006487 -10.3334897696 0)
(0.0174411959129 -10.3341933593 0)
(0.0129785478945 -10.3347951886 0)
(0.00963209728369 -10.3352993631 0)
(0.00713883954107 -10.3357146584 0)
(0.00529402354003 -10.3360522425 0)
(0.00393925095137 -10.3363241434 0)
(0.00295259468386 -10.3365421849 0)
(0.00224103386144 -10.3367175547 0)
(0.00173545150154 -10.3368586934 0)
(0.00136126124695 -10.3369685636 0)
(0.00101401189876 -10.3370912022 0)
(0.000591047346976 -10.3374837549 0)
(0.000240561658803 -10.3370143499 0)
(0.00010382631181 -10.3367377884 0)
(-2533.83029242 -10.3369520854 0)
)
;
    }
    bottom
    {
        type            calculated;
        value           nonuniform List<vector> 
41
(
(2622.54551531 -14.5918799124 0)
(0.0134063728378 -14.4978140501 0)
(0.0202359278042 -14.3237524556 0)
(0.0245914320349 -14.093095494 0)
(0.0265206183005 -13.8319238149 0)
(0.0264710551898 -13.562683128 0)
(0.0250123020656 -13.3025027111 0)
(0.0227056552338 -13.0624370867 0)
(0.0199994694947 -12.8483896064 0)
(0.0172109365321 -12.6624476968 0)
(0.0145415542102 -12.5041708758 0)
(0.0121046693477 -12.3716166126 0)
(0.00995228738257 -12.2620774888 0)
(0.00809679046114 -12.1725708649 0)
(0.00652681822565 -12.1001416796 0)
(0.00521813316158 -12.0420345004 0)
(0.00414068142398 -11.9957790164 0)
(0.00326296664728 -11.9592208719 0)
(0.00255461118524 -11.9305196834 0)
(0.0019877354098 -11.9081286482 0)
(0.00153758864745 -11.8907649752 0)
(0.00118272121735 -11.8773768753 0)
(0.000904886854345 -11.8671105509 0)
(0.000688797237804 -11.8592791382 0)
(0.000521805737778 -11.8533346061 0)
(0.000393568223801 -11.8488430234 0)
(0.000295709746194 -11.8454632416 0)
(0.000221513624247 -11.8429288285 0)
(0.00016564159488 -11.8410329692 0)
(0.000123888751346 -11.8396159966 0)
(9.29742935878e-05 -11.8385551941 0)
(7.03698232043e-05 -11.8377565107 0)
(5.41743076889e-05 -11.8371477977 0)
(4.30463614851e-05 -11.8366730246 0)
(3.61011165828e-05 -11.8362868704 0)
(3.22118889557e-05 -11.8359510023 0)
(2.7759067173e-05 -11.8356426327 0)
(1.4616651177e-05 -11.8353958209 0)
(4.30765281107e-06 -11.8353502996 0)
(-3.5677768518e-08 -11.8353096679 0)
(-2622.81646701 -11.8353510132 0)
)
;
    }
    frontback
    {
        type            empty;
    }
}


// ************************************************************************* //
