/*--------------------------------*- C++ -*----------------------------------*\
| =========                 |                                                 |
| \\      /  F ield         | OpenFOAM: The Open Source CFD Toolbox           |
|  \\    /   O peration     | Version:  2112                                  |
|   \\  /    A nd           | Website:  www.openfoam.com                      |
|    \\/     M anipulation  |                                                 |
\*---------------------------------------------------------------------------*/
FoamFile
{
    version     2.0;
    format      ascii;
    arch        "LSB;label=32;scalar=64";
    class       volScalarField;
    location    "4";
    object      T;
}
// * * * * * * * * * * * * * * * * * * * * * * * * * * * * * * * * * * * * * //

dimensions      [0 0 0 1 0 0 0];

internalField   nonuniform List<scalar> 
12013
(
300.003
300.008
300.014
300.02
300.026
300.032
300.039
300.046
300.054
300.061
300.07
300.078
300.087
300.096
300.106
300.116
300.127
300.138
300.15
300.162
300.174
300.188
300.201
300.215
300.23
300.246
300.261
300.278
300.295
300.313
300.331
300.35
300.37
300.39
300.411
300.433
300.455
300.478
300.502
300.527
300.552
300.578
300.605
300.633
300.662
300.691
300.721
300.753
300.785
300.818
300.851
300.886
300.922
300.959
300.997
301.036
301.076
301.117
301.159
301.202
301.247
301.293
301.341
301.389
301.44
301.492
301.545
301.601
301.658
301.717
301.779
301.843
301.91
301.98
302.053
302.13
302.212
302.3
302.396
302.502
302.625
300.003
300.008
300.014
300.02
300.026
300.032
300.039
300.046
300.054
300.061
300.07
300.078
300.087
300.096
300.106
300.116
300.127
300.138
300.15
300.162
300.174
300.188
300.201
300.215
300.23
300.245
300.261
300.278
300.295
300.313
300.331
300.35
300.37
300.39
300.411
300.433
300.455
300.478
300.502
300.527
300.552
300.578
300.605
300.633
300.662
300.691
300.721
300.752
300.784
300.817
300.851
300.886
300.922
300.959
300.996
301.035
301.075
301.116
301.159
301.202
301.247
301.293
301.34
301.389
301.439
301.491
301.544
301.6
301.657
301.716
301.777
301.841
301.908
301.977
302.05
302.126
302.207
302.294
302.386
302.487
302.597
300.003
300.008
300.014
300.02
300.026
300.032
300.039
300.046
300.054
300.061
300.07
300.078
300.087
300.096
300.106
300.116
300.127
300.138
300.15
300.162
300.174
300.188
300.201
300.215
300.23
300.245
300.261
300.278
300.295
300.313
300.331
300.35
300.37
300.39
300.411
300.433
300.455
300.478
300.502
300.527
300.552
300.578
300.605
300.633
300.661
300.691
300.721
300.752
300.784
300.817
300.851
300.886
300.921
300.958
300.996
301.035
301.075
301.116
301.158
301.201
301.246
301.292
301.339
301.388
301.438
301.489
301.543
301.598
301.654
301.713
301.774
301.838
301.903
301.972
302.043
302.118
302.197
302.28
302.368
302.461
302.558
300.003
300.008
300.014
300.02
300.026
300.032
300.039
300.046
300.054
300.061
300.07
300.078
300.087
300.096
300.106
300.116
300.127
300.138
300.15
300.162
300.174
300.187
300.201
300.215
300.23
300.245
300.261
300.278
300.295
300.313
300.331
300.35
300.37
300.39
300.411
300.433
300.455
300.478
300.502
300.527
300.552
300.578
300.605
300.633
300.661
300.69
300.721
300.752
300.784
300.817
300.85
300.885
300.921
300.957
300.995
301.034
301.074
301.115
301.157
301.2
301.244
301.29
301.337
301.385
301.435
301.487
301.54
301.594
301.651
301.709
301.769
301.831
301.896
301.963
302.033
302.106
302.182
302.261
302.343
302.428
302.514
300.003
300.008
300.014
300.02
300.026
300.032
300.039
300.046
300.054
300.061
300.07
300.078
300.087
300.096
300.106
300.116
300.127
300.138
300.15
300.162
300.174
300.187
300.201
300.215
300.23
300.245
300.261
300.278
300.295
300.312
300.331
300.35
300.369
300.39
300.411
300.432
300.455
300.478
300.502
300.526
300.552
300.578
300.604
300.632
300.661
300.69
300.72
300.751
300.783
300.816
300.849
300.884
300.92
300.956
300.994
301.032
301.072
301.113
301.155
301.198
301.242
301.287
301.334
301.382
301.432
301.483
301.535
301.589
301.645
301.702
301.762
301.823
301.886
301.951
302.019
302.089
302.161
302.236
302.312
302.39
302.468
300.003
300.008
300.014
300.02
300.026
300.032
300.039
300.046
300.054
300.061
300.07
300.078
300.087
300.096
300.106
300.116
300.127
300.138
300.15
300.162
300.174
300.187
300.201
300.215
300.23
300.245
300.261
300.278
300.295
300.312
300.331
300.35
300.369
300.389
300.41
300.432
300.454
300.477
300.501
300.526
300.551
300.577
300.604
300.632
300.66
300.689
300.719
300.75
300.782
300.815
300.848
300.883
300.918
300.955
300.992
301.031
301.07
301.111
301.152
301.195
301.239
301.284
301.33
301.378
301.427
301.477
301.529
301.582
301.637
301.693
301.752
301.811
301.873
301.936
302.001
302.068
302.136
302.206
302.277
302.349
302.42
300.003
300.008
300.014
300.02
300.026
300.032
300.039
300.046
300.054
300.061
300.069
300.078
300.087
300.096
300.106
300.116
300.127
300.138
300.149
300.162
300.174
300.187
300.201
300.215
300.23
300.245
300.261
300.277
300.294
300.312
300.33
300.349
300.369
300.389
300.41
300.432
300.454
300.477
300.501
300.525
300.55
300.576
300.603
300.631
300.659
300.688
300.718
300.749
300.781
300.813
300.847
300.881
300.916
300.953
300.99
301.028
301.067
301.108
301.149
301.191
301.235
301.279
301.325
301.372
301.421
301.47
301.521
301.574
301.627
301.682
301.739
301.797
301.856
301.917
301.979
302.043
302.107
302.173
302.239
302.304
302.37
300.003
300.008
300.014
300.02
300.026
300.032
300.039
300.046
300.054
300.061
300.069
300.078
300.087
300.096
300.106
300.116
300.127
300.138
300.149
300.161
300.174
300.187
300.201
300.215
300.229
300.245
300.261
300.277
300.294
300.312
300.33
300.349
300.368
300.389
300.41
300.431
300.453
300.476
300.5
300.524
300.55
300.575
300.602
300.63
300.658
300.687
300.717
300.747
300.779
300.811
300.845
300.879
300.914
300.95
300.987
301.025
301.064
301.104
301.145
301.187
301.23
301.274
301.319
301.365
301.413
301.462
301.511
301.563
301.615
301.668
301.723
301.779
301.836
301.895
301.954
302.014
302.075
302.136
302.197
302.258
302.318
300.003
300.008
300.014
300.02
300.026
300.032
300.039
300.046
300.053
300.061
300.069
300.078
300.087
300.096
300.106
300.116
300.127
300.138
300.149
300.161
300.174
300.187
300.2
300.215
300.229
300.244
300.26
300.277
300.294
300.311
300.33
300.348
300.368
300.388
300.409
300.43
300.453
300.475
300.499
300.523
300.548
300.574
300.601
300.628
300.656
300.685
300.715
300.745
300.777
300.809
300.842
300.876
300.911
300.947
300.983
301.021
301.059
301.099
301.139
301.181
301.223
301.267
301.311
301.357
301.403
301.451
301.5
301.549
301.6
301.652
301.705
301.759
301.813
301.869
301.925
301.982
302.039
302.096
302.153
302.209
302.265
300.003
300.008
300.014
300.02
300.026
300.032
300.039
300.046
300.053
300.061
300.069
300.078
300.087
300.096
300.106
300.116
300.126
300.137
300.149
300.161
300.174
300.187
300.2
300.214
300.229
300.244
300.26
300.276
300.293
300.311
300.329
300.348
300.367
300.387
300.408
300.43
300.452
300.474
300.498
300.522
300.547
300.573
300.599
300.626
300.654
300.683
300.713
300.743
300.774
300.806
300.839
300.873
300.907
300.942
300.979
301.016
301.054
301.093
301.133
301.173
301.215
301.258
301.301
301.346
301.392
301.438
301.485
301.534
301.583
301.633
301.683
301.735
301.787
301.84
301.893
301.946
302
302.053
302.106
302.158
302.21
300.003
300.008
300.014
300.02
300.026
300.032
300.039
300.046
300.053
300.061
300.069
300.078
300.087
300.096
300.106
300.116
300.126
300.137
300.149
300.161
300.173
300.186
300.2
300.214
300.228
300.244
300.259
300.276
300.293
300.31
300.328
300.347
300.366
300.386
300.407
300.428
300.45
300.473
300.497
300.521
300.546
300.571
300.597
300.624
300.652
300.681
300.71
300.74
300.771
300.803
300.835
300.868
300.902
300.937
300.973
301.01
301.047
301.086
301.125
301.165
301.206
301.247
301.29
301.334
301.378
301.423
301.469
301.515
301.563
301.611
301.659
301.708
301.758
301.808
301.858
301.908
301.958
302.008
302.057
302.106
302.154
300.003
300.008
300.014
300.02
300.026
300.032
300.039
300.046
300.053
300.061
300.069
300.078
300.086
300.096
300.105
300.115
300.126
300.137
300.148
300.16
300.173
300.186
300.199
300.213
300.228
300.243
300.259
300.275
300.292
300.309
300.327
300.346
300.365
300.385
300.406
300.427
300.449
300.472
300.495
300.519
300.544
300.569
300.595
300.622
300.649
300.678
300.707
300.736
300.767
300.798
300.83
300.863
300.897
300.931
300.967
301.003
301.039
301.077
301.115
301.155
301.195
301.235
301.277
301.319
301.362
301.406
301.45
301.495
301.54
301.586
301.632
301.679
301.726
301.773
301.82
301.867
301.914
301.961
302.007
302.052
302.097
300.003
300.008
300.014
300.019
300.026
300.032
300.039
300.046
300.053
300.061
300.069
300.077
300.086
300.095
300.105
300.115
300.126
300.137
300.148
300.16
300.173
300.185
300.199
300.213
300.227
300.242
300.258
300.274
300.291
300.308
300.326
300.345
300.364
300.384
300.404
300.426
300.447
300.47
300.493
300.517
300.541
300.566
300.592
300.619
300.646
300.674
300.703
300.732
300.762
300.793
300.825
300.857
300.89
300.924
300.959
300.994
301.03
301.067
301.105
301.143
301.182
301.221
301.261
301.302
301.344
301.386
301.428
301.471
301.515
301.558
301.602
301.647
301.691
301.735
301.78
301.824
301.868
301.911
301.954
301.997
302.039
300.003
300.008
300.014
300.019
300.026
300.032
300.039
300.046
300.053
300.061
300.069
300.077
300.086
300.095
300.105
300.115
300.125
300.136
300.148
300.16
300.172
300.185
300.198
300.212
300.227
300.242
300.257
300.273
300.29
300.307
300.325
300.344
300.363
300.382
300.403
300.424
300.445
300.468
300.49
300.514
300.538
300.563
300.589
300.615
300.642
300.67
300.698
300.727
300.757
300.787
300.818
300.85
300.883
300.916
300.95
300.984
301.02
301.055
301.092
301.129
301.167
301.205
301.244
301.283
301.323
301.364
301.404
301.445
301.487
301.528
301.57
301.612
301.654
301.695
301.737
301.778
301.82
301.86
301.9
301.94
301.979
300.003
300.008
300.014
300.019
300.025
300.032
300.039
300.046
300.053
300.061
300.069
300.077
300.086
300.095
300.105
300.115
300.125
300.136
300.147
300.159
300.171
300.184
300.198
300.211
300.226
300.241
300.256
300.272
300.289
300.306
300.324
300.342
300.361
300.381
300.401
300.421
300.443
300.465
300.488
300.511
300.535
300.56
300.585
300.611
300.637
300.665
300.693
300.721
300.75
300.78
300.811
300.842
300.874
300.906
300.939
300.973
301.007
301.042
301.078
301.114
301.15
301.187
301.224
301.262
301.301
301.339
301.378
301.417
301.456
301.496
301.535
301.575
301.614
301.653
301.692
301.731
301.77
301.808
301.845
301.882
301.919
300.003
300.008
300.014
300.019
300.025
300.032
300.038
300.045
300.053
300.06
300.068
300.077
300.085
300.095
300.104
300.114
300.124
300.135
300.147
300.158
300.171
300.183
300.197
300.21
300.225
300.24
300.255
300.271
300.287
300.304
300.322
300.34
300.359
300.378
300.398
300.419
300.44
300.462
300.484
300.507
300.531
300.555
300.58
300.606
300.632
300.659
300.686
300.714
300.743
300.772
300.802
300.832
300.864
300.895
300.927
300.96
300.993
301.027
301.061
301.096
301.131
301.167
301.203
301.239
301.275
301.312
301.349
301.386
301.423
301.461
301.498
301.535
301.572
301.609
301.646
301.682
301.718
301.753
301.789
301.823
301.857
300.003
300.008
300.013
300.019
300.025
300.032
300.038
300.045
300.052
300.06
300.068
300.076
300.085
300.094
300.104
300.114
300.124
300.135
300.146
300.158
300.17
300.183
300.196
300.209
300.224
300.238
300.253
300.269
300.286
300.302
300.32
300.338
300.357
300.376
300.395
300.416
300.437
300.458
300.48
300.503
300.526
300.55
300.575
300.6
300.626
300.652
300.679
300.706
300.734
300.763
300.792
300.822
300.852
300.883
300.914
300.945
300.978
301.01
301.043
301.077
301.11
301.144
301.179
301.213
301.248
301.283
301.318
301.353
301.388
301.423
301.459
301.494
301.528
301.563
301.597
301.631
301.665
301.698
301.731
301.763
301.795
300.003
300.008
300.013
300.019
300.025
300.031
300.038
300.045
300.052
300.06
300.068
300.076
300.085
300.094
300.103
300.113
300.123
300.134
300.145
300.157
300.169
300.181
300.194
300.208
300.222
300.237
300.252
300.267
300.284
300.3
300.318
300.335
300.354
300.373
300.392
300.412
300.433
300.454
300.476
300.498
300.521
300.544
300.569
300.593
300.618
300.644
300.67
300.697
300.724
300.752
300.781
300.809
300.839
300.868
300.899
300.929
300.96
300.991
301.023
301.055
301.087
301.12
301.153
301.185
301.219
301.252
301.285
301.318
301.351
301.384
301.417
301.45
301.483
301.515
301.547
301.579
301.61
301.641
301.672
301.702
301.732
300.003
300.008
300.013
300.019
300.025
300.031
300.038
300.045
300.052
300.059
300.067
300.076
300.084
300.093
300.102
300.112
300.122
300.133
300.144
300.156
300.168
300.18
300.193
300.207
300.22
300.235
300.25
300.265
300.281
300.298
300.315
300.332
300.35
300.369
300.388
300.408
300.428
300.449
300.471
300.492
300.515
300.538
300.561
300.585
300.61
300.635
300.661
300.687
300.713
300.74
300.768
300.796
300.824
300.853
300.882
300.911
300.941
300.971
301.001
301.032
301.062
301.093
301.124
301.156
301.187
301.218
301.249
301.281
301.312
301.343
301.374
301.405
301.435
301.465
301.495
301.525
301.555
301.583
301.612
301.64
301.668
300.003
300.008
300.013
300.019
300.025
300.031
300.038
300.044
300.052
300.059
300.067
300.075
300.084
300.092
300.102
300.111
300.122
300.132
300.143
300.154
300.166
300.179
300.191
300.205
300.219
300.233
300.248
300.263
300.279
300.295
300.312
300.329
300.347
300.365
300.384
300.403
300.423
300.444
300.465
300.486
300.508
300.53
300.553
300.577
300.601
300.625
300.65
300.675
300.701
300.727
300.753
300.78
300.807
300.835
300.863
300.891
300.92
300.948
300.977
301.006
301.035
301.065
301.094
301.124
301.153
301.183
301.212
301.242
301.271
301.3
301.329
301.358
301.386
301.415
301.443
301.47
301.498
301.525
301.551
301.578
301.604
300.003
300.008
300.013
300.019
300.025
300.031
300.037
300.044
300.051
300.059
300.066
300.074
300.083
300.092
300.101
300.11
300.12
300.131
300.142
300.153
300.165
300.177
300.19
300.203
300.216
300.23
300.245
300.26
300.275
300.291
300.308
300.325
300.342
300.36
300.379
300.398
300.417
300.437
300.458
300.479
300.5
300.522
300.544
300.567
300.59
300.614
300.638
300.662
300.687
300.712
300.738
300.763
300.789
300.816
300.843
300.869
300.897
300.924
300.951
300.979
301.007
301.034
301.062
301.09
301.118
301.145
301.173
301.201
301.228
301.255
301.283
301.309
301.336
301.363
301.389
301.415
301.44
301.465
301.49
301.515
301.539
300.003
300.008
300.013
300.019
300.024
300.031
300.037
300.044
300.051
300.058
300.066
300.074
300.082
300.091
300.1
300.109
300.119
300.13
300.14
300.151
300.163
300.175
300.187
300.2
300.214
300.228
300.242
300.257
300.272
300.288
300.304
300.32
300.337
300.355
300.373
300.392
300.411
300.43
300.45
300.47
300.491
300.512
300.534
300.556
300.578
300.601
300.624
300.648
300.672
300.696
300.72
300.745
300.77
300.795
300.82
300.846
300.872
300.898
300.924
300.95
300.976
301.002
301.028
301.054
301.081
301.107
301.133
301.158
301.184
301.21
301.235
301.26
301.285
301.309
301.334
301.358
301.382
301.405
301.428
301.451
301.474
300.002
300.008
300.013
300.018
300.024
300.03
300.037
300.043
300.05
300.057
300.065
300.073
300.081
300.09
300.099
300.108
300.118
300.128
300.139
300.15
300.161
300.173
300.185
300.198
300.211
300.224
300.238
300.253
300.268
300.283
300.299
300.315
300.332
300.349
300.367
300.385
300.403
300.422
300.441
300.461
300.481
300.502
300.523
300.544
300.565
300.587
300.609
300.632
300.655
300.678
300.701
300.725
300.749
300.773
300.797
300.821
300.845
300.87
300.894
300.919
300.944
300.968
300.993
301.017
301.042
301.066
301.09
301.115
301.139
301.162
301.186
301.209
301.232
301.255
301.278
301.301
301.323
301.344
301.366
301.387
301.408
300.002
300.007
300.013
300.018
300.024
300.03
300.036
300.043
300.05
300.057
300.064
300.072
300.08
300.089
300.097
300.107
300.116
300.126
300.137
300.147
300.159
300.17
300.182
300.195
300.208
300.221
300.235
300.249
300.263
300.278
300.294
300.309
300.326
300.342
300.359
300.377
300.395
300.413
300.432
300.451
300.47
300.49
300.51
300.53
300.551
300.572
300.593
300.615
300.637
300.659
300.681
300.703
300.726
300.749
300.771
300.794
300.817
300.84
300.863
300.887
300.91
300.933
300.956
300.979
301.002
301.024
301.047
301.07
301.092
301.114
301.136
301.158
301.179
301.201
301.222
301.243
301.263
301.283
301.303
301.323
301.343
300.002
300.007
300.013
300.018
300.024
300.03
300.036
300.042
300.049
300.056
300.063
300.071
300.079
300.087
300.096
300.105
300.114
300.124
300.134
300.145
300.156
300.167
300.179
300.191
300.204
300.217
300.23
300.244
300.258
300.273
300.288
300.303
300.319
300.335
300.351
300.368
300.386
300.403
300.421
300.44
300.458
300.477
300.496
300.516
300.536
300.556
300.576
300.596
300.617
300.638
300.659
300.68
300.702
300.723
300.745
300.766
300.788
300.809
300.831
300.853
300.874
300.896
300.918
300.939
300.96
300.982
301.003
301.024
301.044
301.065
301.085
301.106
301.126
301.145
301.165
301.184
301.203
301.222
301.241
301.259
301.277
300.002
300.007
300.012
300.018
300.023
300.029
300.035
300.041
300.048
300.055
300.062
300.07
300.078
300.086
300.094
300.103
300.112
300.122
300.132
300.142
300.153
300.164
300.176
300.187
300.2
300.212
300.225
300.239
300.252
300.267
300.281
300.296
300.311
300.327
300.343
300.359
300.376
300.392
300.41
300.427
300.445
300.463
300.482
300.5
300.519
300.538
300.557
300.577
300.596
300.616
300.636
300.656
300.676
300.696
300.716
300.737
300.757
300.777
300.798
300.818
300.838
300.858
300.878
300.898
300.918
300.938
300.957
300.977
300.996
301.015
301.034
301.053
301.071
301.09
301.108
301.126
301.144
301.161
301.178
301.195
301.212
300.002
300.007
300.012
300.017
300.023
300.029
300.034
300.041
300.047
300.054
300.061
300.068
300.076
300.084
300.092
300.101
300.11
300.12
300.129
300.139
300.15
300.161
300.172
300.183
300.195
300.207
300.22
300.233
300.246
300.26
300.274
300.288
300.303
300.318
300.333
300.349
300.365
300.381
300.397
300.414
300.431
300.448
300.466
300.483
300.501
300.519
300.537
300.556
300.574
300.593
300.612
300.63
300.649
300.668
300.687
300.706
300.725
300.744
300.763
300.782
300.801
300.819
300.838
300.856
300.875
300.893
300.911
300.929
300.947
300.965
300.983
301
301.017
301.034
301.051
301.067
301.084
301.1
301.116
301.131
301.147
300.002
300.007
300.012
300.017
300.022
300.028
300.034
300.04
300.046
300.053
300.06
300.067
300.074
300.082
300.09
300.099
300.108
300.117
300.126
300.136
300.146
300.157
300.167
300.178
300.19
300.202
300.214
300.226
300.239
300.252
300.266
300.28
300.294
300.308
300.323
300.337
300.353
300.368
300.384
300.4
300.416
300.432
300.449
300.465
300.482
300.499
300.516
300.534
300.551
300.569
300.586
300.604
300.621
300.639
300.657
300.674
300.692
300.71
300.727
300.745
300.762
300.78
300.797
300.814
300.831
300.848
300.865
300.882
300.898
300.915
300.931
300.947
300.963
300.978
300.994
301.009
301.024
301.039
301.054
301.068
301.083
300.002
300.007
300.012
300.017
300.022
300.027
300.033
300.039
300.045
300.052
300.058
300.065
300.073
300.08
300.088
300.096
300.105
300.114
300.123
300.132
300.142
300.152
300.163
300.173
300.184
300.196
300.207
300.219
300.232
300.244
300.257
300.27
300.284
300.297
300.311
300.326
300.34
300.355
300.369
300.385
300.4
300.415
300.431
300.447
300.462
300.478
300.495
300.511
300.527
300.543
300.56
300.576
300.593
300.609
300.626
300.642
300.658
300.675
300.691
300.707
300.724
300.74
300.756
300.772
300.787
300.803
300.819
300.834
300.849
300.864
300.879
300.894
300.909
300.923
300.937
300.951
300.965
300.979
300.993
301.006
301.019
300.002
300.007
300.011
300.016
300.021
300.027
300.032
300.038
300.044
300.05
300.057
300.064
300.071
300.078
300.086
300.094
300.102
300.11
300.119
300.128
300.138
300.148
300.158
300.168
300.178
300.189
300.201
300.212
300.224
300.236
300.248
300.261
300.273
300.286
300.3
300.313
300.327
300.34
300.354
300.369
300.383
300.398
300.412
300.427
300.442
300.457
300.472
300.487
300.502
300.517
300.533
300.548
300.563
300.579
300.594
300.609
300.624
300.639
300.654
300.67
300.684
300.699
300.714
300.729
300.743
300.758
300.772
300.786
300.8
300.814
300.828
300.842
300.855
300.868
300.881
300.894
300.907
300.92
300.932
300.945
300.957
300.002
300.006
300.011
300.016
300.021
300.026
300.031
300.037
300.043
300.049
300.055
300.062
300.069
300.076
300.083
300.091
300.099
300.107
300.115
300.124
300.133
300.143
300.152
300.162
300.172
300.183
300.193
300.204
300.215
300.227
300.238
300.25
300.262
300.275
300.287
300.3
300.313
300.326
300.339
300.352
300.366
300.379
300.393
300.407
300.421
300.435
300.449
300.463
300.477
300.491
300.505
300.519
300.533
300.548
300.562
300.576
300.59
300.604
300.618
300.632
300.645
300.659
300.673
300.686
300.7
300.713
300.726
300.739
300.752
300.765
300.777
300.79
300.802
300.814
300.826
300.838
300.85
300.862
300.873
300.884
300.895
300.002
300.006
300.011
300.015
300.02
300.025
300.03
300.036
300.041
300.047
300.053
300.06
300.066
300.073
300.08
300.088
300.095
300.103
300.111
300.12
300.128
300.137
300.146
300.156
300.165
300.175
300.185
300.196
300.206
300.217
300.228
300.239
300.251
300.262
300.274
300.286
300.298
300.31
300.323
300.335
300.348
300.36
300.373
300.386
300.399
300.412
300.425
300.438
300.451
300.464
300.477
300.49
300.504
300.517
300.53
300.543
300.556
300.569
300.581
300.594
300.607
300.619
300.632
300.644
300.657
300.669
300.681
300.693
300.705
300.716
300.728
300.739
300.751
300.762
300.773
300.784
300.794
300.805
300.816
300.826
300.836
300.002
300.006
300.01
300.015
300.019
300.024
300.029
300.034
300.04
300.046
300.051
300.058
300.064
300.07
300.077
300.084
300.092
300.099
300.107
300.115
300.123
300.132
300.14
300.149
300.158
300.168
300.177
300.187
300.197
300.207
300.218
300.228
300.239
300.25
300.261
300.272
300.283
300.295
300.306
300.318
300.33
300.341
300.353
300.365
300.377
300.389
300.401
300.413
300.426
300.438
300.45
300.462
300.474
300.486
300.498
300.51
300.522
300.534
300.545
300.557
300.569
300.58
300.592
300.603
300.614
300.626
300.637
300.648
300.658
300.669
300.68
300.69
300.7
300.711
300.721
300.731
300.741
300.75
300.76
300.769
300.779
300.002
300.006
300.01
300.014
300.019
300.023
300.028
300.033
300.038
300.044
300.049
300.055
300.061
300.068
300.074
300.081
300.088
300.095
300.102
300.11
300.118
300.126
300.134
300.143
300.151
300.16
300.169
300.178
300.188
300.197
300.207
300.217
300.227
300.237
300.248
300.258
300.269
300.279
300.29
300.301
300.312
300.323
300.334
300.345
300.356
300.367
300.378
300.389
300.4
300.412
300.423
300.434
300.445
300.456
300.467
300.478
300.489
300.5
300.511
300.521
300.532
300.543
300.553
300.563
300.574
300.584
300.594
300.604
300.614
300.624
300.633
300.643
300.652
300.662
300.671
300.68
300.689
300.698
300.707
300.715
300.724
300.002
300.006
300.01
300.014
300.018
300.022
300.027
300.032
300.037
300.042
300.047
300.053
300.059
300.065
300.071
300.077
300.084
300.091
300.098
300.105
300.113
300.12
300.128
300.136
300.144
300.153
300.161
300.17
300.179
300.188
300.197
300.206
300.215
300.225
300.234
300.244
300.254
300.264
300.274
300.284
300.294
300.304
300.314
300.325
300.335
300.345
300.355
300.366
300.376
300.386
300.397
300.407
300.417
300.427
300.437
300.447
300.457
300.467
300.477
300.487
300.497
300.506
300.516
300.526
300.535
300.544
300.553
300.563
300.572
300.581
300.589
300.598
300.607
300.615
300.624
300.632
300.64
300.648
300.656
300.664
300.672
300.002
300.005
300.009
300.013
300.017
300.021
300.026
300.03
300.035
300.04
300.045
300.051
300.056
300.062
300.068
300.074
300.08
300.087
300.093
300.1
300.107
300.115
300.122
300.129
300.137
300.145
300.153
300.161
300.169
300.178
300.186
300.195
300.204
300.213
300.222
300.231
300.24
300.249
300.258
300.268
300.277
300.287
300.296
300.305
300.315
300.324
300.334
300.343
300.353
300.362
300.372
300.381
300.391
300.4
300.409
300.418
300.428
300.437
300.446
300.455
300.464
300.473
300.481
300.49
300.499
300.507
300.516
300.524
300.532
300.541
300.549
300.557
300.564
300.572
300.58
300.587
300.595
300.602
300.61
300.617
300.624
300.002
300.005
300.009
300.013
300.016
300.021
300.025
300.029
300.034
300.039
300.044
300.049
300.054
300.059
300.065
300.071
300.077
300.083
300.089
300.096
300.102
300.109
300.116
300.123
300.131
300.138
300.146
300.153
300.161
300.169
300.177
300.185
300.193
300.202
300.21
300.218
300.227
300.235
300.244
300.253
300.261
300.27
300.279
300.288
300.296
300.305
300.314
300.323
300.332
300.34
300.349
300.358
300.366
300.375
300.384
300.392
300.401
300.409
300.417
300.426
300.434
300.442
300.45
300.458
300.466
300.474
300.481
300.489
300.497
300.504
300.512
300.519
300.526
300.533
300.54
300.547
300.554
300.561
300.567
300.574
300.58
300.002
300.005
300.008
300.012
300.016
300.02
300.024
300.028
300.032
300.037
300.042
300.047
300.052
300.057
300.062
300.068
300.074
300.079
300.085
300.092
300.098
300.104
300.111
300.118
300.125
300.132
300.139
300.146
300.153
300.161
300.168
300.176
300.184
300.191
300.199
300.207
300.215
300.223
300.231
300.239
300.248
300.256
300.264
300.272
300.28
300.288
300.297
300.305
300.313
300.321
300.329
300.337
300.345
300.353
300.361
300.369
300.377
300.384
300.392
300.4
300.407
300.415
300.422
300.43
300.437
300.444
300.451
300.459
300.466
300.472
300.479
300.486
300.493
300.499
300.506
300.512
300.518
300.525
300.531
300.537
300.543
300.002
300.005
300.008
300.012
300.015
300.019
300.023
300.027
300.031
300.036
300.04
300.045
300.05
300.055
300.06
300.065
300.071
300.076
300.082
300.088
300.094
300.1
300.107
300.113
300.12
300.126
300.133
300.14
300.147
300.154
300.161
300.168
300.176
300.183
300.19
300.198
300.205
300.213
300.221
300.228
300.236
300.244
300.251
300.259
300.267
300.274
300.282
300.29
300.297
300.305
300.312
300.32
300.328
300.335
300.342
300.35
300.357
300.364
300.372
300.379
300.386
300.393
300.4
300.407
300.413
300.42
300.427
300.433
300.44
300.446
300.453
300.459
300.465
300.471
300.477
300.483
300.489
300.495
300.501
300.506
300.512
300.002
300.005
300.008
300.011
300.015
300.019
300.022
300.026
300.03
300.035
300.039
300.044
300.048
300.053
300.058
300.063
300.069
300.074
300.08
300.085
300.091
300.097
300.103
300.11
300.116
300.122
300.129
300.135
300.142
300.149
300.156
300.163
300.17
300.177
300.184
300.191
300.198
300.206
300.213
300.22
300.227
300.235
300.242
300.249
300.257
300.264
300.271
300.279
300.286
300.293
300.3
300.308
300.315
300.322
300.329
300.336
300.343
300.35
300.357
300.363
300.37
300.377
300.383
300.39
300.396
300.403
300.409
300.415
300.421
300.428
300.434
300.439
300.445
300.451
300.457
300.463
300.468
300.474
300.479
300.484
300.49
300.002
300.005
300.008
300.011
300.015
300.018
300.022
300.026
300.03
300.034
300.039
300.043
300.048
300.052
300.057
300.062
300.068
300.073
300.078
300.084
300.09
300.096
300.102
300.108
300.114
300.12
300.126
300.133
300.139
300.146
300.153
300.16
300.166
300.173
300.18
300.187
300.194
300.201
300.208
300.216
300.223
300.23
300.237
300.244
300.251
300.258
300.265
300.273
300.28
300.287
300.294
300.301
300.308
300.314
300.321
300.328
300.335
300.342
300.348
300.355
300.361
300.368
300.374
300.381
300.387
300.393
300.399
300.405
300.411
300.417
300.423
300.429
300.434
300.44
300.446
300.451
300.456
300.462
300.467
300.472
300.477
302.781
302.902
303.004
303.093
303.173
303.245
303.311
303.371
303.427
303.478
303.526
303.571
303.612
303.651
303.686
303.72
303.752
303.782
303.81
303.838
303.864
303.89
303.917
303.944
303.972
303.999
304.027
304.055
304.082
304.109
304.136
304.163
304.189
304.215
304.241
304.267
304.292
304.318
304.343
304.368
304.392
304.417
304.442
304.466
304.49
304.514
304.538
304.562
304.586
304.609
304.633
304.656
304.679
304.703
304.725
304.748
304.771
304.793
304.816
304.838
304.86
304.882
304.904
304.926
304.948
304.969
304.991
305.012
305.033
305.054
305.075
305.095
305.116
305.136
305.156
305.176
305.196
305.215
305.235
305.254
305.273
305.292
305.311
305.329
305.348
305.366
305.384
305.402
305.419
305.436
305.454
305.47
305.487
305.503
305.52
305.536
305.551
305.567
305.582
305.597
305.612
305.626
305.64
305.654
305.668
305.681
305.694
305.706
305.719
305.731
305.742
305.754
305.765
305.775
305.785
305.795
305.805
305.813
305.822
305.83
305.837
305.844
305.851
305.857
305.862
305.867
305.871
305.874
305.877
305.879
305.88
305.88
305.88
305.878
305.876
305.872
305.868
305.862
305.855
305.847
305.837
305.825
305.812
305.796
305.779
305.76
305.738
305.713
305.685
305.654
305.62
305.581
305.538
305.489
305.434
305.373
305.31
305.236
305.132
304.978
304.743
302.715
302.823
302.921
303.008
303.087
303.16
303.226
303.287
303.344
303.397
303.446
303.492
303.535
303.575
303.613
303.648
303.682
303.714
303.744
303.773
303.801
303.829
303.857
303.885
303.913
303.941
303.969
303.998
304.025
304.053
304.08
304.107
304.134
304.161
304.187
304.213
304.239
304.265
304.29
304.315
304.341
304.365
304.39
304.415
304.44
304.464
304.488
304.512
304.536
304.56
304.584
304.607
304.631
304.654
304.677
304.7
304.723
304.746
304.769
304.791
304.814
304.836
304.858
304.88
304.902
304.924
304.945
304.967
304.988
305.009
305.03
305.051
305.071
305.092
305.112
305.132
305.152
305.172
305.192
305.211
305.23
305.249
305.268
305.287
305.306
305.324
305.342
305.36
305.377
305.395
305.412
305.429
305.446
305.462
305.479
305.495
305.511
305.526
305.542
305.557
305.571
305.586
305.6
305.614
305.628
305.641
305.654
305.667
305.68
305.692
305.704
305.715
305.726
305.737
305.747
305.757
305.766
305.775
305.784
305.792
305.799
305.807
305.813
305.819
305.824
305.829
305.833
305.837
305.84
305.842
305.843
305.843
305.843
305.841
305.839
305.835
305.831
305.825
305.818
305.809
305.799
305.788
305.774
305.759
305.742
305.722
305.7
305.675
305.647
305.616
305.581
305.542
305.498
305.449
305.393
305.33
305.264
305.184
305.076
304.918
304.68
302.657
302.753
302.843
302.927
303.004
303.075
303.141
303.203
303.26
303.314
303.364
303.411
303.456
303.497
303.536
303.573
303.608
303.642
303.674
303.705
303.735
303.764
303.793
303.822
303.851
303.88
303.908
303.937
303.965
303.993
304.021
304.048
304.076
304.103
304.13
304.156
304.182
304.208
304.234
304.26
304.285
304.311
304.336
304.361
304.386
304.41
304.435
304.459
304.484
304.508
304.532
304.556
304.579
304.603
304.626
304.65
304.673
304.696
304.719
304.741
304.764
304.786
304.809
304.831
304.853
304.875
304.897
304.918
304.94
304.961
304.982
305.003
305.024
305.045
305.065
305.086
305.106
305.126
305.146
305.165
305.185
305.204
305.223
305.242
305.26
305.279
305.297
305.315
305.333
305.351
305.368
305.385
305.402
305.419
305.435
305.451
305.467
305.483
305.499
305.514
305.529
305.543
305.558
305.572
305.586
305.599
305.612
305.625
305.638
305.65
305.662
305.674
305.685
305.695
305.706
305.716
305.725
305.734
305.743
305.751
305.759
305.766
305.773
305.779
305.784
305.789
305.793
305.797
305.8
305.802
305.803
305.804
305.803
305.802
305.799
305.796
305.791
305.786
305.778
305.77
305.76
305.748
305.735
305.72
305.702
305.682
305.66
305.635
305.607
305.575
305.54
305.5
305.456
305.405
305.349
305.285
305.215
305.131
305.017
304.856
304.619
302.601
302.687
302.77
302.848
302.922
302.992
303.057
303.118
303.176
303.23
303.281
303.329
303.374
303.416
303.457
303.495
303.532
303.567
303.6
303.633
303.664
303.695
303.725
303.755
303.785
303.814
303.843
303.873
303.901
303.93
303.958
303.986
304.014
304.041
304.068
304.095
304.122
304.149
304.175
304.201
304.227
304.252
304.278
304.303
304.328
304.353
304.378
304.403
304.427
304.452
304.476
304.5
304.524
304.548
304.572
304.595
304.619
304.642
304.665
304.688
304.711
304.734
304.756
304.779
304.801
304.823
304.845
304.867
304.889
304.91
304.931
304.953
304.974
304.995
305.015
305.036
305.056
305.076
305.096
305.116
305.136
305.155
305.174
305.193
305.212
305.231
305.249
305.268
305.286
305.303
305.321
305.338
305.355
305.372
305.389
305.405
305.421
305.437
305.453
305.468
305.483
305.498
305.512
305.527
305.541
305.554
305.568
305.581
305.593
305.606
305.618
305.629
305.641
305.652
305.662
305.672
305.682
305.691
305.7
305.708
305.716
305.723
305.73
305.736
305.742
305.747
305.751
305.754
305.757
305.759
305.761
305.761
305.761
305.76
305.757
305.754
305.749
305.744
305.736
305.728
305.718
305.706
305.693
305.677
305.66
305.64
305.618
305.592
305.564
305.532
305.496
305.456
305.411
305.36
305.302
305.237
305.164
305.075
304.958
304.794
304.56
302.546
302.624
302.7
302.773
302.843
302.91
302.974
303.034
303.091
303.145
303.196
303.244
303.29
303.334
303.375
303.415
303.452
303.489
303.523
303.557
303.59
303.622
303.653
303.684
303.715
303.745
303.775
303.804
303.834
303.863
303.891
303.92
303.948
303.976
304.004
304.031
304.058
304.085
304.112
304.138
304.164
304.19
304.216
304.242
304.267
304.293
304.318
304.343
304.368
304.392
304.417
304.441
304.466
304.49
304.514
304.538
304.561
304.585
304.608
304.631
304.655
304.677
304.7
304.723
304.745
304.768
304.79
304.812
304.834
304.856
304.877
304.899
304.92
304.941
304.962
304.983
305.003
305.024
305.044
305.064
305.084
305.103
305.123
305.142
305.161
305.18
305.198
305.217
305.235
305.253
305.271
305.288
305.305
305.322
305.339
305.356
305.372
305.388
305.404
305.419
305.435
305.449
305.464
305.479
305.493
305.506
305.52
305.533
305.546
305.558
305.571
305.582
305.594
305.605
305.615
305.626
305.635
305.645
305.654
305.662
305.67
305.677
305.684
305.69
305.696
305.701
305.705
305.709
305.712
305.714
305.716
305.716
305.716
305.715
305.712
305.709
305.705
305.699
305.692
305.683
305.673
305.662
305.648
305.633
305.615
305.595
305.572
305.547
305.518
305.486
305.45
305.409
305.363
305.311
305.253
305.186
305.11
305.017
304.896
304.731
304.502
302.491
302.562
302.632
302.7
302.766
302.83
302.891
302.95
303.006
303.059
303.11
303.158
303.204
303.249
303.291
303.331
303.37
303.407
303.443
303.478
303.512
303.545
303.578
303.609
303.641
303.672
303.702
303.732
303.762
303.792
303.821
303.85
303.879
303.907
303.935
303.963
303.99
304.018
304.045
304.072
304.098
304.125
304.151
304.177
304.203
304.228
304.254
304.279
304.304
304.329
304.354
304.379
304.403
304.428
304.452
304.476
304.5
304.524
304.548
304.571
304.595
304.618
304.641
304.664
304.687
304.709
304.732
304.754
304.776
304.798
304.82
304.841
304.863
304.884
304.905
304.926
304.947
304.968
304.988
305.008
305.028
305.048
305.068
305.087
305.106
305.125
305.144
305.163
305.181
305.199
305.217
305.235
305.252
305.269
305.286
305.303
305.32
305.336
305.352
305.367
305.383
305.398
305.413
305.427
305.441
305.455
305.469
305.482
305.495
305.508
305.52
305.532
305.544
305.555
305.566
305.576
305.586
305.595
305.604
305.613
305.621
305.628
305.635
305.642
305.647
305.653
305.657
305.661
305.664
305.666
305.668
305.668
305.668
305.667
305.665
305.661
305.657
305.651
305.644
305.636
305.626
305.614
305.6
305.585
305.567
305.547
305.524
305.499
305.47
305.437
305.401
305.36
305.313
305.26
305.2
305.132
305.053
304.958
304.834
304.668
304.446
302.435
302.5
302.564
302.628
302.69
302.751
302.81
302.866
302.921
302.973
303.023
303.071
303.118
303.162
303.205
303.246
303.285
303.324
303.361
303.396
303.431
303.465
303.498
303.531
303.563
303.595
303.626
303.657
303.687
303.717
303.747
303.776
303.805
303.834
303.863
303.891
303.919
303.947
303.974
304.001
304.028
304.055
304.082
304.108
304.134
304.16
304.186
304.212
304.237
304.262
304.288
304.313
304.338
304.362
304.387
304.411
304.435
304.459
304.483
304.507
304.531
304.554
304.578
304.601
304.624
304.647
304.669
304.692
304.714
304.737
304.759
304.781
304.802
304.824
304.845
304.866
304.887
304.908
304.929
304.949
304.97
304.99
305.009
305.029
305.048
305.068
305.087
305.105
305.124
305.142
305.16
305.178
305.196
305.213
305.23
305.247
305.264
305.28
305.296
305.312
305.328
305.343
305.358
305.373
305.387
305.401
305.415
305.428
305.442
305.454
305.467
305.479
305.491
305.502
305.513
305.523
305.533
305.543
305.552
305.561
305.569
305.576
305.584
305.59
305.596
305.601
305.606
305.61
305.613
305.615
305.617
305.617
305.617
305.616
305.614
305.611
305.606
305.601
305.594
305.585
305.575
305.563
305.55
305.534
305.517
305.496
305.473
305.448
305.418
305.386
305.349
305.307
305.26
305.206
305.145
305.076
304.994
304.896
304.77
304.606
304.39
302.378
302.438
302.498
302.557
302.616
302.673
302.729
302.783
302.836
302.887
302.936
302.984
303.03
303.074
303.117
303.159
303.199
303.237
303.275
303.311
303.347
303.382
303.416
303.449
303.482
303.514
303.546
303.577
303.608
303.639
303.669
303.699
303.728
303.757
303.786
303.815
303.843
303.871
303.899
303.927
303.954
303.981
304.008
304.035
304.062
304.088
304.114
304.14
304.166
304.192
304.217
304.243
304.268
304.293
304.318
304.342
304.367
304.391
304.415
304.439
304.463
304.487
304.511
304.534
304.557
304.581
304.603
304.626
304.649
304.671
304.694
304.716
304.738
304.76
304.781
304.803
304.824
304.845
304.866
304.886
304.907
304.927
304.947
304.967
304.987
305.006
305.025
305.044
305.063
305.082
305.1
305.118
305.136
305.153
305.171
305.188
305.204
305.221
305.237
305.253
305.269
305.285
305.3
305.315
305.329
305.343
305.357
305.371
305.384
305.397
305.41
305.422
305.434
305.445
305.457
305.467
305.477
305.487
305.496
305.505
305.513
305.521
305.528
305.535
305.541
305.546
305.551
305.555
305.558
305.561
305.562
305.563
305.563
305.562
305.56
305.557
305.553
305.547
305.54
305.531
305.521
305.51
305.496
305.481
305.463
305.442
305.419
305.393
305.364
305.331
305.294
305.251
305.204
305.149
305.087
305.016
304.933
304.832
304.705
304.543
304.335
302.32
302.376
302.431
302.487
302.542
302.596
302.649
302.701
302.752
302.801
302.849
302.896
302.942
302.986
303.028
303.07
303.11
303.149
303.187
303.224
303.26
303.295
303.33
303.364
303.397
303.43
303.462
303.494
303.525
303.556
303.587
303.617
303.647
303.677
303.706
303.735
303.764
303.793
303.821
303.849
303.876
303.904
303.931
303.958
303.985
304.012
304.038
304.065
304.091
304.117
304.143
304.168
304.194
304.219
304.244
304.269
304.294
304.319
304.343
304.368
304.392
304.416
304.44
304.463
304.487
304.51
304.534
304.557
304.58
304.602
304.625
304.647
304.669
304.692
304.713
304.735
304.757
304.778
304.799
304.82
304.841
304.861
304.881
304.901
304.921
304.941
304.96
304.979
304.998
305.017
305.036
305.054
305.072
305.09
305.107
305.124
305.141
305.158
305.175
305.191
305.207
305.222
305.238
305.253
305.268
305.282
305.296
305.31
305.323
305.337
305.349
305.362
305.374
305.385
305.397
305.407
305.418
305.428
305.437
305.446
305.454
305.462
305.47
305.476
305.483
305.488
305.493
305.497
305.5
305.503
305.505
305.506
305.506
305.505
305.503
305.5
305.495
305.49
305.483
305.474
305.464
305.453
305.439
305.424
305.406
305.385
305.362
305.336
305.306
305.273
305.235
305.193
305.144
305.089
305.027
304.954
304.869
304.767
304.64
304.48
304.281
302.261
302.313
302.365
302.417
302.468
302.52
302.57
302.619
302.668
302.716
302.763
302.808
302.853
302.896
302.938
302.979
303.019
303.058
303.097
303.134
303.17
303.206
303.241
303.275
303.309
303.342
303.375
303.407
303.439
303.471
303.502
303.532
303.563
303.593
303.622
303.652
303.681
303.71
303.738
303.767
303.795
303.822
303.85
303.878
303.905
303.932
303.959
303.985
304.012
304.038
304.064
304.09
304.116
304.141
304.167
304.192
304.217
304.242
304.267
304.292
304.316
304.34
304.365
304.389
304.412
304.436
304.46
304.483
304.506
304.529
304.552
304.575
304.597
304.619
304.641
304.663
304.685
304.707
304.728
304.749
304.77
304.791
304.811
304.832
304.852
304.872
304.891
304.911
304.93
304.949
304.967
304.986
305.004
305.022
305.04
305.057
305.074
305.091
305.108
305.124
305.141
305.156
305.172
305.187
305.202
305.217
305.231
305.245
305.259
305.272
305.285
305.298
305.31
305.322
305.333
305.344
305.355
305.365
305.374
305.383
305.392
305.4
305.407
305.414
305.42
305.426
305.431
305.435
305.439
305.442
305.443
305.444
305.445
305.444
305.442
305.439
305.435
305.429
305.422
305.414
305.404
305.392
305.379
305.363
305.345
305.325
305.302
305.275
305.245
305.212
305.174
305.131
305.082
305.026
304.963
304.889
304.803
304.699
304.573
304.417
304.227
302.202
302.25
302.299
302.347
302.395
302.443
302.491
302.538
302.585
302.631
302.676
302.72
302.763
302.806
302.847
302.888
302.928
302.966
303.005
303.042
303.078
303.114
303.15
303.184
303.218
303.252
303.285
303.317
303.349
303.381
303.413
303.444
303.474
303.505
303.535
303.564
303.594
303.623
303.652
303.68
303.709
303.737
303.765
303.793
303.82
303.848
303.875
303.902
303.928
303.955
303.981
304.008
304.034
304.06
304.085
304.111
304.136
304.162
304.187
304.212
304.236
304.261
304.285
304.31
304.334
304.358
304.381
304.405
304.428
304.452
304.475
304.498
304.52
304.543
304.565
304.588
304.61
304.631
304.653
304.674
304.695
304.716
304.737
304.758
304.778
304.798
304.818
304.838
304.857
304.876
304.895
304.914
304.932
304.95
304.968
304.986
305.003
305.021
305.037
305.054
305.07
305.086
305.102
305.118
305.133
305.148
305.162
305.176
305.19
305.204
305.217
305.23
305.242
305.254
305.265
305.277
305.287
305.298
305.307
305.317
305.325
305.333
305.341
305.348
305.355
305.36
305.365
305.37
305.373
305.376
305.378
305.379
305.38
305.379
305.377
305.374
305.37
305.365
305.358
305.35
305.34
305.328
305.315
305.299
305.281
305.261
305.237
305.211
305.181
305.147
305.109
305.066
305.016
304.96
304.896
304.821
304.734
304.631
304.505
304.353
304.173
302.142
302.186
302.232
302.277
302.322
302.368
302.413
302.458
302.502
302.546
302.589
302.632
302.674
302.715
302.756
302.796
302.835
302.873
302.911
302.948
302.985
303.02
303.056
303.09
303.125
303.158
303.191
303.224
303.257
303.289
303.32
303.351
303.382
303.413
303.443
303.473
303.503
303.532
303.562
303.59
303.619
303.648
303.676
303.704
303.732
303.759
303.787
303.814
303.841
303.868
303.895
303.921
303.947
303.974
304
304.025
304.051
304.077
304.102
304.127
304.152
304.177
304.202
304.226
304.251
304.275
304.299
304.323
304.346
304.37
304.393
304.417
304.44
304.462
304.485
304.507
304.53
304.552
304.574
304.595
304.617
304.638
304.659
304.68
304.7
304.72
304.741
304.76
304.78
304.799
304.819
304.837
304.856
304.874
304.893
304.91
304.928
304.945
304.963
304.979
304.996
305.012
305.028
305.044
305.059
305.074
305.089
305.103
305.117
305.131
305.144
305.157
305.17
305.182
305.194
305.205
305.216
305.226
305.236
305.246
305.255
305.263
305.271
305.278
305.285
305.29
305.296
305.3
305.304
305.307
305.309
305.311
305.311
305.31
305.309
305.306
305.302
305.296
305.29
305.282
305.272
305.26
305.247
305.231
305.213
305.193
305.169
305.143
305.113
305.079
305.041
304.997
304.947
304.891
304.826
304.751
304.663
304.56
304.437
304.29
304.118
302.08
302.122
302.164
302.207
302.25
302.292
302.335
302.377
302.419
302.461
302.503
302.544
302.584
302.624
302.664
302.703
302.741
302.779
302.816
302.853
302.889
302.925
302.96
302.994
303.028
303.062
303.095
303.128
303.161
303.193
303.225
303.256
303.287
303.318
303.348
303.379
303.408
303.438
303.468
303.497
303.526
303.554
303.583
303.611
303.639
303.667
303.695
303.722
303.749
303.777
303.804
303.83
303.857
303.883
303.91
303.936
303.962
303.987
304.013
304.038
304.064
304.089
304.114
304.139
304.163
304.188
304.212
304.236
304.26
304.284
304.308
304.331
304.354
304.377
304.4
304.423
304.445
304.468
304.49
304.512
304.533
304.555
304.576
304.597
304.618
304.638
304.659
304.679
304.699
304.718
304.737
304.757
304.775
304.794
304.812
304.831
304.848
304.866
304.883
304.9
304.917
304.933
304.95
304.966
304.981
304.996
305.011
305.026
305.04
305.054
305.068
305.081
305.093
305.106
305.118
305.129
305.14
305.151
305.161
305.171
305.18
305.188
305.196
305.204
305.21
305.216
305.222
305.227
305.23
305.234
305.236
305.237
305.238
305.237
305.236
305.233
305.229
305.224
305.218
305.209
305.2
305.188
305.175
305.159
305.141
305.121
305.098
305.071
305.041
305.007
304.968
304.925
304.875
304.818
304.753
304.678
304.59
304.488
304.367
304.225
304.062
302.018
302.057
302.097
302.137
302.177
302.217
302.257
302.297
302.337
302.377
302.416
302.456
302.495
302.533
302.571
302.609
302.647
302.684
302.72
302.756
302.792
302.827
302.862
302.896
302.93
302.964
302.997
303.03
303.062
303.094
303.126
303.158
303.189
303.22
303.25
303.28
303.311
303.34
303.37
303.399
303.428
303.457
303.486
303.514
303.543
303.571
303.599
303.626
303.654
303.681
303.708
303.735
303.762
303.789
303.815
303.842
303.868
303.894
303.92
303.945
303.971
303.996
304.021
304.047
304.071
304.096
304.121
304.145
304.169
304.193
304.217
304.241
304.264
304.288
304.311
304.334
304.356
304.379
304.401
304.423
304.445
304.467
304.488
304.51
304.531
304.552
304.572
304.592
304.612
304.632
304.652
304.671
304.69
304.709
304.728
304.746
304.764
304.782
304.799
304.817
304.834
304.85
304.867
304.883
304.898
304.914
304.929
304.944
304.958
304.972
304.986
305
305.013
305.025
305.037
305.049
305.06
305.071
305.081
305.091
305.1
305.109
305.117
305.125
305.132
305.138
305.144
305.148
305.153
305.156
305.158
305.16
305.161
305.16
305.159
305.156
305.153
305.147
305.141
305.133
305.123
305.112
305.099
305.083
305.065
305.045
305.022
304.995
304.965
304.931
304.893
304.849
304.799
304.742
304.677
304.602
304.515
304.414
304.296
304.16
304.006
301.955
301.992
302.029
302.066
302.103
302.141
302.179
302.217
302.255
302.292
302.33
302.368
302.405
302.442
302.479
302.516
302.552
302.588
302.624
302.659
302.694
302.728
302.763
302.797
302.83
302.863
302.896
302.929
302.961
302.993
303.025
303.056
303.087
303.118
303.149
303.179
303.209
303.239
303.269
303.298
303.328
303.357
303.385
303.414
303.442
303.471
303.499
303.527
303.554
303.582
303.609
303.636
303.663
303.69
303.717
303.743
303.77
303.796
303.822
303.848
303.874
303.899
303.925
303.95
303.975
304
304.025
304.049
304.074
304.098
304.122
304.146
304.17
304.193
304.217
304.24
304.263
304.286
304.308
304.331
304.353
304.375
304.396
304.418
304.439
304.46
304.481
304.501
304.522
304.542
304.562
304.581
304.6
304.619
304.638
304.657
304.675
304.693
304.711
304.728
304.745
304.762
304.779
304.795
304.811
304.827
304.842
304.857
304.872
304.886
304.9
304.914
304.927
304.94
304.952
304.964
304.975
304.986
304.997
305.007
305.016
305.025
305.034
305.041
305.048
305.055
305.061
305.066
305.07
305.073
305.076
305.078
305.079
305.078
305.077
305.075
305.071
305.066
305.06
305.052
305.043
305.031
305.018
305.003
304.985
304.965
304.942
304.915
304.885
304.851
304.813
304.769
304.719
304.662
304.597
304.523
304.437
304.338
304.224
304.094
303.947
301.891
301.925
301.96
301.995
302.03
302.066
302.101
302.137
302.173
302.208
302.244
302.28
302.316
302.351
302.387
302.422
302.457
302.492
302.526
302.561
302.595
302.629
302.662
302.696
302.729
302.761
302.794
302.826
302.858
302.89
302.921
302.953
302.984
303.014
303.045
303.075
303.105
303.135
303.165
303.194
303.223
303.252
303.281
303.31
303.338
303.367
303.395
303.423
303.451
303.478
303.506
303.533
303.56
303.587
303.614
303.641
303.668
303.694
303.72
303.746
303.772
303.798
303.824
303.849
303.874
303.9
303.925
303.949
303.974
303.998
304.023
304.047
304.071
304.095
304.118
304.142
304.165
304.188
304.21
304.233
304.255
304.278
304.299
304.321
304.343
304.364
304.385
304.406
304.426
304.446
304.466
304.486
304.506
304.525
304.544
304.563
304.581
304.599
304.617
304.635
304.652
304.669
304.686
304.703
304.719
304.735
304.75
304.766
304.78
304.795
304.809
304.823
304.836
304.849
304.862
304.874
304.886
304.897
304.908
304.918
304.928
304.937
304.945
304.953
304.96
304.967
304.973
304.978
304.983
304.986
304.989
304.991
304.992
304.992
304.991
304.989
304.985
304.981
304.974
304.967
304.957
304.946
304.933
304.918
304.9
304.88
304.857
304.831
304.801
304.767
304.729
304.685
304.636
304.579
304.515
304.442
304.357
304.261
304.151
304.026
303.888
301.827
301.859
301.891
301.924
301.957
301.99
302.023
302.057
302.091
302.125
302.159
302.193
302.227
302.26
302.294
302.328
302.362
302.395
302.429
302.462
302.495
302.528
302.561
302.594
302.626
302.658
302.69
302.722
302.753
302.785
302.816
302.847
302.877
302.908
302.938
302.968
302.998
303.028
303.057
303.087
303.116
303.145
303.174
303.203
303.231
303.259
303.288
303.316
303.344
303.371
303.399
303.426
303.454
303.481
303.508
303.534
303.561
303.588
303.614
303.64
303.666
303.692
303.718
303.744
303.769
303.795
303.82
303.845
303.87
303.894
303.919
303.943
303.967
303.991
304.015
304.038
304.062
304.085
304.108
304.131
304.153
304.176
304.198
304.22
304.241
304.263
304.284
304.305
304.326
304.346
304.366
304.386
304.406
304.425
304.445
304.464
304.482
304.501
304.519
304.537
304.554
304.572
304.589
304.605
304.622
304.638
304.654
304.669
304.684
304.699
304.713
304.727
304.741
304.754
304.767
304.779
304.791
304.802
304.813
304.824
304.834
304.843
304.852
304.86
304.867
304.874
304.88
304.886
304.89
304.894
304.897
304.899
304.9
304.901
304.9
304.898
304.894
304.89
304.884
304.876
304.867
304.856
304.843
304.828
304.811
304.791
304.768
304.742
304.713
304.679
304.641
304.598
304.548
304.493
304.429
304.357
304.275
304.181
304.075
303.957
303.826
301.761
301.791
301.822
301.852
301.883
301.914
301.946
301.977
302.009
302.041
302.073
302.105
302.138
302.17
302.202
302.235
302.267
302.299
302.331
302.363
302.395
302.427
302.459
302.491
302.522
302.554
302.585
302.616
302.647
302.678
302.708
302.739
302.769
302.799
302.829
302.859
302.889
302.918
302.948
302.977
303.006
303.035
303.064
303.092
303.121
303.149
303.177
303.205
303.233
303.261
303.288
303.316
303.343
303.37
303.397
303.424
303.451
303.477
303.504
303.53
303.556
303.582
303.608
303.634
303.66
303.685
303.71
303.736
303.761
303.785
303.81
303.835
303.859
303.883
303.907
303.931
303.954
303.978
304.001
304.024
304.046
304.069
304.091
304.113
304.135
304.157
304.178
304.199
304.22
304.241
304.261
304.281
304.301
304.321
304.34
304.359
304.378
304.397
304.415
304.433
304.451
304.469
304.486
304.503
304.519
304.536
304.552
304.567
304.582
304.597
304.612
304.626
304.64
304.654
304.667
304.679
304.691
304.703
304.714
304.725
304.735
304.744
304.753
304.761
304.769
304.776
304.782
304.788
304.793
304.797
304.8
304.802
304.804
304.804
304.803
304.802
304.799
304.794
304.788
304.781
304.772
304.761
304.749
304.734
304.717
304.697
304.675
304.649
304.619
304.586
304.548
304.506
304.457
304.402
304.34
304.269
304.19
304.099
303.998
303.885
303.762
301.696
301.724
301.752
301.781
301.809
301.839
301.868
301.898
301.928
301.958
301.988
302.019
302.049
302.08
302.11
302.141
302.172
302.203
302.234
302.265
302.295
302.326
302.357
302.388
302.418
302.449
302.479
302.509
302.54
302.57
302.6
302.63
302.659
302.689
302.719
302.748
302.777
302.806
302.836
302.864
302.893
302.922
302.95
302.979
303.007
303.035
303.063
303.091
303.119
303.147
303.174
303.201
303.229
303.256
303.283
303.31
303.337
303.363
303.39
303.416
303.442
303.469
303.494
303.52
303.546
303.572
303.597
303.622
303.647
303.672
303.697
303.722
303.746
303.77
303.794
303.818
303.842
303.865
303.889
303.912
303.935
303.957
303.98
304.002
304.024
304.046
304.067
304.089
304.11
304.131
304.151
304.171
304.191
304.211
304.231
304.25
304.269
304.288
304.306
304.325
304.343
304.36
304.378
304.395
304.412
304.428
304.444
304.46
304.476
304.491
304.506
304.52
304.534
304.548
304.561
304.574
304.586
304.598
304.609
304.62
304.63
304.64
304.649
304.658
304.665
304.673
304.679
304.685
304.69
304.694
304.698
304.7
304.702
304.702
304.702
304.7
304.697
304.693
304.688
304.681
304.672
304.661
304.649
304.635
304.618
304.598
304.576
304.551
304.522
304.489
304.452
304.41
304.362
304.308
304.247
304.179
304.101
304.015
303.918
303.811
303.695
301.629
301.656
301.682
301.709
301.736
301.763
301.791
301.819
301.847
301.875
301.904
301.932
301.961
301.99
302.019
302.048
302.078
302.107
302.137
302.166
302.196
302.225
302.255
302.284
302.314
302.343
302.373
302.402
302.432
302.461
302.49
302.519
302.548
302.578
302.606
302.635
302.664
302.693
302.721
302.75
302.778
302.807
302.835
302.863
302.891
302.919
302.947
302.974
303.002
303.029
303.057
303.084
303.111
303.138
303.165
303.192
303.219
303.245
303.272
303.298
303.325
303.351
303.377
303.402
303.428
303.454
303.479
303.504
303.53
303.555
303.579
303.604
303.629
303.653
303.677
303.701
303.725
303.748
303.772
303.795
303.818
303.841
303.863
303.886
303.908
303.93
303.952
303.973
303.994
304.015
304.036
304.056
304.077
304.097
304.116
304.136
304.155
304.174
304.192
304.211
304.229
304.247
304.264
304.282
304.299
304.315
304.332
304.348
304.363
304.379
304.394
304.408
304.422
304.436
304.45
304.463
304.475
304.487
304.499
304.51
304.52
304.53
304.54
304.548
304.556
304.564
304.571
304.577
304.582
304.586
304.59
304.593
304.594
304.595
304.595
304.593
304.591
304.587
304.582
304.575
304.566
304.556
304.544
304.53
304.513
304.494
304.472
304.447
304.419
304.387
304.35
304.309
304.263
304.21
304.151
304.085
304.01
303.927
303.835
303.734
303.625
301.563
301.587
301.612
301.637
301.662
301.688
301.714
301.74
301.766
301.793
301.819
301.846
301.874
301.901
301.928
301.956
301.984
302.012
302.04
302.068
302.096
302.124
302.153
302.181
302.209
302.238
302.266
302.295
302.323
302.352
302.38
302.408
302.437
302.465
302.493
302.521
302.55
302.578
302.606
302.634
302.662
302.69
302.717
302.745
302.773
302.8
302.828
302.855
302.882
302.91
302.937
302.964
302.991
303.018
303.044
303.071
303.098
303.124
303.151
303.177
303.203
303.229
303.255
303.281
303.306
303.332
303.357
303.383
303.408
303.433
303.458
303.482
303.507
303.531
303.555
303.579
303.603
303.627
303.65
303.674
303.697
303.72
303.742
303.765
303.787
303.809
303.831
303.852
303.874
303.895
303.916
303.936
303.956
303.977
303.996
304.016
304.035
304.054
304.073
304.092
304.11
304.128
304.145
304.163
304.18
304.197
304.213
304.23
304.245
304.261
304.276
304.291
304.305
304.319
304.333
304.346
304.359
304.371
304.383
304.394
304.405
304.415
304.424
304.433
304.442
304.449
304.456
304.463
304.468
304.473
304.476
304.479
304.481
304.482
304.482
304.481
304.479
304.475
304.47
304.464
304.455
304.445
304.434
304.42
304.404
304.385
304.364
304.339
304.312
304.28
304.244
304.204
304.159
304.108
304.051
303.987
303.916
303.837
303.749
303.654
303.552
301.496
301.519
301.542
301.565
301.589
301.612
301.637
301.661
301.686
301.711
301.736
301.761
301.787
301.812
301.838
301.864
301.891
301.917
301.944
301.97
301.997
302.024
302.051
302.078
302.105
302.133
302.16
302.187
302.215
302.242
302.269
302.297
302.324
302.352
302.379
302.407
302.434
302.462
302.489
302.516
302.544
302.571
302.598
302.625
302.653
302.68
302.707
302.734
302.761
302.788
302.814
302.841
302.868
302.894
302.921
302.947
302.974
303
303.026
303.052
303.078
303.104
303.13
303.156
303.181
303.207
303.232
303.257
303.282
303.307
303.332
303.357
303.381
303.405
303.43
303.454
303.477
303.501
303.525
303.548
303.571
303.594
303.617
303.639
303.661
303.683
303.705
303.727
303.748
303.769
303.79
303.811
303.831
303.851
303.871
303.891
303.91
303.93
303.948
303.967
303.985
304.003
304.021
304.039
304.056
304.073
304.09
304.106
304.122
304.138
304.153
304.168
304.183
304.197
304.211
304.224
304.237
304.249
304.261
304.273
304.284
304.294
304.304
304.313
304.321
304.329
304.336
304.343
304.348
304.353
304.357
304.36
304.363
304.364
304.364
304.363
304.361
304.358
304.353
304.347
304.339
304.329
304.318
304.304
304.289
304.271
304.25
304.226
304.199
304.168
304.134
304.095
304.051
304.002
303.947
303.886
303.818
303.743
303.66
303.571
303.475
301.429
301.45
301.472
301.493
301.515
301.538
301.56
301.583
301.606
301.629
301.653
301.676
301.7
301.725
301.749
301.774
301.798
301.823
301.848
301.874
301.899
301.925
301.95
301.976
302.002
302.028
302.054
302.08
302.106
302.133
302.159
302.186
302.212
302.239
302.265
302.292
302.318
302.345
302.371
302.398
302.425
302.451
302.478
302.504
302.531
302.558
302.584
302.611
302.637
302.663
302.69
302.716
302.742
302.769
302.795
302.821
302.847
302.873
302.899
302.925
302.95
302.976
303.002
303.027
303.052
303.078
303.103
303.128
303.153
303.178
303.202
303.227
303.251
303.275
303.3
303.324
303.347
303.371
303.394
303.418
303.441
303.464
303.486
303.509
303.531
303.553
303.575
303.596
303.618
303.639
303.66
303.681
303.701
303.721
303.741
303.761
303.78
303.8
303.818
303.837
303.856
303.874
303.892
303.909
303.927
303.944
303.961
303.977
303.993
304.009
304.025
304.04
304.054
304.069
304.083
304.096
304.109
304.122
304.134
304.146
304.157
304.167
304.177
304.186
304.195
304.203
304.211
304.217
304.223
304.228
304.232
304.236
304.238
304.24
304.24
304.239
304.238
304.234
304.23
304.224
304.217
304.207
304.196
304.183
304.168
304.151
304.131
304.108
304.081
304.052
304.018
303.981
303.939
303.892
303.839
303.781
303.716
303.645
303.568
303.484
303.394
301.362
301.382
301.402
301.422
301.442
301.463
301.484
301.505
301.527
301.548
301.57
301.593
301.615
301.638
301.661
301.684
301.707
301.73
301.754
301.778
301.802
301.826
301.85
301.875
301.899
301.924
301.949
301.974
301.999
302.024
302.049
302.075
302.1
302.125
302.151
302.177
302.202
302.228
302.254
302.279
302.305
302.331
302.357
302.383
302.409
302.434
302.46
302.486
302.512
302.538
302.564
302.59
302.615
302.641
302.667
302.692
302.718
302.744
302.769
302.795
302.82
302.845
302.871
302.896
302.921
302.946
302.971
302.995
303.02
303.045
303.069
303.094
303.118
303.142
303.166
303.19
303.213
303.237
303.26
303.283
303.306
303.329
303.351
303.374
303.396
303.418
303.44
303.461
303.483
303.504
303.525
303.545
303.566
303.586
303.606
303.626
303.645
303.664
303.683
303.702
303.721
303.739
303.757
303.775
303.792
303.809
303.826
303.843
303.859
303.875
303.89
303.906
303.921
303.935
303.949
303.963
303.976
303.989
304.001
304.013
304.024
304.035
304.045
304.054
304.063
304.071
304.079
304.086
304.092
304.097
304.102
304.105
304.108
304.11
304.11
304.11
304.108
304.106
304.101
304.096
304.089
304.08
304.069
304.057
304.042
304.025
304.006
303.984
303.959
303.93
303.898
303.862
303.822
303.777
303.727
303.671
303.61
303.544
303.471
303.392
303.308
301.295
301.313
301.332
301.351
301.37
301.389
301.408
301.428
301.448
301.469
301.489
301.51
301.531
301.552
301.573
301.595
301.617
301.639
301.661
301.683
301.706
301.729
301.752
301.775
301.798
301.821
301.845
301.868
301.892
301.916
301.94
301.964
301.989
302.013
302.037
302.062
302.087
302.111
302.136
302.161
302.186
302.211
302.236
302.261
302.286
302.311
302.336
302.361
302.386
302.411
302.437
302.462
302.487
302.512
302.537
302.562
302.587
302.612
302.638
302.663
302.687
302.712
302.737
302.762
302.787
302.811
302.836
302.86
302.885
302.909
302.933
302.957
302.981
303.005
303.029
303.052
303.076
303.099
303.122
303.145
303.168
303.19
303.213
303.235
303.257
303.279
303.301
303.322
303.343
303.364
303.385
303.406
303.426
303.446
303.466
303.486
303.505
303.524
303.543
303.562
303.581
303.599
303.617
303.635
303.652
303.669
303.686
303.703
303.719
303.735
303.751
303.766
303.781
303.796
303.81
303.824
303.837
303.85
303.863
303.874
303.886
303.897
303.907
303.917
303.926
303.934
303.942
303.949
303.955
303.96
303.965
303.969
303.972
303.974
303.975
303.975
303.973
303.971
303.967
303.962
303.955
303.947
303.937
303.925
303.911
303.895
303.876
303.855
303.831
303.804
303.773
303.739
303.7
303.658
303.61
303.558
303.501
303.438
303.37
303.297
303.219
301.229
301.245
301.263
301.28
301.298
301.316
301.334
301.352
301.371
301.389
301.409
301.428
301.447
301.467
301.487
301.507
301.528
301.548
301.569
301.59
301.611
301.633
301.654
301.676
301.698
301.72
301.742
301.764
301.787
301.81
301.832
301.855
301.878
301.902
301.925
301.948
301.972
301.995
302.019
302.043
302.067
302.091
302.115
302.139
302.163
302.187
302.211
302.236
302.26
302.284
302.309
302.333
302.358
302.382
302.407
302.431
302.456
302.48
302.505
302.529
302.553
302.578
302.602
302.626
302.65
302.675
302.699
302.723
302.747
302.771
302.794
302.818
302.842
302.865
302.888
302.912
302.935
302.958
302.981
303.003
303.026
303.048
303.07
303.092
303.114
303.136
303.157
303.179
303.2
303.22
303.241
303.262
303.282
303.302
303.322
303.341
303.361
303.38
303.399
303.417
303.436
303.454
303.472
303.49
303.507
303.525
303.542
303.558
303.575
303.591
303.606
303.622
303.637
303.651
303.666
303.68
303.693
303.706
303.718
303.731
303.742
303.753
303.763
303.773
303.782
303.791
303.799
303.806
303.812
303.818
303.823
303.827
303.83
303.832
303.834
303.834
303.833
303.831
303.827
303.822
303.816
303.808
303.799
303.788
303.774
303.759
303.741
303.721
303.698
303.672
303.643
303.61
303.574
303.534
303.489
303.44
303.387
303.328
303.265
303.197
303.124
301.162
301.178
301.194
301.21
301.226
301.243
301.26
301.277
301.294
301.312
301.329
301.347
301.365
301.384
301.402
301.421
301.44
301.459
301.479
301.498
301.518
301.538
301.558
301.579
301.599
301.62
301.641
301.662
301.683
301.704
301.726
301.748
301.769
301.791
301.814
301.836
301.858
301.881
301.903
301.926
301.949
301.972
301.995
302.018
302.041
302.064
302.087
302.111
302.134
302.158
302.181
302.205
302.228
302.252
302.276
302.299
302.323
302.347
302.371
302.394
302.418
302.442
302.466
302.489
302.513
302.536
302.56
302.583
302.607
302.63
302.654
302.677
302.7
302.723
302.746
302.769
302.791
302.814
302.836
302.859
302.881
302.903
302.925
302.946
302.968
302.989
303.011
303.032
303.052
303.073
303.093
303.114
303.134
303.154
303.173
303.193
303.212
303.231
303.25
303.268
303.287
303.305
303.323
303.34
303.358
303.375
303.392
303.409
303.425
303.441
303.457
303.472
303.487
303.502
303.516
303.53
303.544
303.557
303.569
303.581
303.593
303.604
303.615
303.624
303.634
303.642
303.65
303.658
303.664
303.67
303.675
303.68
303.683
303.685
303.687
303.687
303.687
303.685
303.682
303.678
303.672
303.665
303.656
303.645
303.633
303.618
303.601
303.582
303.561
303.536
303.509
303.478
303.444
303.406
303.364
303.319
303.269
303.214
303.156
303.093
303.026
301.097
301.111
301.126
301.141
301.156
301.171
301.187
301.203
301.219
301.235
301.251
301.268
301.285
301.302
301.319
301.336
301.354
301.372
301.39
301.408
301.427
301.445
301.464
301.483
301.502
301.522
301.541
301.561
301.581
301.601
301.621
301.642
301.662
301.683
301.704
301.725
301.746
301.767
301.789
301.81
301.832
301.854
301.876
301.898
301.92
301.942
301.964
301.987
302.009
302.031
302.054
302.077
302.099
302.122
302.145
302.168
302.191
302.214
302.237
302.26
302.283
302.305
302.328
302.351
302.374
302.397
302.42
302.443
302.466
302.489
302.511
302.534
302.556
302.579
302.601
302.624
302.646
302.668
302.69
302.712
302.733
302.755
302.776
302.798
302.819
302.84
302.861
302.881
302.902
302.922
302.942
302.962
302.982
303.002
303.021
303.04
303.059
303.078
303.097
303.115
303.134
303.152
303.169
303.187
303.204
303.221
303.238
303.255
303.271
303.287
303.303
303.318
303.333
303.348
303.362
303.376
303.39
303.403
303.415
303.427
303.439
303.45
303.461
303.471
303.48
303.489
303.497
303.505
303.511
303.517
303.523
303.527
303.531
303.533
303.535
303.536
303.536
303.534
303.532
303.528
303.523
303.516
303.508
303.498
303.486
303.472
303.457
303.439
303.418
303.395
303.37
303.341
303.309
303.274
303.235
303.193
303.146
303.096
303.042
302.984
302.922
301.032
301.046
301.059
301.073
301.087
301.101
301.115
301.13
301.145
301.159
301.175
301.19
301.206
301.221
301.237
301.253
301.27
301.286
301.303
301.32
301.337
301.354
301.372
301.39
301.408
301.426
301.444
301.462
301.481
301.5
301.519
301.538
301.557
301.577
301.596
301.616
301.636
301.656
301.676
301.697
301.717
301.738
301.758
301.779
301.8
301.821
301.842
301.864
301.885
301.907
301.928
301.95
301.971
301.993
302.015
302.037
302.059
302.081
302.103
302.125
302.147
302.169
302.191
302.214
302.236
302.258
302.28
302.302
302.324
302.346
302.368
302.39
302.412
302.434
302.456
302.477
302.499
302.52
302.542
302.563
302.584
302.605
302.626
302.647
302.668
302.688
302.709
302.729
302.749
302.769
302.789
302.808
302.828
302.847
302.866
302.885
302.904
302.922
302.941
302.959
302.977
302.995
303.013
303.03
303.047
303.064
303.081
303.097
303.113
303.129
303.145
303.16
303.175
303.19
303.204
303.218
303.231
303.244
303.257
303.269
303.281
303.292
303.303
303.313
303.322
303.331
303.339
303.347
303.354
303.36
303.365
303.37
303.374
303.377
303.379
303.38
303.38
303.379
303.377
303.373
303.369
303.363
303.355
303.346
303.335
303.322
303.308
303.291
303.272
303.251
303.227
303.2
303.17
303.138
303.102
303.063
303.02
302.974
302.924
302.871
302.814
300.969
300.981
300.993
301.006
301.019
301.032
301.045
301.058
301.072
301.086
301.1
301.114
301.128
301.143
301.158
301.172
301.188
301.203
301.218
301.234
301.25
301.266
301.282
301.299
301.315
301.332
301.349
301.366
301.384
301.401
301.419
301.437
301.455
301.473
301.491
301.51
301.528
301.547
301.566
301.585
301.605
301.624
301.643
301.663
301.683
301.703
301.723
301.743
301.763
301.784
301.804
301.825
301.845
301.866
301.887
301.908
301.929
301.95
301.971
301.992
302.013
302.034
302.055
302.076
302.098
302.119
302.14
302.161
302.183
302.204
302.225
302.246
302.267
302.289
302.31
302.331
302.351
302.372
302.393
302.414
302.434
302.455
302.475
302.495
302.515
302.535
302.555
302.575
302.595
302.614
302.633
302.653
302.672
302.691
302.709
302.728
302.746
302.764
302.783
302.8
302.818
302.836
302.853
302.87
302.887
302.904
302.92
302.937
302.953
302.968
302.984
302.999
303.014
303.028
303.043
303.056
303.07
303.083
303.095
303.107
303.119
303.13
303.141
303.151
303.16
303.169
303.178
303.185
303.192
303.199
303.204
303.209
303.213
303.216
303.219
303.22
303.22
303.22
303.218
303.215
303.211
303.205
303.199
303.19
303.18
303.169
303.155
303.14
303.122
303.102
303.08
303.056
303.028
302.998
302.965
302.929
302.89
302.848
302.803
302.754
302.702
300.907
300.918
300.929
300.941
300.953
300.965
300.977
300.989
301.001
301.014
301.027
301.04
301.053
301.067
301.08
301.094
301.108
301.122
301.136
301.151
301.165
301.18
301.195
301.21
301.226
301.241
301.257
301.273
301.289
301.305
301.322
301.338
301.355
301.372
301.389
301.406
301.424
301.441
301.459
301.477
301.495
301.513
301.531
301.55
301.568
301.587
301.606
301.625
301.644
301.663
301.682
301.702
301.721
301.741
301.761
301.78
301.8
301.82
301.84
301.86
301.88
301.9
301.921
301.941
301.961
301.982
302.002
302.022
302.042
302.063
302.083
302.103
302.124
302.144
302.164
302.184
302.204
302.225
302.245
302.264
302.284
302.304
302.324
302.343
302.363
302.382
302.401
302.421
302.44
302.459
302.477
302.496
302.515
302.533
302.551
302.569
302.587
302.605
302.623
302.64
302.658
302.675
302.692
302.709
302.726
302.742
302.758
302.774
302.79
302.806
302.821
302.836
302.85
302.865
302.879
302.892
302.906
302.919
302.931
302.943
302.955
302.966
302.976
302.986
302.996
303.005
303.013
303.021
303.028
303.034
303.04
303.045
303.049
303.053
303.055
303.057
303.058
303.057
303.056
303.054
303.05
303.045
303.039
303.032
303.023
303.012
303
302.985
302.969
302.951
302.931
302.908
302.884
302.856
302.826
302.793
302.758
302.719
302.678
302.633
302.586
300.846
300.856
300.867
300.878
300.888
300.899
300.91
300.922
300.933
300.945
300.956
300.968
300.981
300.993
301.005
301.018
301.031
301.044
301.057
301.07
301.084
301.097
301.111
301.125
301.139
301.154
301.168
301.183
301.198
301.213
301.228
301.243
301.259
301.274
301.29
301.306
301.323
301.339
301.355
301.372
301.389
301.406
301.423
301.44
301.457
301.475
301.492
301.51
301.528
301.546
301.564
301.582
301.601
301.619
301.638
301.656
301.675
301.694
301.713
301.732
301.751
301.77
301.789
301.808
301.827
301.847
301.866
301.885
301.905
301.924
301.943
301.963
301.982
302.001
302.021
302.04
302.059
302.078
302.098
302.117
302.136
302.155
302.174
302.192
302.211
302.23
302.248
302.267
302.285
302.304
302.322
302.34
302.358
302.376
302.394
302.411
302.429
302.446
302.463
302.48
302.497
302.514
302.531
302.547
302.564
302.58
302.596
302.611
302.627
302.642
302.657
302.672
302.686
302.7
302.714
302.727
302.74
302.753
302.765
302.777
302.789
302.8
302.81
302.82
302.83
302.838
302.847
302.855
302.862
302.868
302.874
302.879
302.884
302.887
302.89
302.892
302.893
302.893
302.892
302.89
302.887
302.883
302.878
302.871
302.863
302.853
302.842
302.829
302.815
302.798
302.78
302.759
302.737
302.712
302.685
302.655
302.623
302.588
302.55
302.51
302.467
300.788
300.797
300.807
300.817
300.826
300.836
300.847
300.857
300.867
300.878
300.889
300.9
300.911
300.922
300.933
300.945
300.957
300.969
300.981
300.993
301.005
301.018
301.03
301.043
301.056
301.07
301.083
301.096
301.11
301.124
301.138
301.152
301.166
301.181
301.196
301.21
301.225
301.24
301.256
301.271
301.287
301.302
301.318
301.334
301.35
301.367
301.383
301.4
301.416
301.433
301.45
301.467
301.484
301.501
301.519
301.536
301.554
301.571
301.589
301.607
301.625
301.643
301.661
301.679
301.697
301.715
301.733
301.752
301.77
301.788
301.807
301.825
301.843
301.862
301.88
301.898
301.917
301.935
301.953
301.972
301.99
302.008
302.026
302.044
302.062
302.08
302.098
302.116
302.133
302.151
302.168
302.186
302.203
302.221
302.238
302.255
302.272
302.289
302.305
302.322
302.338
302.355
302.371
302.387
302.403
302.418
302.434
302.449
302.464
302.479
302.494
302.508
302.522
302.536
302.55
302.563
302.575
302.588
302.6
302.612
302.623
302.634
302.644
302.654
302.663
302.672
302.68
302.688
302.695
302.702
302.708
302.713
302.718
302.721
302.724
302.727
302.728
302.729
302.728
302.727
302.724
302.721
302.716
302.71
302.703
302.694
302.684
302.673
302.66
302.645
302.628
302.61
302.589
302.567
302.542
302.516
302.487
302.455
302.421
302.385
302.347
300.732
300.741
300.749
300.758
300.767
300.776
300.786
300.795
300.805
300.814
300.824
300.834
300.844
300.855
300.865
300.876
300.886
300.897
300.908
300.919
300.931
300.942
300.954
300.966
300.978
300.99
301.002
301.014
301.027
301.04
301.053
301.066
301.079
301.092
301.106
301.119
301.133
301.147
301.161
301.175
301.19
301.204
301.219
301.234
301.249
301.264
301.279
301.294
301.31
301.325
301.341
301.357
301.373
301.389
301.405
301.421
301.438
301.454
301.471
301.487
301.504
301.521
301.538
301.555
301.572
301.589
301.606
301.623
301.64
301.658
301.675
301.692
301.71
301.727
301.744
301.762
301.779
301.796
301.814
301.831
301.848
301.866
301.883
301.9
301.917
301.934
301.951
301.968
301.985
302.002
302.019
302.036
302.052
302.069
302.085
302.102
302.118
302.134
302.151
302.167
302.183
302.198
302.214
302.23
302.245
302.26
302.275
302.29
302.305
302.319
302.333
302.347
302.361
302.374
302.388
302.4
302.413
302.425
302.437
302.448
302.459
302.47
302.48
302.49
302.499
302.508
302.516
302.524
302.531
302.537
302.543
302.549
302.553
302.557
302.561
302.563
302.565
302.566
302.566
302.565
302.563
302.56
302.556
302.551
302.544
302.537
302.528
302.518
302.506
302.493
302.478
302.462
302.443
302.423
302.401
302.377
302.351
302.323
302.293
302.26
302.226
300.68
300.687
300.695
300.703
300.712
300.72
300.729
300.737
300.746
300.755
300.764
300.773
300.782
300.791
300.801
300.811
300.82
300.83
300.84
300.851
300.861
300.871
300.882
300.893
300.904
300.915
300.926
300.938
300.949
300.961
300.972
300.984
300.997
301.009
301.021
301.034
301.046
301.059
301.072
301.085
301.098
301.112
301.125
301.139
301.153
301.167
301.181
301.195
301.209
301.224
301.238
301.253
301.268
301.282
301.298
301.313
301.328
301.343
301.359
301.374
301.39
301.405
301.421
301.437
301.453
301.469
301.485
301.501
301.517
301.533
301.55
301.566
301.582
301.599
301.615
301.631
301.648
301.664
301.68
301.697
301.713
301.73
301.746
301.762
301.778
301.795
301.811
301.827
301.843
301.859
301.875
301.891
301.907
301.923
301.939
301.955
301.971
301.986
302.002
302.017
302.032
302.048
302.063
302.078
302.093
302.107
302.122
302.136
302.15
302.164
302.178
302.191
302.205
302.218
302.23
302.243
302.255
302.267
302.278
302.289
302.3
302.31
302.32
302.33
302.339
302.348
302.356
302.363
302.37
302.377
302.383
302.388
302.393
302.397
302.401
302.403
302.405
302.406
302.407
302.406
302.405
302.403
302.399
302.395
302.39
302.383
302.375
302.366
302.356
302.344
302.331
302.316
302.3
302.282
302.263
302.241
302.218
302.193
302.166
302.137
302.106
300.631
300.638
300.645
300.653
300.66
300.668
300.676
300.683
300.691
300.699
300.708
300.716
300.724
300.733
300.742
300.751
300.759
300.769
300.778
300.787
300.797
300.806
300.816
300.826
300.836
300.846
300.856
300.867
300.877
300.888
300.899
300.91
300.921
300.932
300.943
300.955
300.966
300.978
300.99
301.002
301.014
301.027
301.039
301.052
301.064
301.077
301.09
301.103
301.116
301.13
301.143
301.157
301.17
301.184
301.198
301.212
301.226
301.24
301.255
301.269
301.284
301.298
301.313
301.328
301.342
301.357
301.372
301.387
301.402
301.418
301.433
301.448
301.463
301.479
301.494
301.509
301.525
301.54
301.556
301.571
301.587
301.602
301.618
301.633
301.648
301.664
301.679
301.695
301.71
301.725
301.741
301.756
301.771
301.786
301.801
301.816
301.831
301.846
301.861
301.876
301.891
301.905
301.92
301.934
301.948
301.962
301.976
301.99
302.004
302.017
302.03
302.043
302.056
302.069
302.081
302.093
302.105
302.116
302.127
302.138
302.149
302.159
302.168
302.178
302.186
302.195
302.203
302.21
302.217
302.224
302.23
302.235
302.24
302.244
302.248
302.251
302.253
302.254
302.255
302.255
302.254
302.252
302.25
302.246
302.242
302.236
302.229
302.221
302.212
302.202
302.19
302.177
302.163
302.147
302.13
302.111
302.09
302.068
302.044
302.018
301.991
300.587
300.594
300.6
300.607
300.614
300.621
300.628
300.635
300.642
300.65
300.657
300.665
300.673
300.68
300.688
300.696
300.705
300.713
300.721
300.73
300.739
300.747
300.756
300.765
300.775
300.784
300.793
300.803
300.813
300.822
300.832
300.842
300.852
300.863
300.873
300.884
300.894
300.905
300.916
300.927
300.939
300.95
300.961
300.973
300.985
300.996
301.008
301.02
301.033
301.045
301.057
301.07
301.083
301.095
301.108
301.121
301.134
301.147
301.161
301.174
301.188
301.201
301.215
301.229
301.242
301.256
301.27
301.284
301.298
301.313
301.327
301.341
301.355
301.37
301.384
301.399
301.413
301.428
301.442
301.457
301.471
301.486
301.5
301.515
301.53
301.544
301.559
301.573
301.588
301.603
301.617
301.632
301.646
301.661
301.675
301.689
301.704
301.718
301.732
301.746
301.76
301.774
301.788
301.802
301.816
301.829
301.842
301.856
301.869
301.882
301.894
301.907
301.919
301.931
301.943
301.955
301.966
301.977
301.988
301.998
302.008
302.018
302.027
302.036
302.045
302.053
302.061
302.068
302.075
302.081
302.087
302.093
302.098
302.102
302.106
302.109
302.111
302.113
302.114
302.114
302.114
302.113
302.111
302.108
302.104
302.099
302.093
302.086
302.078
302.069
302.059
302.048
302.035
302.021
302.005
301.989
301.97
301.951
301.929
301.906
301.882
300.549
300.555
300.561
300.567
300.573
300.58
300.586
300.593
300.6
300.607
300.613
300.62
300.628
300.635
300.642
300.65
300.657
300.665
300.673
300.68
300.688
300.697
300.705
300.713
300.722
300.73
300.739
300.748
300.757
300.766
300.775
300.784
300.793
300.803
300.813
300.822
300.832
300.842
300.852
300.863
300.873
300.883
300.894
300.905
300.916
300.926
300.938
300.949
300.96
300.971
300.983
300.995
301.006
301.018
301.03
301.042
301.054
301.067
301.079
301.092
301.104
301.117
301.129
301.142
301.155
301.168
301.181
301.194
301.208
301.221
301.234
301.248
301.261
301.275
301.288
301.302
301.315
301.329
301.343
301.357
301.37
301.384
301.398
301.412
301.426
301.44
301.453
301.467
301.481
301.495
301.509
301.523
301.536
301.55
301.564
301.578
301.591
301.605
301.619
301.632
301.645
301.659
301.672
301.685
301.698
301.711
301.724
301.737
301.749
301.762
301.774
301.786
301.798
301.809
301.821
301.832
301.843
301.853
301.863
301.874
301.883
301.893
301.902
301.91
301.919
301.927
301.934
301.942
301.948
301.955
301.96
301.966
301.971
301.975
301.979
301.982
301.985
301.987
301.988
301.989
301.988
301.988
301.986
301.984
301.981
301.977
301.972
301.966
301.959
301.951
301.942
301.932
301.92
301.908
301.894
301.879
301.863
301.845
301.826
301.806
301.784
300.518
300.523
300.529
300.535
300.541
300.547
300.553
300.559
300.565
300.571
300.578
300.584
300.591
300.598
300.605
300.611
300.618
300.626
300.633
300.64
300.648
300.655
300.663
300.671
300.678
300.686
300.694
300.703
300.711
300.719
300.728
300.737
300.745
300.754
300.763
300.772
300.781
300.791
300.8
300.81
300.819
300.829
300.839
300.849
300.859
300.869
300.88
300.89
300.901
300.911
300.922
300.933
300.944
300.955
300.966
300.978
300.989
301.001
301.012
301.024
301.036
301.048
301.06
301.072
301.084
301.096
301.108
301.121
301.133
301.146
301.158
301.171
301.184
301.197
301.209
301.222
301.235
301.248
301.261
301.274
301.287
301.301
301.314
301.327
301.34
301.353
301.367
301.38
301.393
301.406
301.42
301.433
301.446
301.459
301.472
301.485
301.499
301.512
301.525
301.538
301.55
301.563
301.576
301.589
301.601
301.614
301.626
301.638
301.65
301.662
301.674
301.685
301.697
301.708
301.719
301.729
301.74
301.75
301.76
301.77
301.779
301.788
301.797
301.806
301.814
301.821
301.829
301.836
301.842
301.849
301.854
301.86
301.865
301.869
301.873
301.876
301.879
301.881
301.882
301.883
301.884
301.883
301.882
301.88
301.877
301.874
301.87
301.865
301.858
301.851
301.843
301.834
301.824
301.813
301.801
301.787
301.773
301.757
301.74
301.721
301.702
300.495
300.5
300.506
300.511
300.517
300.522
300.528
300.534
300.54
300.546
300.552
300.558
300.564
300.571
300.577
300.584
300.59
300.597
300.604
300.611
300.618
300.625
300.632
300.64
300.647
300.655
300.662
300.67
300.678
300.686
300.694
300.702
300.71
300.719
300.727
300.736
300.745
300.753
300.762
300.771
300.781
300.79
300.799
300.809
300.818
300.828
300.838
300.848
300.858
300.868
300.878
300.888
300.899
300.909
300.92
300.931
300.942
300.953
300.964
300.975
300.986
300.997
301.009
301.02
301.032
301.044
301.055
301.067
301.079
301.091
301.103
301.115
301.127
301.14
301.152
301.164
301.177
301.189
301.202
301.214
301.227
301.239
301.252
301.265
301.277
301.29
301.303
301.316
301.329
301.341
301.354
301.367
301.38
301.392
301.405
301.418
301.43
301.443
301.456
301.468
301.481
301.493
301.505
301.518
301.53
301.542
301.554
301.565
301.577
301.588
301.6
301.611
301.622
301.633
301.643
301.654
301.664
301.674
301.683
301.693
301.702
301.711
301.719
301.728
301.736
301.743
301.751
301.757
301.764
301.77
301.776
301.781
301.786
301.79
301.794
301.797
301.8
301.802
301.804
301.805
301.806
301.805
301.805
301.803
301.801
301.798
301.794
301.789
301.784
301.777
301.77
301.762
301.753
301.743
301.731
301.719
301.705
301.691
301.675
301.658
301.64
300.482
300.488
300.493
300.498
300.504
300.509
300.515
300.52
300.526
300.532
300.538
300.544
300.55
300.556
300.562
300.569
300.575
300.581
300.588
300.595
300.602
300.609
300.616
300.623
300.63
300.637
300.645
300.652
300.66
300.667
300.675
300.683
300.691
300.699
300.708
300.716
300.724
300.733
300.742
300.75
300.759
300.768
300.777
300.787
300.796
300.805
300.815
300.824
300.834
300.844
300.854
300.864
300.874
300.884
300.895
300.905
300.916
300.926
300.937
300.948
300.959
300.97
300.981
300.992
301.003
301.015
301.026
301.038
301.049
301.061
301.073
301.084
301.096
301.108
301.12
301.132
301.144
301.157
301.169
301.181
301.193
301.206
301.218
301.231
301.243
301.255
301.268
301.28
301.293
301.306
301.318
301.331
301.343
301.356
301.368
301.38
301.393
301.405
301.418
301.43
301.442
301.454
301.466
301.478
301.49
301.502
301.514
301.525
301.536
301.548
301.559
301.57
301.581
301.591
301.602
301.612
301.622
301.631
301.641
301.65
301.659
301.668
301.676
301.684
301.692
301.7
301.707
301.714
301.72
301.726
301.732
301.737
301.742
301.746
301.75
301.753
301.756
301.759
301.76
301.762
301.762
301.762
301.761
301.76
301.758
301.755
301.752
301.747
301.742
301.736
301.729
301.722
301.713
301.703
301.692
301.681
301.668
301.654
301.639
301.623
301.605
303.887
303.251
302.788
302.415
302.103
301.836
301.604
301.401
301.222
301.064
300.925
300.802
300.693
300.597
300.512
300.438
300.372
300.315
300.266
300.223
300.186
300.154
300.127
300.104
300.084
300.068
300.055
300.044
300.035
300.027
300.021
300.016
300.013
300.01
300.007
300.005
300.004
300.003
300.002
300.001
300.001
300
300
300
300
300
300
300
300
300
300
303.884
303.25
302.787
302.415
302.103
301.836
301.604
301.401
301.222
301.064
300.925
300.802
300.693
300.597
300.512
300.438
300.372
300.315
300.266
300.223
300.186
300.154
300.127
300.104
300.084
300.068
300.055
300.044
300.035
300.027
300.021
300.016
300.013
300.01
300.007
300.005
300.004
300.003
300.002
300.001
300.001
300
300
300
300
300
300
300
300
300
300
303.88
303.249
302.787
302.415
302.103
301.836
301.604
301.401
301.222
301.064
300.925
300.802
300.693
300.597
300.512
300.438
300.372
300.315
300.266
300.223
300.186
300.154
300.127
300.104
300.084
300.068
300.055
300.044
300.035
300.027
300.021
300.016
300.013
300.01
300.007
300.005
300.004
300.003
300.002
300.001
300.001
300
300
300
300
300
300
300
300
300
300
303.873
303.247
302.786
302.415
302.103
301.836
301.604
301.401
301.222
301.064
300.925
300.802
300.693
300.597
300.512
300.438
300.372
300.315
300.266
300.223
300.186
300.154
300.127
300.104
300.085
300.068
300.055
300.044
300.035
300.027
300.021
300.016
300.013
300.01
300.007
300.005
300.004
300.003
300.002
300.001
300.001
300
300
300
300
300
300
300
300
300
300
303.863
303.245
302.785
302.414
302.103
301.836
301.604
301.401
301.222
301.064
300.925
300.802
300.693
300.597
300.512
300.438
300.373
300.316
300.266
300.223
300.186
300.154
300.127
300.104
300.085
300.068
300.055
300.044
300.035
300.027
300.021
300.016
300.013
300.01
300.007
300.005
300.004
300.003
300.002
300.001
300.001
300
300
300
300
300
300
300
300
300
300
303.851
303.241
302.784
302.414
302.103
301.836
301.604
301.401
301.222
301.065
300.925
300.802
300.693
300.597
300.513
300.438
300.373
300.316
300.266
300.223
300.186
300.154
300.127
300.104
300.085
300.068
300.055
300.044
300.035
300.027
300.021
300.016
300.013
300.01
300.007
300.005
300.004
300.003
300.002
300.001
300.001
300
300
300
300
300
300
300
300
300
300
303.836
303.237
302.782
302.413
302.103
301.836
301.604
301.401
301.223
301.065
300.926
300.803
300.694
300.598
300.513
300.438
300.373
300.316
300.266
300.223
300.186
300.154
300.127
300.104
300.085
300.069
300.055
300.044
300.035
300.027
300.021
300.016
300.013
300.01
300.007
300.005
300.004
300.003
300.002
300.001
300.001
300
300
300
300
300
300
300
300
300
300
303.818
303.232
302.78
302.412
302.102
301.836
301.604
301.402
301.223
301.065
300.926
300.803
300.694
300.598
300.513
300.439
300.373
300.316
300.267
300.223
300.186
300.154
300.127
300.104
300.085
300.069
300.055
300.044
300.035
300.027
300.021
300.017
300.013
300.01
300.007
300.005
300.004
300.003
300.002
300.001
300.001
300
300
300
300
300
300
300
300
300
300
303.798
303.225
302.777
302.411
302.102
301.836
301.605
301.402
301.224
301.066
300.927
300.804
300.695
300.599
300.514
300.439
300.374
300.317
300.267
300.224
300.187
300.155
300.127
300.104
300.085
300.069
300.055
300.044
300.035
300.027
300.021
300.017
300.013
300.01
300.007
300.005
300.004
300.003
300.002
300.001
300.001
300
300
300
300
300
300
300
300
300
300
303.776
303.217
302.774
302.41
302.102
301.836
301.605
301.403
301.224
301.067
300.927
300.804
300.695
300.599
300.514
300.44
300.374
300.317
300.267
300.224
300.187
300.155
300.128
300.105
300.085
300.069
300.055
300.044
300.035
300.027
300.021
300.017
300.013
300.01
300.007
300.005
300.004
300.003
300.002
300.001
300.001
300
300
300
300
300
300
300
300
300
300
303.75
303.208
302.77
302.408
302.101
301.836
301.606
301.403
301.225
301.067
300.928
300.805
300.696
300.6
300.515
300.44
300.375
300.317
300.268
300.224
300.187
300.155
300.128
300.105
300.085
300.069
300.055
300.044
300.035
300.028
300.022
300.017
300.013
300.01
300.007
300.005
300.004
300.003
300.002
300.001
300.001
300.001
300
300
300
300
300
300
300
300
300
303.722
303.196
302.765
302.406
302.1
301.836
301.606
301.404
301.226
301.068
300.929
300.806
300.697
300.601
300.516
300.441
300.375
300.318
300.268
300.225
300.188
300.155
300.128
300.105
300.086
300.069
300.056
300.044
300.035
300.028
300.022
300.017
300.013
300.01
300.007
300.005
300.004
300.003
300.002
300.001
300.001
300.001
300
300
300
300
300
300
300
300
300
303.691
303.184
302.76
302.404
302.1
301.836
301.606
301.405
301.227
301.069
300.93
300.807
300.698
300.601
300.516
300.442
300.376
300.319
300.269
300.225
300.188
300.156
300.129
300.105
300.086
300.069
300.056
300.045
300.035
300.028
300.022
300.017
300.013
300.01
300.007
300.005
300.004
300.003
300.002
300.001
300.001
300.001
300
300
300
300
300
300
300
300
300
303.657
303.169
302.753
302.401
302.098
301.836
301.607
301.405
301.228
301.07
300.931
300.808
300.699
300.602
300.517
300.442
300.377
300.319
300.269
300.226
300.188
300.156
300.129
300.106
300.086
300.07
300.056
300.045
300.035
300.028
300.022
300.017
300.013
300.01
300.007
300.005
300.004
300.003
300.002
300.001
300.001
300.001
300
300
300
300
300
300
300
300
300
303.62
303.151
302.745
302.397
302.097
301.836
301.607
301.406
301.229
301.071
300.932
300.809
300.7
300.603
300.518
300.443
300.378
300.32
300.27
300.226
300.189
300.157
300.129
300.106
300.086
300.07
300.056
300.045
300.036
300.028
300.022
300.017
300.013
300.01
300.007
300.006
300.004
300.003
300.002
300.001
300.001
300.001
300
300
300
300
300
300
300
300
300
303.58
303.131
302.735
302.392
302.095
301.835
301.608
301.407
301.23
301.073
300.933
300.81
300.701
300.605
300.519
300.444
300.378
300.321
300.271
300.227
300.189
300.157
300.13
300.106
300.087
300.07
300.056
300.045
300.036
300.028
300.022
300.017
300.013
300.01
300.007
300.006
300.004
300.003
300.002
300.001
300.001
300.001
300
300
300
300
300
300
300
300
300
303.537
303.108
302.723
302.386
302.092
301.834
301.608
301.408
301.231
301.074
300.935
300.811
300.702
300.606
300.52
300.445
300.379
300.322
300.271
300.228
300.19
300.158
300.13
300.107
300.087
300.07
300.057
300.045
300.036
300.028
300.022
300.017
300.013
300.01
300.008
300.006
300.004
300.003
300.002
300.001
300.001
300.001
300
300
300
300
300
300
300
300
300
303.49
303.082
302.709
302.379
302.088
301.833
301.607
301.408
301.232
301.075
300.936
300.813
300.704
300.607
300.521
300.446
300.38
300.322
300.272
300.228
300.191
300.158
300.13
300.107
300.087
300.071
300.057
300.045
300.036
300.028
300.022
300.017
300.013
300.01
300.008
300.006
300.004
300.003
300.002
300.001
300.001
300.001
300
300
300
300
300
300
300
300
300
303.439
303.052
302.692
302.369
302.083
301.83
301.607
301.408
301.232
301.076
300.937
300.814
300.705
300.608
300.523
300.447
300.381
300.323
300.273
300.229
300.191
300.159
300.131
300.107
300.087
300.071
300.057
300.046
300.036
300.028
300.022
300.017
300.013
300.01
300.008
300.006
300.004
300.003
300.002
300.001
300.001
300.001
300
300
300
300
300
300
300
300
300
303.385
303.018
302.672
302.357
302.077
301.827
301.605
301.408
301.233
301.077
300.938
300.815
300.706
300.609
300.524
300.448
300.382
300.324
300.273
300.23
300.192
300.159
300.131
300.108
300.088
300.071
300.057
300.046
300.036
300.029
300.022
300.017
300.013
300.01
300.008
300.006
300.004
300.003
300.002
300.001
300.001
300.001
300
300
300
300
300
300
300
300
300
303.326
302.98
302.648
302.343
302.068
301.822
301.603
301.407
301.232
301.077
300.939
300.816
300.707
300.61
300.525
300.449
300.383
300.325
300.274
300.23
300.192
300.16
300.132
300.108
300.088
300.071
300.057
300.046
300.036
300.029
300.022
300.017
300.013
300.01
300.008
300.006
300.004
300.003
300.002
300.001
300.001
300.001
300
300
300
300
300
300
300
300
300
303.264
302.938
302.621
302.326
302.057
301.815
301.599
301.405
301.232
301.077
300.94
300.817
300.708
300.611
300.526
300.45
300.384
300.326
300.275
300.231
300.193
300.16
300.132
300.108
300.088
300.072
300.058
300.046
300.037
300.029
300.023
300.017
300.013
300.01
300.008
300.006
300.004
300.003
300.002
300.001
300.001
300.001
300
300
300
300
300
300
300
300
300
303.196
302.891
302.589
302.305
302.044
301.807
301.594
301.402
301.23
301.077
300.94
300.817
300.709
300.612
300.526
300.451
300.385
300.326
300.276
300.231
300.193
300.161
300.133
300.109
300.089
300.072
300.058
300.046
300.037
300.029
300.023
300.018
300.014
300.01
300.008
300.006
300.004
300.003
300.002
300.001
300.001
300.001
300
300
300
300
300
300
300
300
300
303.124
302.838
302.552
302.28
302.027
301.796
301.586
301.398
301.228
301.075
300.939
300.817
300.709
300.612
300.527
300.452
300.385
300.327
300.276
300.232
300.194
300.161
300.133
300.109
300.089
300.072
300.058
300.046
300.037
300.029
300.023
300.018
300.014
300.01
300.008
300.006
300.004
300.003
300.002
300.001
300.001
300.001
300
300
300
300
300
300
300
300
300
303.048
302.781
302.511
302.25
302.007
301.782
301.577
301.392
301.224
301.073
300.938
300.817
300.709
300.613
300.527
300.452
300.386
300.327
300.277
300.232
300.194
300.161
300.133
300.109
300.089
300.072
300.058
300.047
300.037
300.029
300.023
300.018
300.014
300.01
300.008
300.006
300.004
300.003
300.002
300.002
300.001
300.001
300
300
300
300
300
300
300
300
300
302.966
302.717
302.464
302.216
301.983
301.765
301.566
301.384
301.219
301.07
300.936
300.816
300.708
300.613
300.528
300.452
300.386
300.328
300.277
300.233
300.194
300.162
300.133
300.11
300.089
300.073
300.058
300.047
300.037
300.029
300.023
300.018
300.014
300.01
300.008
300.006
300.004
300.003
300.002
300.002
300.001
300.001
300
300
300
300
300
300
300
300
300
302.879
302.649
302.411
302.178
301.954
301.745
301.551
301.373
301.212
301.065
300.933
300.814
300.707
300.612
300.527
300.452
300.386
300.328
300.277
300.233
300.195
300.162
300.134
300.11
300.09
300.073
300.059
300.047
300.037
300.029
300.023
300.018
300.014
300.01
300.008
300.006
300.004
300.003
300.002
300.002
300.001
300.001
300
300
300
300
300
300
300
300
300
302.787
302.574
302.353
302.133
301.921
301.72
301.533
301.361
301.203
301.059
300.928
300.811
300.705
300.611
300.526
300.452
300.386
300.328
300.277
300.233
300.195
300.162
300.134
300.11
300.09
300.073
300.059
300.047
300.037
300.029
300.023
300.018
300.014
300.011
300.008
300.006
300.004
300.003
300.002
300.002
300.001
300.001
300
300
300
300
300
300
300
300
300
302.69
302.494
302.29
302.084
301.883
301.692
301.512
301.345
301.191
301.05
300.922
300.807
300.702
300.609
300.525
300.451
300.385
300.327
300.277
300.233
300.195
300.162
300.134
300.11
300.09
300.073
300.059
300.047
300.037
300.029
300.023
300.018
300.014
300.011
300.008
300.006
300.004
300.003
300.002
300.002
300.001
300.001
300
300
300
300
300
300
300
300
300
302.588
302.409
302.22
302.029
301.84
301.659
301.487
301.326
301.177
301.04
300.915
300.801
300.698
300.606
300.523
300.45
300.384
300.327
300.276
300.233
300.194
300.162
300.134
300.11
300.09
300.073
300.059
300.047
300.037
300.029
300.023
300.018
300.014
300.011
300.008
300.006
300.004
300.003
300.002
300.002
300.001
300.001
300
300
300
300
300
300
300
300
300
302.483
302.32
302.146
301.969
301.793
301.622
301.458
301.304
301.161
301.028
300.906
300.794
300.693
300.602
300.52
300.448
300.383
300.326
300.276
300.232
300.194
300.161
300.133
300.11
300.09
300.073
300.059
300.047
300.037
300.029
300.023
300.018
300.014
300.011
300.008
300.006
300.004
300.003
300.002
300.002
300.001
300.001
300
300
300
300
300
300
300
300
300
302.374
302.226
302.067
301.904
301.741
301.58
301.426
301.279
301.141
301.013
300.895
300.786
300.687
300.598
300.517
300.445
300.381
300.324
300.275
300.231
300.193
300.161
300.133
300.109
300.089
300.072
300.058
300.047
300.037
300.029
300.023
300.018
300.014
300.011
300.008
300.006
300.004
300.003
300.002
300.002
300.001
300.001
300
300
300
300
300
300
300
300
300
302.262
302.129
301.985
301.835
301.684
301.535
301.39
301.251
301.119
300.996
300.882
300.776
300.68
300.592
300.513
300.442
300.379
300.323
300.273
300.23
300.193
300.16
300.133
300.109
300.089
300.072
300.058
300.047
300.037
300.029
300.023
300.018
300.014
300.01
300.008
300.006
300.004
300.003
300.002
300.002
300.001
300.001
300
300
300
300
300
300
300
300
300
302.15
302.03
301.9
301.764
301.625
301.486
301.351
301.22
301.095
300.977
300.867
300.765
300.671
300.585
300.508
300.438
300.376
300.32
300.272
300.229
300.192
300.16
300.132
300.109
300.089
300.072
300.058
300.046
300.037
300.029
300.023
300.018
300.014
300.01
300.008
300.006
300.004
300.003
300.002
300.002
300.001
300.001
300
300
300
300
300
300
300
300
300
302.038
301.931
301.814
301.69
301.563
301.435
301.309
301.186
301.068
300.956
300.851
300.752
300.661
300.578
300.502
300.434
300.372
300.318
300.27
300.227
300.19
300.159
300.131
300.108
300.088
300.072
300.058
300.046
300.037
300.029
300.023
300.018
300.014
300.01
300.008
300.006
300.004
300.003
300.002
300.002
300.001
300.001
300
300
300
300
300
300
300
300
300
301.93
301.834
301.729
301.617
301.501
301.384
301.267
301.152
301.041
300.934
300.833
300.739
300.651
300.57
300.496
300.429
300.369
300.315
300.267
300.226
300.189
300.158
300.13
300.107
300.088
300.071
300.057
300.046
300.037
300.029
300.023
300.018
300.014
300.01
300.008
300.006
300.004
300.003
300.002
300.002
300.001
300.001
300
300
300
300
300
300
300
300
300
301.828
301.742
301.647
301.546
301.441
301.333
301.225
301.118
301.013
300.912
300.816
300.725
300.64
300.562
300.49
300.424
300.365
300.312
300.265
300.224
300.188
300.157
300.13
300.107
300.087
300.071
300.057
300.046
300.036
300.029
300.023
300.018
300.013
300.01
300.008
300.006
300.004
300.003
300.002
300.001
300.001
300.001
300
300
300
300
300
300
300
300
300
301.736
301.659
301.573
301.482
301.385
301.286
301.185
301.085
300.987
300.891
300.799
300.712
300.63
300.554
300.483
300.419
300.361
300.309
300.263
300.222
300.186
300.155
300.129
300.106
300.087
300.07
300.057
300.045
300.036
300.029
300.022
300.017
300.013
300.01
300.008
300.006
300.004
300.003
300.002
300.001
300.001
300.001
300
300
300
300
300
300
300
300
300
301.658
301.588
301.51
301.426
301.337
301.245
301.151
301.057
300.964
300.872
300.784
300.7
300.621
300.547
300.478
300.415
300.358
300.307
300.261
300.221
300.185
300.154
300.128
300.105
300.086
300.07
300.056
300.045
300.036
300.028
300.022
300.017
300.013
300.01
300.008
300.006
300.004
300.003
300.002
300.001
300.001
300.001
300
300
300
300
300
300
300
300
300
301.6
301.535
301.463
301.384
301.301
301.214
301.125
301.035
300.946
300.858
300.773
300.691
300.614
300.541
300.474
300.412
300.355
300.305
300.259
300.219
300.184
300.154
300.127
300.105
300.086
300.07
300.056
300.045
300.036
300.028
300.022
300.017
300.013
300.01
300.008
300.006
300.004
300.003
300.002
300.001
300.001
300.001
300
300
300
300
300
300
300
300
300
301.567
301.505
301.436
301.361
301.281
301.197
301.11
301.023
300.936
300.85
300.766
300.686
300.61
300.538
300.471
300.41
300.354
300.304
300.259
300.219
300.184
300.153
300.127
300.105
300.086
300.069
300.056
300.045
300.036
300.028
300.022
300.017
300.013
300.01
300.008
300.006
300.004
300.003
300.002
300.001
300.001
300.001
300
300
300
300
300
300
300
300
300
)
;

boundaryField
{
    inlet
    {
        type            fixedValue;
        value           uniform 300;
    }
    outlet
    {
        type            zeroGradient;
    }
    top
    {
        type            zeroGradient;
    }
    slip-bottom
    {
        type            zeroGradient;
    }
    bottom
    {
        type            zeroGradient;
    }
    interface
    {
        type            fixedGradient;
        gradient        nonuniform List<scalar> 
161
(
41.0751
40.4368
39.792
39.1407
38.4828
37.8183
37.1471
36.4691
35.7842
35.0924
34.3936
33.6877
32.9276
32.1345
31.3334
30.5242
29.7068
28.8812
28.0472
27.2048
26.3539
25.4943
24.6731
24.5029
24.3309
24.1572
23.9818
23.8045
23.6255
23.4447
23.2621
23.0776
22.9056
22.7463
22.5854
22.4228
22.2586
22.0928
21.9253
21.7561
21.5851
21.4566
21.3397
21.2217
21.1024
20.9819
20.8602
20.7373
20.6131
20.5077
20.4078
20.307
20.2051
20.1021
19.9982
19.8931
19.7934
19.7055
19.6166
19.5269
19.4363
19.3448
19.2523
19.1649
19.0849
19.0041
18.9225
18.8401
18.7568
18.6727
18.599
18.525
18.4502
18.3747
18.2984
18.2213
18.1525
18.0839
18.0147
17.9447
17.874
17.8043
17.7413
17.6776
17.6133
17.5483
17.4826
17.4226
17.3638
17.3044
17.2443
17.1837
17.1268
17.0716
17.0158
16.9595
16.9026
16.85
16.7982
16.7459
16.6931
16.6405
16.592
16.5429
16.4934
16.4434
16.3964
16.3504
16.3039
16.257
16.2121
16.1696
16.1268
16.0835
16.0417
16.0026
15.9632
15.9233
15.8857
15.8509
15.8157
15.7802
15.7482
15.7176
15.6866
15.6558
15.6303
15.6046
15.5786
15.5559
15.5358
15.5154
15.4964
15.4836
15.4707
15.4577
15.4546
15.4524
15.4502
15.4585
15.4706
15.4827
15.5098
15.5444
15.5793
15.639
15.7098
15.7813
15.9004
16.0317
16.1648
16.4336
16.7052
17.0045
17.3744
17.7481
19.3623
21.7757
24.2089
26.481
28.7762
)
;
    }
    defaultFaces
    {
        type            empty;
    }
}


// ************************************************************************* //
