/*--------------------------------*- C++ -*----------------------------------*\
| =========                 |                                                 |
| \\      /  F ield         | OpenFOAM: The Open Source CFD Toolbox           |
|  \\    /   O peration     | Version:  2112                                  |
|   \\  /    A nd           | Website:  www.openfoam.com                      |
|    \\/     M anipulation  |                                                 |
\*---------------------------------------------------------------------------*/
FoamFile
{
    version     2.0;
    format      ascii;
    arch        "LSB;label=32;scalar=64";
    class       volScalarField;
    location    "8";
    object      T;
}
// * * * * * * * * * * * * * * * * * * * * * * * * * * * * * * * * * * * * * //

dimensions      [0 0 0 1 0 0 0];

internalField   nonuniform List<scalar> 
12013
(
300.003
300.011
300.018
300.026
300.033
300.042
300.05
300.059
300.069
300.078
300.088
300.098
300.109
300.12
300.132
300.144
300.156
300.169
300.182
300.195
300.209
300.224
300.239
300.254
300.27
300.286
300.303
300.321
300.339
300.357
300.376
300.396
300.416
300.437
300.458
300.48
300.502
300.526
300.549
300.574
300.599
300.625
300.652
300.679
300.707
300.736
300.765
300.796
300.827
300.859
300.892
300.926
300.961
300.997
301.034
301.072
301.111
301.151
301.192
301.234
301.278
301.322
301.369
301.416
301.465
301.516
301.569
301.623
301.679
301.737
301.798
301.861
301.926
301.995
302.068
302.144
302.226
302.313
302.408
302.514
302.637
300.003
300.011
300.018
300.026
300.033
300.042
300.05
300.059
300.069
300.078
300.088
300.098
300.109
300.12
300.132
300.144
300.156
300.169
300.182
300.195
300.209
300.224
300.239
300.254
300.27
300.286
300.303
300.321
300.339
300.357
300.376
300.396
300.416
300.436
300.458
300.48
300.502
300.525
300.549
300.574
300.599
300.625
300.651
300.679
300.707
300.736
300.765
300.796
300.827
300.859
300.892
300.926
300.961
300.997
301.034
301.071
301.11
301.15
301.191
301.234
301.277
301.322
301.368
301.416
301.465
301.515
301.568
301.622
301.678
301.736
301.796
301.859
301.924
301.993
302.065
302.14
302.221
302.306
302.399
302.499
302.608
300.003
300.011
300.018
300.026
300.033
300.042
300.05
300.059
300.069
300.078
300.088
300.098
300.109
300.12
300.132
300.144
300.156
300.169
300.182
300.195
300.209
300.224
300.239
300.254
300.27
300.286
300.303
300.321
300.339
300.357
300.376
300.396
300.416
300.436
300.458
300.48
300.502
300.525
300.549
300.574
300.599
300.625
300.651
300.679
300.707
300.736
300.765
300.796
300.827
300.859
300.892
300.926
300.961
300.996
301.033
301.071
301.11
301.15
301.191
301.233
301.276
301.321
301.367
301.415
301.463
301.514
301.566
301.62
301.676
301.733
301.793
301.855
301.92
301.988
302.058
302.133
302.211
302.293
302.381
302.473
302.569
300.003
300.011
300.018
300.026
300.033
300.042
300.05
300.059
300.069
300.078
300.088
300.098
300.109
300.12
300.132
300.144
300.156
300.169
300.182
300.195
300.209
300.224
300.239
300.254
300.27
300.286
300.303
300.321
300.339
300.357
300.376
300.396
300.416
300.436
300.458
300.48
300.502
300.525
300.549
300.574
300.599
300.625
300.651
300.678
300.706
300.735
300.765
300.795
300.826
300.859
300.891
300.925
300.96
300.996
301.032
301.07
301.109
301.149
301.19
301.232
301.275
301.319
301.365
301.413
301.461
301.511
301.563
301.617
301.672
301.729
301.788
301.849
301.913
301.979
302.048
302.12
302.196
302.274
302.355
302.44
302.526
300.003
300.011
300.018
300.026
300.033
300.042
300.05
300.059
300.069
300.078
300.088
300.098
300.109
300.12
300.132
300.144
300.156
300.169
300.182
300.195
300.209
300.224
300.239
300.254
300.27
300.286
300.303
300.321
300.338
300.357
300.376
300.395
300.416
300.436
300.458
300.479
300.502
300.525
300.549
300.573
300.598
300.624
300.651
300.678
300.706
300.735
300.764
300.795
300.826
300.858
300.891
300.924
300.959
300.995
301.031
301.069
301.107
301.147
301.188
301.23
301.273
301.317
301.363
301.41
301.458
301.508
301.559
301.612
301.666
301.723
301.781
301.841
301.903
301.968
302.035
302.104
302.175
302.249
302.325
302.402
302.48
300.003
300.011
300.018
300.026
300.033
300.042
300.05
300.059
300.069
300.078
300.088
300.098
300.109
300.12
300.132
300.144
300.156
300.169
300.182
300.195
300.209
300.224
300.239
300.254
300.27
300.286
300.303
300.32
300.338
300.357
300.376
300.395
300.415
300.436
300.457
300.479
300.502
300.525
300.549
300.573
300.598
300.624
300.65
300.678
300.706
300.734
300.764
300.794
300.825
300.857
300.89
300.923
300.958
300.993
301.03
301.067
301.106
301.145
301.186
301.227
301.27
301.314
301.359
301.406
301.453
301.502
301.553
301.605
301.659
301.714
301.771
301.83
301.89
301.953
302.017
302.083
302.151
302.22
302.29
302.361
302.432
300.003
300.011
300.018
300.025
300.033
300.042
300.05
300.059
300.068
300.078
300.088
300.098
300.109
300.12
300.132
300.144
300.156
300.168
300.182
300.195
300.209
300.224
300.239
300.254
300.27
300.286
300.303
300.32
300.338
300.357
300.376
300.395
300.415
300.436
300.457
300.479
300.501
300.524
300.548
300.573
300.598
300.623
300.65
300.677
300.705
300.733
300.763
300.793
300.824
300.856
300.888
300.922
300.956
300.992
301.028
301.065
301.103
301.142
301.182
301.224
301.266
301.31
301.354
301.4
301.447
301.496
301.546
301.597
301.649
301.703
301.759
301.816
301.874
301.934
301.996
302.058
302.122
302.187
302.252
302.317
302.382
300.003
300.011
300.018
300.025
300.033
300.042
300.05
300.059
300.068
300.078
300.088
300.098
300.109
300.12
300.132
300.143
300.156
300.168
300.182
300.195
300.209
300.224
300.238
300.254
300.27
300.286
300.303
300.32
300.338
300.356
300.375
300.395
300.415
300.435
300.457
300.478
300.501
300.524
300.548
300.572
300.597
300.623
300.649
300.676
300.704
300.732
300.762
300.792
300.822
300.854
300.887
300.92
300.954
300.989
301.025
301.062
301.1
301.139
301.179
301.219
301.261
301.304
301.348
301.394
301.44
301.488
301.536
301.586
301.638
301.69
301.744
301.799
301.855
301.912
301.971
302.03
302.09
302.15
302.211
302.271
302.331
300.003
300.011
300.018
300.025
300.033
300.042
300.05
300.059
300.068
300.078
300.088
300.098
300.109
300.12
300.132
300.143
300.156
300.168
300.181
300.195
300.209
300.223
300.238
300.254
300.269
300.286
300.303
300.32
300.338
300.356
300.375
300.394
300.415
300.435
300.456
300.478
300.5
300.523
300.547
300.571
300.596
300.622
300.648
300.675
300.703
300.731
300.76
300.79
300.821
300.852
300.884
300.918
300.951
300.986
301.022
301.058
301.096
301.134
301.174
301.214
301.255
301.298
301.341
301.385
301.431
301.477
301.525
301.574
301.623
301.674
301.726
301.779
301.833
301.887
301.942
301.998
302.055
302.111
302.167
302.223
302.278
300.003
300.01
300.018
300.025
300.033
300.042
300.05
300.059
300.068
300.078
300.088
300.098
300.109
300.12
300.132
300.143
300.156
300.168
300.181
300.195
300.209
300.223
300.238
300.253
300.269
300.286
300.302
300.32
300.337
300.356
300.375
300.394
300.414
300.435
300.456
300.477
300.5
300.523
300.546
300.57
300.595
300.621
300.647
300.674
300.701
300.729
300.758
300.788
300.818
300.85
300.882
300.915
300.948
300.983
301.018
301.054
301.091
301.129
301.168
301.207
301.248
301.29
301.332
301.376
301.42
301.465
301.512
301.559
301.607
301.656
301.706
301.756
301.807
301.859
301.911
301.964
302.016
302.069
302.121
302.173
302.224
300.003
300.01
300.018
300.025
300.033
300.042
300.05
300.059
300.068
300.078
300.088
300.098
300.109
300.12
300.131
300.143
300.156
300.168
300.181
300.195
300.209
300.223
300.238
300.253
300.269
300.285
300.302
300.319
300.337
300.355
300.374
300.394
300.414
300.434
300.455
300.477
300.499
300.522
300.545
300.569
300.594
300.619
300.645
300.672
300.699
300.727
300.756
300.786
300.816
300.847
300.878
300.911
300.944
300.978
301.013
301.049
301.085
301.122
301.161
301.2
301.239
301.28
301.322
301.364
301.407
301.451
301.496
301.542
301.588
301.635
301.682
301.731
301.779
301.828
301.877
301.927
301.976
302.025
302.074
302.122
302.17
300.003
300.01
300.018
300.025
300.033
300.042
300.05
300.059
300.068
300.078
300.088
300.098
300.109
300.12
300.131
300.143
300.155
300.168
300.181
300.195
300.209
300.223
300.238
300.253
300.269
300.285
300.302
300.319
300.337
300.355
300.374
300.393
300.413
300.433
300.454
300.476
300.498
300.521
300.544
300.568
300.592
300.618
300.643
300.67
300.697
300.725
300.753
300.783
300.813
300.843
300.874
300.907
300.939
300.973
301.007
301.042
301.078
301.115
301.152
301.19
301.229
301.269
301.309
301.35
301.392
301.435
301.478
301.522
301.566
301.611
301.657
301.702
301.748
301.795
301.841
301.887
301.933
301.979
302.025
302.069
302.114
300.003
300.01
300.018
300.025
300.033
300.042
300.05
300.059
300.068
300.078
300.088
300.098
300.109
300.12
300.131
300.143
300.155
300.168
300.181
300.194
300.208
300.223
300.237
300.253
300.268
300.285
300.301
300.318
300.336
300.354
300.373
300.392
300.412
300.432
300.453
300.475
300.497
300.519
300.542
300.566
300.591
300.616
300.641
300.667
300.694
300.722
300.75
300.779
300.809
300.839
300.87
300.901
300.934
300.967
301
301.035
301.07
301.106
301.142
301.18
301.217
301.256
301.295
301.335
301.375
301.416
301.458
301.5
301.542
301.585
301.628
301.672
301.715
301.759
301.802
301.845
301.889
301.931
301.974
302.016
302.057
300.003
300.01
300.018
300.025
300.033
300.042
300.05
300.059
300.068
300.078
300.088
300.098
300.109
300.12
300.131
300.143
300.155
300.168
300.181
300.194
300.208
300.222
300.237
300.252
300.268
300.284
300.301
300.318
300.335
300.354
300.372
300.391
300.411
300.431
300.452
300.473
300.495
300.518
300.541
300.564
300.588
300.613
300.639
300.665
300.691
300.718
300.746
300.775
300.804
300.834
300.864
300.895
300.927
300.96
300.993
301.026
301.061
301.096
301.131
301.167
301.204
301.241
301.279
301.318
301.357
301.396
301.436
301.476
301.516
301.557
301.598
301.639
301.68
301.72
301.761
301.802
301.842
301.882
301.922
301.961
301.999
300.003
300.01
300.018
300.025
300.033
300.042
300.05
300.059
300.068
300.078
300.088
300.098
300.109
300.12
300.131
300.143
300.155
300.167
300.18
300.194
300.208
300.222
300.237
300.252
300.267
300.284
300.3
300.317
300.335
300.353
300.371
300.39
300.41
300.43
300.451
300.472
300.493
300.516
300.539
300.562
300.586
300.61
300.636
300.661
300.688
300.714
300.742
300.77
300.799
300.828
300.858
300.888
300.92
300.951
300.984
301.016
301.05
301.084
301.118
301.153
301.189
301.225
301.261
301.298
301.336
301.373
301.411
301.449
301.488
301.526
301.565
301.603
301.642
301.68
301.719
301.757
301.795
301.832
301.869
301.905
301.941
300.003
300.01
300.018
300.025
300.033
300.041
300.05
300.059
300.068
300.078
300.088
300.098
300.108
300.119
300.131
300.142
300.155
300.167
300.18
300.194
300.207
300.222
300.236
300.251
300.267
300.283
300.299
300.316
300.334
300.352
300.37
300.389
300.409
300.428
300.449
300.47
300.491
300.513
300.536
300.559
300.583
300.607
300.632
300.657
300.683
300.71
300.737
300.764
300.793
300.821
300.851
300.88
300.911
300.942
300.973
301.005
301.038
301.071
301.104
301.138
301.172
301.207
301.242
301.277
301.313
301.349
301.385
301.421
301.457
301.494
301.53
301.566
301.603
301.639
301.675
301.71
301.746
301.78
301.815
301.849
301.882
300.003
300.01
300.018
300.025
300.033
300.041
300.05
300.059
300.068
300.077
300.087
300.098
300.108
300.119
300.13
300.142
300.154
300.167
300.18
300.193
300.207
300.221
300.236
300.251
300.266
300.282
300.299
300.315
300.333
300.351
300.369
300.388
300.407
300.427
300.447
300.468
300.489
300.511
300.533
300.556
300.579
300.603
300.628
300.653
300.678
300.704
300.731
300.758
300.786
300.814
300.842
300.871
300.901
300.931
300.962
300.993
301.024
301.056
301.088
301.121
301.153
301.187
301.22
301.254
301.288
301.322
301.356
301.39
301.425
301.459
301.494
301.528
301.562
301.596
301.629
301.663
301.695
301.728
301.76
301.792
301.823
300.003
300.01
300.018
300.025
300.033
300.041
300.05
300.059
300.068
300.077
300.087
300.097
300.108
300.119
300.13
300.142
300.154
300.166
300.179
300.193
300.206
300.22
300.235
300.25
300.265
300.281
300.297
300.314
300.331
300.349
300.367
300.386
300.405
300.425
300.445
300.465
300.486
300.508
300.53
300.552
300.575
300.599
300.623
300.648
300.673
300.698
300.724
300.751
300.778
300.805
300.833
300.861
300.89
300.919
300.949
300.978
301.009
301.039
301.07
301.102
301.133
301.165
301.197
301.229
301.261
301.294
301.326
301.358
301.391
301.423
301.455
301.488
301.519
301.551
301.583
301.614
301.645
301.675
301.705
301.735
301.764
300.003
300.01
300.018
300.025
300.033
300.041
300.05
300.059
300.068
300.077
300.087
300.097
300.108
300.119
300.13
300.142
300.154
300.166
300.179
300.192
300.206
300.22
300.234
300.249
300.264
300.28
300.296
300.313
300.33
300.348
300.366
300.384
300.403
300.422
300.442
300.462
300.483
300.504
300.526
300.548
300.571
300.594
300.618
300.642
300.666
300.691
300.716
300.742
300.769
300.795
300.822
300.85
300.878
300.906
300.934
300.963
300.992
301.022
301.051
301.081
301.111
301.142
301.172
301.202
301.233
301.264
301.294
301.325
301.355
301.386
301.416
301.446
301.476
301.506
301.535
301.564
301.593
301.622
301.65
301.677
301.705
300.003
300.01
300.018
300.025
300.033
300.041
300.05
300.058
300.068
300.077
300.087
300.097
300.107
300.118
300.13
300.141
300.153
300.165
300.178
300.191
300.205
300.219
300.233
300.248
300.263
300.279
300.295
300.311
300.328
300.346
300.363
300.382
300.4
300.42
300.439
300.459
300.48
300.5
300.522
300.544
300.566
300.588
300.612
300.635
300.659
300.683
300.708
300.733
300.759
300.784
300.811
300.837
300.864
300.891
300.919
300.946
300.974
301.002
301.031
301.059
301.088
301.117
301.146
301.174
301.203
301.232
301.261
301.29
301.319
301.347
301.376
301.404
301.432
301.46
301.487
301.514
301.541
301.568
301.594
301.62
301.645
300.003
300.01
300.018
300.025
300.033
300.041
300.049
300.058
300.067
300.077
300.087
300.097
300.107
300.118
300.129
300.141
300.153
300.165
300.178
300.191
300.204
300.218
300.232
300.247
300.262
300.277
300.293
300.31
300.326
300.344
300.361
300.379
300.398
300.416
300.436
300.455
300.475
300.496
300.517
300.538
300.56
300.582
300.605
300.628
300.651
300.675
300.699
300.723
300.748
300.773
300.798
300.824
300.849
300.875
300.902
300.928
300.955
300.982
301.009
301.036
301.063
301.09
301.118
301.145
301.172
301.2
301.227
301.254
301.281
301.308
301.334
301.361
301.387
301.413
301.439
301.464
301.489
301.514
301.538
301.563
301.586
300.003
300.01
300.018
300.025
300.033
300.041
300.049
300.058
300.067
300.077
300.086
300.096
300.107
300.117
300.129
300.14
300.152
300.164
300.177
300.19
300.203
300.217
300.231
300.246
300.26
300.276
300.292
300.308
300.324
300.341
300.358
300.376
300.394
300.413
300.432
300.451
300.471
300.491
300.512
300.532
300.554
300.575
300.597
300.619
300.642
300.665
300.688
300.712
300.736
300.76
300.784
300.809
300.834
300.859
300.884
300.909
300.935
300.96
300.986
301.012
301.037
301.063
301.089
301.115
301.14
301.166
301.192
301.217
301.242
301.267
301.292
301.317
301.342
301.366
301.39
301.414
301.437
301.46
301.483
301.506
301.528
300.003
300.01
300.017
300.025
300.033
300.041
300.049
300.058
300.067
300.076
300.086
300.096
300.106
300.117
300.128
300.139
300.151
300.163
300.176
300.189
300.202
300.216
300.23
300.244
300.259
300.274
300.29
300.305
300.322
300.338
300.356
300.373
300.391
300.409
300.428
300.447
300.466
300.486
300.506
300.526
300.547
300.568
300.589
300.611
300.632
300.655
300.677
300.7
300.723
300.746
300.769
300.793
300.817
300.841
300.865
300.889
300.913
300.937
300.962
300.986
301.01
301.035
301.059
301.083
301.108
301.132
301.156
301.18
301.203
301.227
301.25
301.273
301.296
301.319
301.341
301.364
301.385
301.407
301.428
301.449
301.47
300.003
300.01
300.017
300.025
300.033
300.041
300.049
300.058
300.067
300.076
300.086
300.095
300.106
300.116
300.127
300.139
300.15
300.162
300.175
300.188
300.201
300.214
300.228
300.242
300.257
300.272
300.287
300.303
300.319
300.335
300.352
300.369
300.387
300.405
300.423
300.441
300.46
300.479
300.499
300.519
300.539
300.559
300.58
300.601
300.622
300.643
300.665
300.687
300.709
300.731
300.754
300.776
300.799
300.822
300.845
300.868
300.891
300.914
300.937
300.96
300.983
301.006
301.029
301.052
301.074
301.097
301.12
301.142
301.164
301.186
301.208
301.23
301.251
301.272
301.293
301.314
301.334
301.355
301.374
301.394
301.413
300.003
300.01
300.017
300.025
300.032
300.04
300.049
300.057
300.066
300.076
300.085
300.095
300.105
300.116
300.127
300.138
300.15
300.161
300.174
300.186
300.199
300.213
300.226
300.24
300.255
300.27
300.285
300.3
300.316
300.332
300.349
300.365
300.382
300.4
300.418
300.436
300.454
300.473
300.492
300.511
300.531
300.55
300.57
300.591
300.611
300.632
300.652
300.673
300.695
300.716
300.737
300.759
300.78
300.802
300.824
300.846
300.868
300.889
300.911
300.933
300.955
300.976
300.998
301.019
301.041
301.062
301.083
301.104
301.125
301.146
301.166
301.186
301.206
301.226
301.246
301.265
301.284
301.303
301.322
301.34
301.358
300.003
300.01
300.017
300.025
300.032
300.04
300.048
300.057
300.066
300.075
300.085
300.094
300.105
300.115
300.126
300.137
300.148
300.16
300.172
300.185
300.198
300.211
300.224
300.238
300.253
300.267
300.282
300.297
300.313
300.328
300.345
300.361
300.378
300.395
300.412
300.43
300.448
300.466
300.484
300.503
300.522
300.541
300.56
300.58
300.599
300.619
300.639
300.659
300.679
300.7
300.72
300.741
300.761
300.782
300.803
300.823
300.844
300.865
300.885
300.906
300.926
300.947
300.967
300.987
301.007
301.027
301.047
301.067
301.086
301.105
301.125
301.144
301.162
301.181
301.199
301.217
301.235
301.253
301.27
301.287
301.304
300.003
300.01
300.017
300.024
300.032
300.04
300.048
300.057
300.065
300.075
300.084
300.094
300.104
300.114
300.125
300.136
300.147
300.159
300.171
300.183
300.196
300.209
300.222
300.236
300.25
300.264
300.279
300.294
300.309
300.324
300.34
300.356
300.373
300.389
300.406
300.423
300.441
300.458
300.476
300.494
300.512
300.531
300.549
300.568
300.587
300.606
300.625
300.644
300.664
300.683
300.703
300.722
300.742
300.761
300.781
300.801
300.82
300.84
300.859
300.878
300.898
300.917
300.936
300.955
300.974
300.993
301.011
301.03
301.048
301.066
301.084
301.102
301.119
301.137
301.154
301.171
301.187
301.204
301.22
301.236
301.252
300.003
300.01
300.017
300.024
300.032
300.04
300.048
300.056
300.065
300.074
300.083
300.093
300.103
300.113
300.124
300.135
300.146
300.158
300.17
300.182
300.194
300.207
300.22
300.234
300.247
300.261
300.276
300.29
300.305
300.32
300.336
300.351
300.367
300.383
300.4
300.416
300.433
300.45
300.468
300.485
300.503
300.52
300.538
300.556
300.574
300.593
300.611
300.629
300.648
300.666
300.685
300.703
300.722
300.741
300.759
300.778
300.796
300.815
300.833
300.851
300.87
300.888
300.906
300.924
300.941
300.959
300.976
300.994
301.011
301.028
301.045
301.061
301.078
301.094
301.11
301.126
301.141
301.157
301.172
301.187
301.202
300.003
300.01
300.017
300.024
300.032
300.039
300.047
300.056
300.065
300.073
300.083
300.092
300.102
300.112
300.123
300.134
300.145
300.156
300.168
300.18
300.192
300.205
300.218
300.231
300.244
300.258
300.272
300.286
300.301
300.316
300.331
300.346
300.362
300.377
300.393
300.409
300.426
300.442
300.459
300.476
300.493
300.51
300.527
300.544
300.562
300.579
300.597
300.614
300.632
300.649
300.667
300.685
300.702
300.72
300.738
300.755
300.773
300.79
300.808
300.825
300.842
300.859
300.876
300.893
300.91
300.926
300.943
300.959
300.975
300.991
301.007
301.022
301.038
301.053
301.068
301.083
301.097
301.112
301.126
301.14
301.154
300.003
300.01
300.017
300.024
300.031
300.039
300.047
300.055
300.064
300.073
300.082
300.092
300.101
300.111
300.122
300.132
300.143
300.155
300.166
300.178
300.19
300.202
300.215
300.228
300.241
300.255
300.268
300.282
300.297
300.311
300.326
300.341
300.356
300.371
300.386
300.402
300.418
300.434
300.45
300.466
300.482
300.499
300.515
300.532
300.549
300.565
300.582
300.599
300.616
300.633
300.649
300.666
300.683
300.7
300.717
300.733
300.75
300.766
300.783
300.799
300.815
300.831
300.847
300.863
300.879
300.895
300.91
300.925
300.941
300.956
300.97
300.985
301
301.014
301.028
301.042
301.056
301.069
301.083
301.096
301.109
300.003
300.01
300.017
300.024
300.031
300.039
300.047
300.055
300.063
300.072
300.081
300.091
300.1
300.11
300.121
300.131
300.142
300.153
300.164
300.176
300.188
300.2
300.212
300.225
300.238
300.251
300.265
300.278
300.292
300.306
300.321
300.335
300.35
300.365
300.38
300.395
300.41
300.425
300.441
300.457
300.472
300.488
300.504
300.52
300.536
300.552
300.568
300.584
300.6
300.616
300.632
300.648
300.664
300.68
300.696
300.712
300.728
300.743
300.759
300.775
300.79
300.805
300.82
300.835
300.85
300.865
300.88
300.894
300.908
300.922
300.936
300.95
300.964
300.977
300.991
301.004
301.017
301.03
301.042
301.055
301.067
300.003
300.01
300.016
300.024
300.031
300.038
300.046
300.054
300.063
300.072
300.08
300.09
300.099
300.109
300.119
300.13
300.14
300.151
300.162
300.174
300.186
300.198
300.21
300.222
300.235
300.248
300.261
300.274
300.288
300.302
300.315
300.33
300.344
300.358
300.373
300.387
300.402
300.417
300.432
300.447
300.462
300.478
300.493
300.508
300.524
300.539
300.554
300.57
300.585
300.601
300.616
300.631
300.646
300.662
300.677
300.692
300.707
300.722
300.737
300.751
300.766
300.78
300.795
300.809
300.823
300.837
300.851
300.865
300.878
300.892
300.905
300.918
300.931
300.944
300.956
300.969
300.981
300.993
301.005
301.017
301.029
300.003
300.01
300.016
300.023
300.031
300.038
300.046
300.054
300.062
300.071
300.08
300.089
300.098
300.108
300.118
300.128
300.139
300.149
300.16
300.172
300.183
300.195
300.207
300.219
300.232
300.244
300.257
300.27
300.283
300.297
300.31
300.324
300.338
300.352
300.366
300.38
300.395
300.409
300.424
300.438
300.453
300.468
300.482
300.497
300.512
300.527
300.541
300.556
300.571
300.586
300.6
300.615
300.63
300.644
300.659
300.673
300.687
300.702
300.716
300.73
300.744
300.758
300.771
300.785
300.798
300.812
300.825
300.838
300.851
300.863
300.876
300.888
300.901
300.913
300.925
300.937
300.948
300.96
300.971
300.982
300.993
300.003
300.01
300.016
300.023
300.03
300.038
300.045
300.053
300.062
300.07
300.079
300.088
300.097
300.107
300.117
300.127
300.137
300.148
300.159
300.17
300.181
300.193
300.204
300.216
300.228
300.241
300.253
300.266
300.279
300.292
300.305
300.319
300.332
300.346
300.36
300.374
300.387
300.401
300.416
300.43
300.444
300.458
300.472
300.487
300.501
300.515
300.529
300.544
300.558
300.572
300.586
300.6
300.614
300.628
300.642
300.656
300.67
300.683
300.697
300.71
300.724
300.737
300.75
300.763
300.776
300.788
300.801
300.814
300.826
300.838
300.85
300.862
300.874
300.885
300.897
300.908
300.919
300.93
300.941
300.952
300.962
300.003
300.009
300.016
300.023
300.03
300.037
300.045
300.053
300.061
300.069
300.078
300.087
300.096
300.106
300.115
300.125
300.136
300.146
300.157
300.168
300.179
300.19
300.202
300.214
300.225
300.238
300.25
300.262
300.275
300.288
300.301
300.314
300.327
300.34
300.354
300.367
300.381
300.395
300.408
300.422
300.436
300.45
300.463
300.477
300.491
300.505
300.519
300.532
300.546
300.56
300.574
300.587
300.601
300.614
300.628
300.641
300.654
300.667
300.68
300.693
300.706
300.719
300.731
300.744
300.756
300.768
300.78
300.792
300.804
300.816
300.827
300.839
300.85
300.861
300.872
300.883
300.894
300.904
300.915
300.925
300.935
300.003
300.009
300.016
300.023
300.03
300.037
300.044
300.052
300.06
300.069
300.077
300.086
300.095
300.105
300.114
300.124
300.134
300.144
300.155
300.166
300.177
300.188
300.199
300.211
300.223
300.235
300.247
300.259
300.272
300.284
300.297
300.31
300.323
300.336
300.349
300.362
300.375
300.388
300.402
300.415
300.429
300.442
300.455
300.469
300.482
300.496
300.509
300.523
300.536
300.549
300.563
300.576
300.589
300.602
300.615
300.628
300.641
300.653
300.666
300.678
300.691
300.703
300.715
300.727
300.739
300.751
300.763
300.774
300.786
300.797
300.808
300.819
300.83
300.841
300.852
300.862
300.872
300.883
300.893
300.903
300.912
300.003
300.009
300.016
300.022
300.029
300.037
300.044
300.052
300.06
300.068
300.077
300.085
300.094
300.104
300.113
300.123
300.133
300.143
300.154
300.164
300.175
300.186
300.197
300.209
300.22
300.232
300.244
300.256
300.268
300.281
300.293
300.306
300.319
300.331
300.344
300.357
300.37
300.383
300.396
300.409
300.423
300.436
300.449
300.462
300.475
300.488
300.501
300.515
300.528
300.541
300.553
300.566
300.579
300.592
300.605
300.617
300.63
300.642
300.654
300.666
300.678
300.69
300.702
300.714
300.726
300.737
300.749
300.76
300.771
300.782
300.793
300.803
300.814
300.825
300.835
300.845
300.855
300.865
300.875
300.884
300.894
300.003
300.009
300.016
300.022
300.029
300.036
300.044
300.051
300.059
300.068
300.076
300.085
300.094
300.103
300.112
300.122
300.132
300.142
300.152
300.163
300.174
300.184
300.196
300.207
300.218
300.23
300.242
300.254
300.266
300.278
300.29
300.303
300.315
300.328
300.341
300.353
300.366
300.379
300.392
300.405
300.418
300.431
300.444
300.457
300.47
300.482
300.495
300.508
300.521
300.534
300.546
300.559
300.572
300.584
300.596
300.609
300.621
300.633
300.645
300.657
300.669
300.681
300.692
300.704
300.715
300.726
300.738
300.749
300.759
300.77
300.781
300.791
300.802
300.812
300.822
300.832
300.842
300.852
300.861
300.871
300.88
300.003
300.009
300.015
300.022
300.029
300.036
300.043
300.051
300.059
300.067
300.076
300.084
300.093
300.102
300.112
300.121
300.131
300.141
300.151
300.162
300.172
300.183
300.194
300.206
300.217
300.228
300.24
300.252
300.264
300.276
300.288
300.301
300.313
300.325
300.338
300.351
300.363
300.376
300.389
300.401
300.414
300.427
300.44
300.453
300.465
300.478
300.491
300.504
300.516
300.529
300.541
300.554
300.566
300.579
300.591
300.603
300.615
300.627
300.639
300.651
300.662
300.674
300.685
300.697
300.708
300.719
300.73
300.741
300.752
300.762
300.773
300.783
300.793
300.803
300.813
300.823
300.833
300.842
300.852
300.861
300.87
300.003
300.009
300.015
300.022
300.029
300.036
300.043
300.051
300.059
300.067
300.075
300.084
300.093
300.102
300.111
300.121
300.13
300.14
300.151
300.161
300.172
300.182
300.193
300.205
300.216
300.227
300.239
300.251
300.263
300.275
300.287
300.299
300.311
300.324
300.336
300.349
300.361
300.374
300.387
300.399
300.412
300.425
300.438
300.45
300.463
300.476
300.488
300.501
300.513
300.526
300.538
300.551
300.563
300.575
300.587
300.599
300.611
300.623
300.635
300.647
300.658
300.67
300.681
300.692
300.704
300.715
300.725
300.736
300.747
300.757
300.768
300.778
300.788
300.798
300.808
300.818
300.827
300.837
300.846
300.855
300.865
300.003
300.009
300.015
300.022
300.029
300.036
300.043
300.051
300.059
300.067
300.075
300.084
300.092
300.101
300.111
300.12
300.13
300.14
300.15
300.161
300.171
300.182
300.193
300.204
300.215
300.227
300.239
300.25
300.262
300.274
300.286
300.298
300.311
300.323
300.336
300.348
300.361
300.373
300.386
300.399
300.411
300.424
300.437
300.449
300.462
300.474
300.487
300.5
300.512
300.525
300.537
300.549
300.562
300.574
300.586
300.598
300.61
300.622
300.633
300.645
300.657
300.668
300.679
300.691
300.702
300.713
300.724
300.734
300.745
300.755
300.766
300.776
300.786
300.796
300.806
300.816
300.825
300.835
300.844
300.853
300.862
302.792
302.913
303.015
303.104
303.184
303.256
303.321
303.382
303.438
303.489
303.537
303.582
303.623
303.662
303.698
303.732
303.764
303.794
303.823
303.85
303.877
303.903
303.93
303.957
303.985
304.014
304.042
304.07
304.097
304.125
304.152
304.179
304.206
304.233
304.26
304.286
304.312
304.338
304.364
304.39
304.415
304.441
304.466
304.492
304.517
304.542
304.568
304.593
304.618
304.643
304.667
304.692
304.717
304.742
304.766
304.791
304.816
304.84
304.865
304.889
304.914
304.938
304.962
304.987
305.011
305.035
305.06
305.084
305.108
305.133
305.157
305.181
305.205
305.23
305.254
305.278
305.302
305.327
305.351
305.375
305.4
305.424
305.448
305.473
305.497
305.521
305.546
305.57
305.595
305.619
305.643
305.668
305.692
305.717
305.741
305.766
305.79
305.815
305.839
305.864
305.888
305.913
305.937
305.962
305.986
306.01
306.035
306.059
306.083
306.107
306.132
306.156
306.179
306.203
306.227
306.25
306.274
306.297
306.32
306.342
306.365
306.387
306.408
306.43
306.451
306.471
306.491
306.51
306.529
306.547
306.565
306.581
306.597
306.612
306.625
306.638
306.649
306.66
306.668
306.675
306.68
306.684
306.686
306.685
306.682
306.676
306.668
306.657
306.642
306.624
306.602
306.576
306.545
306.508
306.466
306.417
306.366
306.305
306.22
306.093
305.899
302.726
302.834
302.931
303.019
303.098
303.17
303.237
303.298
303.355
303.408
303.457
303.503
303.546
303.586
303.624
303.66
303.693
303.725
303.756
303.785
303.814
303.842
303.87
303.898
303.927
303.955
303.984
304.012
304.04
304.068
304.096
304.124
304.151
304.178
304.205
304.232
304.259
304.285
304.311
304.337
304.363
304.389
304.415
304.441
304.466
304.492
304.517
304.542
304.568
304.593
304.618
304.643
304.668
304.693
304.718
304.743
304.768
304.792
304.817
304.842
304.867
304.891
304.916
304.94
304.965
304.99
305.014
305.039
305.063
305.088
305.112
305.137
305.161
305.186
305.21
305.235
305.259
305.284
305.308
305.333
305.357
305.382
305.406
305.431
305.455
305.48
305.504
305.529
305.554
305.578
305.603
305.628
305.652
305.677
305.702
305.726
305.751
305.776
305.801
305.825
305.85
305.875
305.899
305.924
305.949
305.973
305.998
306.023
306.047
306.071
306.096
306.12
306.144
306.168
306.192
306.216
306.239
306.263
306.286
306.309
306.332
306.354
306.376
306.397
306.419
306.439
306.46
306.479
306.498
306.517
306.534
306.551
306.567
306.582
306.596
306.609
306.62
306.631
306.639
306.647
306.652
306.656
306.657
306.657
306.654
306.648
306.64
306.629
306.614
306.596
306.573
306.547
306.515
306.478
306.435
306.385
306.331
306.266
306.176
306.045
305.85
302.668
302.764
302.854
302.937
303.014
303.085
303.152
303.213
303.271
303.324
303.375
303.422
303.466
303.508
303.547
303.584
303.619
303.653
303.685
303.716
303.747
303.776
303.805
303.835
303.864
303.893
303.922
303.951
303.98
304.008
304.037
304.065
304.092
304.12
304.147
304.175
304.202
304.228
304.255
304.281
304.308
304.334
304.36
304.386
304.412
304.438
304.463
304.489
304.515
304.54
304.565
304.591
304.616
304.641
304.666
304.692
304.717
304.742
304.767
304.792
304.817
304.841
304.866
304.891
304.916
304.941
304.965
304.99
305.015
305.04
305.064
305.089
305.114
305.138
305.163
305.188
305.213
305.237
305.262
305.287
305.312
305.336
305.361
305.386
305.411
305.435
305.46
305.485
305.51
305.535
305.56
305.585
305.61
305.635
305.659
305.684
305.709
305.734
305.759
305.784
305.809
305.834
305.859
305.884
305.909
305.934
305.959
305.984
306.008
306.033
306.058
306.082
306.107
306.131
306.155
306.179
306.203
306.227
306.25
306.273
306.296
306.319
306.341
306.363
306.384
306.405
306.426
306.446
306.465
306.484
306.502
306.519
306.535
306.55
306.564
306.577
306.589
306.6
306.609
306.616
306.622
306.626
306.627
306.627
306.624
306.618
306.61
306.599
306.584
306.565
306.543
306.516
306.484
306.446
306.402
306.351
306.294
306.225
306.131
305.997
305.802
302.612
302.698
302.78
302.859
302.933
303.002
303.067
303.128
303.186
303.24
303.291
303.339
303.384
303.427
303.467
303.506
303.543
303.578
303.611
303.644
303.676
303.707
303.737
303.767
303.797
303.827
303.857
303.886
303.916
303.945
303.973
304.002
304.03
304.058
304.086
304.113
304.141
304.168
304.195
304.222
304.248
304.275
304.301
304.328
304.354
304.38
304.406
304.432
304.458
304.484
304.509
304.535
304.561
304.586
304.612
304.637
304.662
304.688
304.713
304.738
304.763
304.788
304.813
304.838
304.863
304.889
304.914
304.939
304.963
304.988
305.013
305.038
305.063
305.088
305.113
305.138
305.163
305.188
305.213
305.238
305.263
305.288
305.313
305.338
305.363
305.388
305.413
305.438
305.463
305.489
305.514
305.539
305.564
305.589
305.614
305.64
305.665
305.69
305.715
305.741
305.766
305.791
305.816
305.841
305.867
305.892
305.917
305.942
305.967
305.992
306.017
306.042
306.066
306.091
306.116
306.14
306.164
306.188
306.212
306.235
306.258
306.281
306.304
306.326
306.348
306.369
306.39
306.41
306.43
306.449
306.467
306.484
306.501
306.516
306.531
306.544
306.556
306.567
306.576
306.584
306.59
306.593
306.595
306.595
306.592
306.587
306.578
306.567
306.552
306.533
306.511
306.483
306.451
306.412
306.367
306.315
306.256
306.183
306.085
305.949
305.756
302.557
302.635
302.71
302.783
302.853
302.92
302.984
303.044
303.1
303.154
303.205
303.254
303.3
303.344
303.385
303.425
303.463
303.499
303.534
303.568
303.601
303.633
303.665
303.696
303.727
303.758
303.788
303.818
303.848
303.877
303.906
303.935
303.964
303.992
304.021
304.049
304.076
304.104
304.131
304.159
304.186
304.213
304.239
304.266
304.293
304.319
304.345
304.372
304.398
304.424
304.45
304.476
304.502
304.527
304.553
304.579
304.604
304.63
304.655
304.681
304.706
304.732
304.757
304.782
304.808
304.833
304.858
304.883
304.909
304.934
304.959
304.984
305.01
305.035
305.06
305.085
305.11
305.136
305.161
305.186
305.211
305.237
305.262
305.287
305.312
305.338
305.363
305.388
305.414
305.439
305.464
305.49
305.515
305.541
305.566
305.592
305.617
305.643
305.668
305.694
305.719
305.745
305.77
305.796
305.821
305.847
305.872
305.898
305.923
305.948
305.973
305.999
306.024
306.049
306.073
306.098
306.122
306.147
306.171
306.195
306.218
306.241
306.264
306.287
306.309
306.331
306.352
306.372
306.392
306.411
306.43
306.448
306.464
306.48
306.495
306.509
306.521
306.532
306.541
306.549
306.555
306.559
306.561
306.561
306.559
306.553
306.545
306.533
306.518
306.499
306.476
306.449
306.416
306.376
306.331
306.277
306.215
306.139
306.038
305.901
305.711
302.502
302.573
302.642
302.71
302.776
302.84
302.901
302.959
303.015
303.069
303.119
303.168
303.214
303.258
303.301
303.341
303.38
303.418
303.454
303.489
303.523
303.556
303.589
303.621
303.653
303.684
303.715
303.745
303.776
303.806
303.835
303.865
303.894
303.923
303.952
303.98
304.008
304.036
304.064
304.092
304.119
304.146
304.173
304.2
304.227
304.254
304.281
304.307
304.334
304.36
304.387
304.413
304.439
304.465
304.491
304.517
304.543
304.569
304.594
304.62
304.646
304.672
304.697
304.723
304.748
304.774
304.799
304.825
304.85
304.876
304.901
304.927
304.952
304.978
305.003
305.029
305.054
305.08
305.105
305.131
305.156
305.182
305.207
305.233
305.258
305.284
305.31
305.335
305.361
305.386
305.412
305.438
305.464
305.489
305.515
305.541
305.567
305.592
305.618
305.644
305.67
305.696
305.722
305.747
305.773
305.799
305.825
305.85
305.876
305.902
305.927
305.953
305.978
306.003
306.028
306.053
306.078
306.103
306.127
306.151
306.175
306.199
306.222
306.245
306.267
306.289
306.311
306.332
306.352
306.372
306.39
306.409
306.426
306.442
306.457
306.471
306.483
306.495
306.504
306.512
306.519
306.523
306.525
306.525
306.523
306.517
306.509
306.498
306.483
306.464
306.44
306.412
306.378
306.339
306.292
306.237
306.173
306.093
305.99
305.852
305.667
302.446
302.511
302.575
302.639
302.701
302.761
302.82
302.876
302.93
302.983
303.033
303.081
303.127
303.172
303.215
303.256
303.295
303.334
303.371
303.407
303.442
303.476
303.51
303.542
303.575
303.607
303.638
303.669
303.7
303.731
303.761
303.791
303.82
303.85
303.879
303.908
303.936
303.965
303.993
304.021
304.049
304.076
304.104
304.131
304.158
304.186
304.213
304.239
304.266
304.293
304.32
304.346
304.373
304.399
304.425
304.451
304.478
304.504
304.53
304.556
304.582
304.608
304.634
304.66
304.685
304.711
304.737
304.763
304.789
304.814
304.84
304.866
304.892
304.917
304.943
304.969
304.995
305.02
305.046
305.072
305.098
305.123
305.149
305.175
305.201
305.227
305.253
305.279
305.304
305.33
305.356
305.382
305.408
305.434
305.461
305.487
305.513
305.539
305.565
305.591
305.617
305.643
305.669
305.696
305.722
305.748
305.774
305.8
305.826
305.852
305.878
305.904
305.929
305.955
305.98
306.006
306.031
306.056
306.081
306.105
306.129
306.153
306.177
306.2
306.223
306.246
306.267
306.289
306.309
306.329
306.349
306.367
306.384
306.401
306.416
306.431
306.444
306.455
306.465
306.473
306.48
306.485
306.487
306.487
306.485
306.48
306.471
306.46
306.445
306.426
306.402
306.373
306.339
306.299
306.251
306.195
306.128
306.046
305.941
305.804
305.624
302.39
302.45
302.509
302.568
302.627
302.684
302.739
302.793
302.846
302.897
302.946
302.994
303.04
303.084
303.127
303.168
303.208
303.247
303.285
303.322
303.358
303.392
303.427
303.46
303.493
303.526
303.558
303.59
303.621
303.652
303.683
303.713
303.743
303.773
303.802
303.831
303.86
303.889
303.918
303.946
303.974
304.002
304.03
304.058
304.086
304.113
304.14
304.168
304.195
304.222
304.249
304.276
304.302
304.329
304.356
304.382
304.409
304.435
304.461
304.488
304.514
304.54
304.566
304.593
304.619
304.645
304.671
304.697
304.723
304.749
304.775
304.801
304.827
304.853
304.879
304.905
304.931
304.957
304.983
305.009
305.035
305.062
305.088
305.114
305.14
305.166
305.192
305.218
305.245
305.271
305.297
305.324
305.35
305.376
305.403
305.429
305.455
305.482
305.508
305.535
305.561
305.588
305.614
305.641
305.667
305.694
305.72
305.746
305.773
305.799
305.825
305.851
305.878
305.904
305.929
305.955
305.981
306.006
306.031
306.056
306.081
306.105
306.129
306.153
306.176
306.199
306.221
306.243
306.264
306.284
306.304
306.323
306.341
306.357
306.373
306.388
306.401
306.413
306.423
306.432
306.439
306.444
306.446
306.447
306.445
306.44
306.431
306.42
306.405
306.385
306.362
306.333
306.298
306.257
306.208
306.151
306.082
305.998
305.892
305.756
305.582
302.333
302.388
302.444
302.499
302.553
302.607
302.66
302.712
302.762
302.812
302.86
302.906
302.952
302.995
303.038
303.08
303.12
303.159
303.197
303.234
303.27
303.306
303.341
303.375
303.409
303.442
303.474
303.506
303.538
303.57
303.601
303.631
303.662
303.692
303.722
303.751
303.781
303.81
303.839
303.868
303.896
303.925
303.953
303.981
304.009
304.037
304.064
304.092
304.119
304.147
304.174
304.201
304.228
304.255
304.282
304.309
304.336
304.362
304.389
304.416
304.442
304.469
304.495
304.522
304.548
304.574
304.601
304.627
304.654
304.68
304.706
304.732
304.759
304.785
304.811
304.838
304.864
304.89
304.917
304.943
304.97
304.996
305.022
305.049
305.075
305.102
305.128
305.155
305.181
305.208
305.234
305.261
305.288
305.314
305.341
305.368
305.395
305.421
305.448
305.475
305.502
305.529
305.555
305.582
305.609
305.636
305.663
305.689
305.716
305.743
305.77
305.796
305.823
305.849
305.875
305.901
305.927
305.953
305.979
306.004
306.029
306.054
306.078
306.102
306.126
306.149
306.172
306.194
306.216
306.236
306.256
306.276
306.294
306.311
306.327
306.342
306.356
306.368
306.379
306.388
306.395
306.4
306.403
306.404
306.402
306.397
306.389
306.378
306.362
306.343
306.319
306.29
306.255
306.213
306.164
306.105
306.035
305.949
305.843
305.708
305.541
302.275
302.327
302.378
302.429
302.481
302.531
302.581
302.631
302.679
302.727
302.773
302.819
302.863
302.906
302.948
302.99
303.03
303.069
303.107
303.144
303.181
303.217
303.252
303.287
303.321
303.354
303.387
303.42
303.452
303.484
303.515
303.546
303.577
303.608
303.638
303.668
303.698
303.727
303.756
303.785
303.814
303.843
303.872
303.9
303.928
303.956
303.984
304.012
304.04
304.068
304.095
304.123
304.15
304.177
304.204
304.232
304.259
304.286
304.313
304.34
304.366
304.393
304.42
304.447
304.473
304.5
304.527
304.554
304.58
304.607
304.633
304.66
304.687
304.713
304.74
304.766
304.793
304.82
304.846
304.873
304.9
304.926
304.953
304.98
305.007
305.034
305.06
305.087
305.114
305.141
305.168
305.195
305.222
305.249
305.276
305.303
305.33
305.357
305.384
305.412
305.439
305.466
305.493
305.52
305.548
305.575
305.602
305.629
305.656
305.683
305.71
305.737
305.764
305.791
305.818
305.844
305.871
305.897
305.923
305.949
305.974
305.999
306.024
306.049
306.073
306.097
306.12
306.142
306.164
306.185
306.206
306.226
306.244
306.262
306.279
306.294
306.308
306.321
306.332
306.342
306.349
306.355
306.358
306.359
306.357
306.352
306.344
306.333
306.318
306.298
306.274
306.245
306.209
306.167
306.117
306.057
305.986
305.899
305.793
305.661
305.5
302.217
302.265
302.312
302.361
302.408
302.456
302.504
302.55
302.597
302.642
302.687
302.731
302.774
302.817
302.858
302.899
302.938
302.977
303.016
303.053
303.09
303.126
303.161
303.196
303.23
303.264
303.297
303.33
303.362
303.395
303.426
303.458
303.489
303.52
303.55
303.581
303.611
303.64
303.67
303.699
303.729
303.758
303.787
303.815
303.844
303.872
303.9
303.929
303.957
303.985
304.012
304.04
304.068
304.095
304.123
304.15
304.178
304.205
304.232
304.26
304.287
304.314
304.341
304.368
304.395
304.422
304.449
304.476
304.503
304.53
304.557
304.584
304.611
304.637
304.664
304.691
304.718
304.745
304.772
304.799
304.826
304.853
304.88
304.907
304.934
304.961
304.989
305.016
305.043
305.07
305.098
305.125
305.152
305.18
305.207
305.234
305.262
305.289
305.317
305.344
305.372
305.4
305.427
305.455
305.482
305.51
305.538
305.565
305.593
305.62
305.648
305.675
305.702
305.729
305.757
305.784
305.81
305.837
305.864
305.89
305.916
305.941
305.967
305.992
306.016
306.041
306.064
306.087
306.11
306.131
306.152
306.173
306.192
306.21
306.227
306.243
306.258
306.271
306.282
306.292
306.3
306.306
306.309
306.311
306.309
306.305
306.297
306.286
306.271
306.251
306.227
306.197
306.162
306.119
306.068
306.008
305.936
305.849
305.743
305.614
305.46
302.158
302.202
302.247
302.292
302.337
302.382
302.426
302.471
302.515
302.558
302.601
302.644
302.686
302.727
302.767
302.807
302.846
302.885
302.923
302.96
302.996
303.032
303.068
303.103
303.137
303.171
303.204
303.237
303.27
303.302
303.334
303.366
303.397
303.428
303.459
303.49
303.52
303.55
303.58
303.61
303.639
303.669
303.698
303.727
303.756
303.784
303.813
303.841
303.87
303.898
303.926
303.954
303.982
304.01
304.038
304.065
304.093
304.121
304.148
304.176
304.203
304.23
304.258
304.285
304.312
304.34
304.367
304.394
304.421
304.449
304.476
304.503
304.53
304.558
304.585
304.612
304.639
304.667
304.694
304.721
304.749
304.776
304.803
304.831
304.858
304.886
304.913
304.941
304.968
304.996
305.023
305.051
305.079
305.106
305.134
305.162
305.19
305.218
305.246
305.274
305.301
305.329
305.357
305.385
305.413
305.441
305.469
305.497
305.525
305.553
305.581
305.609
305.637
305.664
305.692
305.719
305.747
305.774
305.801
305.827
305.854
305.88
305.906
305.932
305.957
305.981
306.005
306.029
306.052
306.074
306.096
306.116
306.136
306.155
306.172
306.189
306.204
306.217
306.229
306.24
306.248
306.254
306.258
306.26
306.259
306.255
306.247
306.236
306.221
306.202
306.177
306.148
306.112
306.069
306.018
305.957
305.884
305.797
305.692
305.567
305.42
302.098
302.139
302.181
302.223
302.265
302.308
302.35
302.392
302.434
302.475
302.516
302.557
302.598
302.637
302.677
302.716
302.754
302.792
302.829
302.866
302.902
302.938
302.973
303.008
303.042
303.076
303.109
303.142
303.175
303.208
303.24
303.271
303.303
303.334
303.365
303.396
303.426
303.457
303.487
303.517
303.546
303.576
303.605
303.635
303.664
303.693
303.721
303.75
303.779
303.807
303.836
303.864
303.892
303.92
303.948
303.976
304.004
304.032
304.06
304.088
304.115
304.143
304.171
304.198
304.226
304.254
304.281
304.309
304.336
304.364
304.391
304.419
304.446
304.474
304.501
304.529
304.556
304.584
304.612
304.639
304.667
304.695
304.722
304.75
304.778
304.806
304.833
304.861
304.889
304.917
304.945
304.973
305.001
305.029
305.058
305.086
305.114
305.142
305.17
305.199
305.227
305.255
305.284
305.312
305.341
305.369
305.398
305.426
305.454
305.483
305.511
305.539
305.568
305.596
305.624
305.652
305.679
305.707
305.734
305.762
305.789
305.815
305.842
305.868
305.893
305.918
305.943
305.967
305.991
306.014
306.036
306.057
306.077
306.096
306.114
306.131
306.147
306.161
306.174
306.184
306.193
306.2
306.204
306.206
306.205
306.202
306.194
306.184
306.169
306.15
306.125
306.096
306.06
306.017
305.965
305.904
305.832
305.745
305.642
305.52
305.38
302.038
302.076
302.115
302.155
302.194
302.234
302.274
302.313
302.353
302.392
302.432
302.471
302.51
302.548
302.586
302.624
302.661
302.698
302.735
302.771
302.806
302.842
302.876
302.911
302.945
302.979
303.012
303.045
303.078
303.11
303.142
303.174
303.206
303.237
303.268
303.299
303.33
303.36
303.39
303.42
303.45
303.48
303.51
303.539
303.568
303.597
303.627
303.655
303.684
303.713
303.742
303.77
303.799
303.827
303.855
303.883
303.912
303.94
303.968
303.996
304.024
304.052
304.08
304.108
304.135
304.163
304.191
304.219
304.247
304.275
304.302
304.33
304.358
304.386
304.414
304.442
304.47
304.497
304.525
304.553
304.581
304.609
304.637
304.665
304.694
304.722
304.75
304.778
304.806
304.835
304.863
304.891
304.92
304.948
304.977
305.005
305.034
305.063
305.091
305.12
305.149
305.178
305.206
305.235
305.264
305.293
305.322
305.351
305.379
305.408
305.437
305.466
305.494
305.523
305.552
305.58
305.608
305.636
305.664
305.692
305.72
305.747
305.774
305.8
305.826
305.852
305.877
305.902
305.926
305.949
305.972
305.994
306.015
306.034
306.053
306.071
306.087
306.101
306.115
306.126
306.135
306.142
306.147
306.15
306.149
306.146
306.139
306.129
306.114
306.095
306.071
306.041
306.005
305.962
305.911
305.85
305.778
305.692
305.592
305.474
305.341
301.977
302.013
302.05
302.086
302.123
302.161
302.198
302.235
302.273
302.31
302.348
302.385
302.422
302.459
302.496
302.532
302.568
302.604
302.64
302.675
302.71
302.745
302.779
302.813
302.847
302.88
302.913
302.946
302.979
303.011
303.043
303.075
303.106
303.137
303.169
303.199
303.23
303.261
303.291
303.321
303.351
303.381
303.411
303.44
303.47
303.499
303.528
303.557
303.586
303.615
303.644
303.673
303.701
303.73
303.758
303.787
303.815
303.844
303.872
303.9
303.929
303.957
303.985
304.013
304.041
304.069
304.097
304.126
304.154
304.182
304.21
304.238
304.266
304.294
304.322
304.351
304.379
304.407
304.435
304.463
304.492
304.52
304.548
304.577
304.605
304.634
304.662
304.691
304.72
304.748
304.777
304.806
304.835
304.863
304.892
304.921
304.95
304.979
305.008
305.038
305.067
305.096
305.125
305.154
305.184
305.213
305.242
305.271
305.301
305.33
305.359
305.388
305.418
305.447
305.476
305.505
305.533
305.562
305.59
305.619
305.647
305.674
305.702
305.729
305.756
305.782
305.808
305.833
305.858
305.882
305.905
305.927
305.949
305.969
305.988
306.006
306.023
306.038
306.052
306.064
306.074
306.082
306.087
306.09
306.09
306.087
306.081
306.071
306.056
306.038
306.014
305.985
305.949
305.906
305.855
305.794
305.723
305.639
305.541
305.429
305.302
301.916
301.95
301.984
302.018
302.053
302.088
302.123
302.158
302.194
302.229
302.265
302.3
302.335
302.371
302.406
302.441
302.476
302.511
302.545
302.58
302.614
302.647
302.681
302.714
302.748
302.781
302.813
302.846
302.878
302.91
302.942
302.973
303.005
303.036
303.067
303.098
303.128
303.159
303.189
303.219
303.249
303.279
303.309
303.339
303.368
303.397
303.427
303.456
303.485
303.514
303.543
303.572
303.601
303.63
303.658
303.687
303.716
303.744
303.773
303.801
303.83
303.858
303.886
303.915
303.943
303.972
304
304.028
304.057
304.085
304.113
304.142
304.17
304.199
304.227
304.256
304.284
304.313
304.341
304.37
304.398
304.427
304.456
304.484
304.513
304.542
304.571
304.6
304.629
304.658
304.687
304.716
304.745
304.775
304.804
304.833
304.863
304.892
304.921
304.951
304.981
305.01
305.04
305.07
305.099
305.129
305.159
305.188
305.218
305.248
305.278
305.307
305.337
305.367
305.396
305.425
305.455
305.484
305.513
305.542
305.57
305.598
305.626
305.654
305.681
305.708
305.735
305.76
305.786
305.81
305.834
305.857
305.879
305.9
305.92
305.939
305.956
305.972
305.986
305.999
306.009
306.018
306.024
306.027
306.028
306.025
306.019
306.01
305.996
305.978
305.955
305.926
305.89
305.848
305.797
305.738
305.667
305.586
305.491
305.383
305.262
301.855
301.886
301.918
301.95
301.983
302.016
302.049
302.082
302.115
302.149
302.182
302.216
302.25
302.283
302.317
302.351
302.384
302.418
302.451
302.484
302.517
302.55
302.583
302.616
302.648
302.68
302.712
302.744
302.776
302.808
302.839
302.87
302.901
302.932
302.963
302.994
303.024
303.055
303.085
303.115
303.145
303.175
303.205
303.234
303.264
303.293
303.323
303.352
303.381
303.41
303.439
303.468
303.497
303.526
303.555
303.584
303.612
303.641
303.67
303.699
303.727
303.756
303.784
303.813
303.842
303.87
303.899
303.927
303.956
303.985
304.013
304.042
304.071
304.099
304.128
304.157
304.186
304.214
304.243
304.272
304.301
304.33
304.359
304.388
304.417
304.446
304.476
304.505
304.534
304.564
304.593
304.623
304.652
304.682
304.711
304.741
304.771
304.801
304.831
304.861
304.891
304.921
304.951
304.981
305.011
305.041
305.071
305.102
305.132
305.162
305.192
305.222
305.252
305.282
305.312
305.342
305.372
305.402
305.431
305.461
305.49
305.518
305.547
305.575
305.603
305.631
305.657
305.684
305.71
305.735
305.759
305.783
305.806
305.827
305.848
305.867
305.885
305.902
305.917
305.93
305.941
305.95
305.957
305.961
305.962
305.96
305.955
305.946
305.933
305.915
305.892
305.864
305.829
305.788
305.738
305.679
305.611
305.531
305.44
305.337
305.222
301.793
301.823
301.852
301.883
301.913
301.944
301.975
302.006
302.037
302.069
302.101
302.133
302.165
302.197
302.229
302.261
302.293
302.325
302.357
302.389
302.421
302.453
302.485
302.517
302.548
302.58
302.611
302.642
302.674
302.705
302.736
302.766
302.797
302.828
302.858
302.888
302.919
302.949
302.979
303.009
303.039
303.068
303.098
303.128
303.157
303.187
303.216
303.245
303.274
303.304
303.333
303.362
303.391
303.42
303.449
303.478
303.506
303.535
303.564
303.593
303.622
303.65
303.679
303.708
303.737
303.766
303.794
303.823
303.852
303.881
303.91
303.939
303.968
303.996
304.025
304.054
304.083
304.113
304.142
304.171
304.2
304.229
304.259
304.288
304.318
304.347
304.377
304.406
304.436
304.466
304.496
304.525
304.555
304.585
304.615
304.645
304.676
304.706
304.736
304.767
304.797
304.827
304.858
304.888
304.919
304.95
304.98
305.011
305.041
305.072
305.103
305.133
305.164
305.194
305.225
305.255
305.286
305.316
305.346
305.376
305.405
305.435
305.464
305.493
305.521
305.549
305.577
305.604
305.63
305.656
305.681
305.705
305.728
305.751
305.772
305.792
305.811
305.828
305.844
305.857
305.869
305.879
305.886
305.891
305.893
305.892
305.887
305.879
305.867
305.85
305.828
305.8
305.766
305.725
305.677
305.62
305.553
305.477
305.389
305.291
305.182
301.732
301.759
301.787
301.815
301.844
301.873
301.902
301.931
301.961
301.991
302.021
302.051
302.081
302.111
302.142
302.172
302.203
302.234
302.265
302.295
302.326
302.357
302.388
302.418
302.449
302.48
302.51
302.541
302.571
302.601
302.632
302.662
302.692
302.722
302.752
302.782
302.812
302.842
302.872
302.901
302.931
302.96
302.99
303.019
303.049
303.078
303.107
303.136
303.166
303.195
303.224
303.253
303.282
303.311
303.34
303.369
303.398
303.427
303.456
303.484
303.513
303.542
303.571
303.6
303.629
303.658
303.687
303.716
303.745
303.774
303.803
303.832
303.861
303.89
303.92
303.949
303.978
304.007
304.037
304.066
304.096
304.125
304.155
304.185
304.214
304.244
304.274
304.304
304.334
304.364
304.394
304.425
304.455
304.485
304.516
304.546
304.577
304.607
304.638
304.669
304.699
304.73
304.761
304.792
304.823
304.854
304.885
304.916
304.947
304.979
305.01
305.041
305.072
305.103
305.134
305.165
305.195
305.226
305.257
305.287
305.317
305.347
305.377
305.406
305.435
305.464
305.492
305.519
305.546
305.573
305.599
305.623
305.647
305.67
305.692
305.713
305.733
305.75
305.767
305.781
305.794
305.804
305.812
305.818
305.821
305.82
305.816
305.809
305.797
305.781
305.76
305.733
305.7
305.661
305.614
305.559
305.495
305.421
305.337
305.244
305.141
301.671
301.696
301.722
301.749
301.776
301.803
301.83
301.857
301.885
301.913
301.941
301.97
301.998
302.027
302.056
302.085
302.114
302.144
302.173
302.202
302.232
302.262
302.291
302.321
302.35
302.38
302.41
302.439
302.469
302.498
302.528
302.558
302.587
302.617
302.646
302.676
302.705
302.734
302.764
302.793
302.822
302.851
302.881
302.91
302.939
302.968
302.997
303.026
303.055
303.084
303.113
303.142
303.171
303.2
303.229
303.258
303.287
303.316
303.345
303.374
303.403
303.431
303.46
303.489
303.519
303.548
303.577
303.606
303.635
303.664
303.693
303.723
303.752
303.781
303.811
303.84
303.87
303.899
303.929
303.959
303.988
304.018
304.048
304.078
304.108
304.138
304.168
304.199
304.229
304.259
304.29
304.32
304.351
304.382
304.412
304.443
304.474
304.505
304.536
304.567
304.599
304.63
304.661
304.692
304.724
304.755
304.787
304.818
304.85
304.881
304.913
304.944
304.976
305.007
305.039
305.07
305.102
305.133
305.164
305.195
305.225
305.256
305.286
305.316
305.345
305.374
305.403
305.431
305.459
305.486
305.512
305.538
305.563
305.586
305.609
305.63
305.65
305.669
305.686
305.701
305.715
305.726
305.735
305.741
305.745
305.745
305.742
305.736
305.725
305.71
305.69
305.664
305.633
305.594
305.549
305.496
305.435
305.364
305.285
305.197
305.1
301.61
301.634
301.658
301.683
301.708
301.733
301.759
301.785
301.811
301.837
301.864
301.89
301.917
301.945
301.972
302
302.027
302.055
302.083
302.111
302.139
302.168
302.196
302.224
302.253
302.282
302.31
302.339
302.368
302.396
302.425
302.454
302.483
302.511
302.54
302.569
302.598
302.627
302.655
302.684
302.713
302.742
302.771
302.799
302.828
302.857
302.886
302.915
302.943
302.972
303.001
303.03
303.059
303.087
303.116
303.145
303.174
303.203
303.232
303.261
303.29
303.319
303.348
303.377
303.406
303.435
303.464
303.493
303.523
303.552
303.581
303.611
303.64
303.67
303.699
303.729
303.759
303.788
303.818
303.848
303.878
303.908
303.938
303.968
303.999
304.029
304.06
304.09
304.121
304.151
304.182
304.213
304.244
304.275
304.306
304.337
304.369
304.4
304.431
304.463
304.494
304.526
304.558
304.589
304.621
304.653
304.685
304.717
304.749
304.781
304.813
304.845
304.877
304.909
304.94
304.972
305.004
305.036
305.067
305.098
305.13
305.161
305.191
305.222
305.252
305.281
305.311
305.34
305.368
305.395
305.422
305.448
305.474
305.498
305.521
305.543
305.564
305.584
305.601
305.617
305.632
305.644
305.653
305.661
305.665
305.666
305.664
305.659
305.649
305.635
305.616
305.592
305.562
305.526
305.483
305.432
305.373
305.307
305.232
305.148
305.057
301.55
301.572
301.595
301.618
301.642
301.665
301.689
301.713
301.738
301.763
301.788
301.813
301.838
301.864
301.89
301.916
301.942
301.968
301.995
302.022
302.049
302.076
302.103
302.13
302.157
302.185
302.212
302.24
302.268
302.295
302.323
302.351
302.379
302.407
302.435
302.463
302.491
302.519
302.548
302.576
302.604
302.632
302.661
302.689
302.717
302.746
302.774
302.803
302.831
302.86
302.888
302.917
302.945
302.974
303.003
303.031
303.06
303.089
303.118
303.147
303.176
303.204
303.233
303.262
303.292
303.321
303.35
303.379
303.408
303.438
303.467
303.497
303.526
303.556
303.586
303.615
303.645
303.675
303.705
303.735
303.765
303.796
303.826
303.856
303.887
303.918
303.948
303.979
304.01
304.041
304.072
304.103
304.134
304.166
304.197
304.229
304.26
304.292
304.324
304.355
304.387
304.419
304.451
304.483
304.516
304.548
304.58
304.612
304.645
304.677
304.709
304.742
304.774
304.806
304.839
304.871
304.903
304.935
304.967
304.999
305.031
305.062
305.093
305.124
305.155
305.185
305.215
305.244
305.273
305.301
305.328
305.355
305.381
305.406
305.43
305.453
305.474
305.494
305.513
305.53
305.545
305.557
305.568
305.576
305.581
305.584
305.583
305.578
305.57
305.557
305.54
305.517
305.489
305.454
305.414
305.366
305.311
305.248
305.177
305.098
305.013
301.491
301.512
301.533
301.555
301.576
301.599
301.621
301.644
301.667
301.69
301.713
301.737
301.761
301.785
301.809
301.834
301.859
301.884
301.909
301.934
301.96
301.986
302.011
302.037
302.064
302.09
302.116
302.143
302.169
302.196
302.223
302.25
302.277
302.304
302.331
302.359
302.386
302.413
302.441
302.468
302.496
302.524
302.551
302.579
302.607
302.635
302.663
302.691
302.719
302.747
302.776
302.804
302.832
302.86
302.889
302.917
302.946
302.974
303.003
303.032
303.061
303.089
303.118
303.147
303.176
303.205
303.234
303.264
303.293
303.322
303.352
303.381
303.411
303.441
303.47
303.5
303.53
303.56
303.59
303.621
303.651
303.681
303.712
303.742
303.773
303.804
303.835
303.866
303.897
303.928
303.959
303.991
304.022
304.054
304.086
304.117
304.149
304.181
304.213
304.245
304.278
304.31
304.342
304.375
304.407
304.44
304.472
304.505
304.538
304.57
304.603
304.636
304.669
304.701
304.734
304.767
304.799
304.832
304.864
304.896
304.928
304.96
304.992
305.023
305.054
305.085
305.115
305.145
305.174
305.203
305.231
305.258
305.285
305.31
305.335
305.358
305.38
305.401
305.42
305.438
305.454
305.467
305.479
305.488
305.494
305.497
305.498
305.494
305.487
305.476
305.46
305.439
305.413
305.381
305.342
305.297
305.246
305.186
305.12
305.047
304.966
301.433
301.452
301.472
301.492
301.513
301.533
301.554
301.576
301.597
301.619
301.641
301.663
301.686
301.708
301.731
301.754
301.778
301.802
301.825
301.849
301.874
301.898
301.923
301.947
301.972
301.997
302.023
302.048
302.074
302.099
302.125
302.151
302.177
302.203
302.23
302.256
302.282
302.309
302.336
302.363
302.39
302.417
302.444
302.471
302.498
302.525
302.553
302.58
302.608
302.636
302.663
302.691
302.719
302.747
302.775
302.803
302.832
302.86
302.888
302.917
302.945
302.974
303.003
303.032
303.06
303.089
303.119
303.148
303.177
303.206
303.236
303.265
303.295
303.324
303.354
303.384
303.414
303.444
303.474
303.505
303.535
303.566
303.596
303.627
303.658
303.689
303.72
303.751
303.782
303.814
303.845
303.877
303.908
303.94
303.972
304.004
304.036
304.069
304.101
304.133
304.166
304.198
304.231
304.264
304.296
304.329
304.362
304.395
304.428
304.461
304.494
304.527
304.56
304.593
304.626
304.659
304.692
304.725
304.758
304.79
304.823
304.855
304.887
304.919
304.95
304.981
305.012
305.042
305.072
305.101
305.13
305.158
305.185
305.211
305.236
305.26
305.283
305.304
305.324
305.342
305.359
305.373
305.386
305.396
305.403
305.407
305.409
305.407
305.401
305.391
305.377
305.358
305.333
305.304
305.268
305.226
305.178
305.123
305.061
304.993
304.918
301.376
301.394
301.413
301.432
301.451
301.47
301.49
301.51
301.53
301.55
301.571
301.592
301.613
301.634
301.656
301.678
301.7
301.722
301.744
301.767
301.79
301.813
301.837
301.86
301.884
301.908
301.932
301.956
301.98
302.005
302.03
302.055
302.08
302.105
302.13
302.156
302.181
302.207
302.233
302.259
302.285
302.311
302.338
302.364
302.391
302.418
302.444
302.471
302.498
302.526
302.553
302.58
302.608
302.635
302.663
302.691
302.719
302.747
302.775
302.803
302.831
302.859
302.888
302.916
302.945
302.974
303.003
303.032
303.061
303.09
303.12
303.149
303.178
303.208
303.238
303.268
303.298
303.328
303.358
303.388
303.419
303.449
303.48
303.511
303.542
303.573
303.604
303.635
303.667
303.698
303.73
303.762
303.793
303.825
303.857
303.89
303.922
303.954
303.987
304.02
304.052
304.085
304.118
304.151
304.184
304.217
304.25
304.283
304.317
304.35
304.383
304.417
304.45
304.483
304.517
304.55
304.583
304.616
304.649
304.682
304.715
304.747
304.78
304.812
304.844
304.875
304.906
304.937
304.967
304.996
305.025
305.054
305.081
305.108
305.133
305.158
305.181
305.203
305.224
305.243
305.26
305.275
305.288
305.299
305.308
305.313
305.316
305.315
305.311
305.302
305.29
305.273
305.251
305.224
305.191
305.153
305.108
305.057
305
304.937
304.867
301.321
301.338
301.355
301.373
301.391
301.409
301.427
301.446
301.465
301.484
301.503
301.523
301.543
301.563
301.583
301.604
301.624
301.645
301.667
301.688
301.71
301.732
301.754
301.776
301.799
301.821
301.844
301.867
301.891
301.914
301.938
301.962
301.986
302.01
302.034
302.059
302.083
302.108
302.133
302.158
302.184
302.209
302.235
302.261
302.286
302.312
302.339
302.365
302.391
302.418
302.444
302.471
302.498
302.525
302.552
302.58
302.607
302.635
302.662
302.69
302.718
302.746
302.774
302.803
302.831
302.86
302.888
302.917
302.946
302.975
303.004
303.033
303.063
303.092
303.122
303.152
303.182
303.212
303.242
303.272
303.303
303.333
303.364
303.395
303.426
303.457
303.488
303.519
303.551
303.582
303.614
303.646
303.678
303.71
303.742
303.774
303.807
303.839
303.872
303.905
303.938
303.971
304.004
304.037
304.07
304.103
304.137
304.17
304.204
304.237
304.271
304.304
304.338
304.371
304.405
304.438
304.472
304.505
304.538
304.571
304.604
304.637
304.67
304.702
304.734
304.766
304.797
304.828
304.859
304.889
304.918
304.946
304.974
305.001
305.027
305.052
305.076
305.099
305.12
305.14
305.157
305.174
305.188
305.199
305.209
305.215
305.219
305.219
305.217
305.21
305.199
305.184
305.165
305.14
305.111
305.076
305.035
304.988
304.936
304.877
304.813
301.268
301.284
301.3
301.316
301.333
301.35
301.367
301.385
301.402
301.42
301.438
301.457
301.475
301.494
301.513
301.533
301.552
301.572
301.592
301.612
301.633
301.654
301.675
301.696
301.717
301.739
301.76
301.782
301.805
301.827
301.85
301.872
301.895
301.919
301.942
301.965
301.989
302.013
302.037
302.061
302.086
302.11
302.135
302.16
302.185
302.21
302.236
302.261
302.287
302.313
302.339
302.365
302.392
302.418
302.445
302.472
302.498
302.526
302.553
302.58
302.608
302.635
302.663
302.691
302.719
302.747
302.776
302.804
302.833
302.862
302.89
302.92
302.949
302.978
303.008
303.037
303.067
303.097
303.127
303.157
303.188
303.218
303.249
303.279
303.31
303.341
303.373
303.404
303.435
303.467
303.499
303.531
303.563
303.595
303.627
303.659
303.692
303.725
303.757
303.79
303.823
303.856
303.889
303.923
303.956
303.989
304.023
304.056
304.09
304.124
304.157
304.191
304.225
304.258
304.292
304.326
304.359
304.393
304.426
304.459
304.492
304.525
304.558
304.591
304.623
304.655
304.686
304.717
304.748
304.778
304.808
304.837
304.865
304.892
304.918
304.944
304.968
304.991
305.013
305.033
305.051
305.068
305.083
305.095
305.106
305.113
305.118
305.12
305.119
305.114
305.105
305.092
305.075
305.053
305.027
304.995
304.958
304.915
304.868
304.814
304.755
301.217
301.232
301.247
301.262
301.278
301.294
301.31
301.326
301.343
301.36
301.377
301.394
301.411
301.429
301.447
301.465
301.484
301.503
301.521
301.541
301.56
301.58
301.599
301.619
301.64
301.66
301.681
301.702
301.723
301.744
301.766
301.787
301.809
301.832
301.854
301.876
301.899
301.922
301.945
301.969
301.992
302.016
302.04
302.064
302.088
302.113
302.137
302.162
302.187
302.212
302.238
302.263
302.289
302.315
302.341
302.367
302.393
302.42
302.446
302.473
302.5
302.528
302.555
302.582
302.61
302.638
302.666
302.694
302.722
302.751
302.779
302.808
302.837
302.866
302.896
302.925
302.955
302.984
303.014
303.044
303.074
303.105
303.135
303.166
303.197
303.228
303.259
303.29
303.321
303.353
303.385
303.417
303.448
303.481
303.513
303.545
303.578
303.61
303.643
303.676
303.709
303.742
303.775
303.809
303.842
303.875
303.909
303.942
303.976
304.01
304.043
304.077
304.111
304.145
304.178
304.212
304.246
304.279
304.313
304.346
304.379
304.412
304.445
304.478
304.51
304.542
304.573
304.605
304.635
304.666
304.695
304.724
304.753
304.78
304.807
304.832
304.857
304.88
304.902
304.923
304.942
304.959
304.975
304.988
304.999
305.008
305.014
305.017
305.017
305.014
305.007
304.996
304.981
304.962
304.939
304.91
304.877
304.839
304.796
304.747
304.694
301.168
301.182
301.196
301.211
301.225
301.24
301.256
301.271
301.287
301.302
301.318
301.335
301.351
301.368
301.385
301.402
301.419
301.437
301.455
301.473
301.491
301.51
301.528
301.547
301.567
301.586
301.606
301.625
301.646
301.666
301.686
301.707
301.728
301.749
301.771
301.792
301.814
301.836
301.858
301.881
301.903
301.926
301.949
301.972
301.996
302.02
302.043
302.067
302.092
302.116
302.141
302.166
302.191
302.216
302.241
302.267
302.292
302.318
302.344
302.371
302.397
302.424
302.451
302.478
302.505
302.532
302.56
302.588
302.616
302.644
302.672
302.7
302.729
302.758
302.787
302.816
302.845
302.875
302.904
302.934
302.964
302.994
303.025
303.055
303.086
303.117
303.147
303.179
303.21
303.241
303.273
303.305
303.336
303.368
303.401
303.433
303.465
303.498
303.531
303.563
303.596
303.629
303.662
303.696
303.729
303.762
303.796
303.829
303.863
303.897
303.93
303.964
303.998
304.031
304.065
304.099
304.132
304.166
304.199
304.232
304.265
304.298
304.331
304.364
304.396
304.428
304.459
304.491
304.521
304.551
304.581
304.61
304.639
304.666
304.693
304.719
304.743
304.767
304.789
304.81
304.83
304.847
304.863
304.877
304.889
304.899
304.906
304.91
304.912
304.91
304.905
304.896
304.884
304.867
304.847
304.822
304.792
304.758
304.719
304.676
304.627
301.122
301.135
301.149
301.162
301.176
301.19
301.205
301.219
301.234
301.249
301.264
301.279
301.295
301.31
301.326
301.342
301.359
301.376
301.392
301.409
301.427
301.444
301.462
301.48
301.498
301.517
301.535
301.554
301.573
301.593
301.612
301.632
301.652
301.672
301.693
301.713
301.734
301.755
301.777
301.798
301.82
301.842
301.864
301.886
301.909
301.932
301.955
301.978
302.002
302.025
302.049
302.073
302.098
302.122
302.147
302.172
302.197
302.222
302.248
302.273
302.299
302.325
302.352
302.378
302.405
302.432
302.459
302.486
302.514
302.541
302.569
302.597
302.625
302.654
302.682
302.711
302.74
302.769
302.799
302.828
302.858
302.888
302.918
302.948
302.978
303.009
303.04
303.071
303.102
303.133
303.164
303.196
303.227
303.259
303.291
303.323
303.356
303.388
303.421
303.453
303.486
303.519
303.552
303.585
303.618
303.651
303.685
303.718
303.751
303.785
303.818
303.852
303.885
303.919
303.952
303.986
304.019
304.053
304.086
304.119
304.152
304.185
304.217
304.25
304.282
304.313
304.345
304.376
304.406
304.436
304.466
304.495
304.523
304.551
304.577
304.603
304.628
304.651
304.674
304.695
304.715
304.733
304.749
304.764
304.776
304.787
304.795
304.8
304.803
304.803
304.799
304.793
304.783
304.769
304.751
304.729
304.703
304.673
304.639
304.6
304.556
301.079
301.092
301.105
301.117
301.13
301.144
301.157
301.171
301.185
301.199
301.213
301.227
301.242
301.257
301.272
301.287
301.303
301.319
301.335
301.351
301.367
301.384
301.401
301.418
301.435
301.453
301.47
301.488
301.507
301.525
301.544
301.562
301.582
301.601
301.62
301.64
301.66
301.68
301.701
301.722
301.743
301.764
301.785
301.807
301.828
301.85
301.873
301.895
301.918
301.941
301.964
301.987
302.011
302.035
302.059
302.083
302.107
302.132
302.157
302.182
302.207
302.233
302.259
302.284
302.311
302.337
302.364
302.39
302.417
302.444
302.472
302.499
302.527
302.555
302.583
302.612
302.64
302.669
302.698
302.727
302.757
302.786
302.816
302.846
302.876
302.906
302.936
302.967
302.998
303.029
303.06
303.091
303.123
303.154
303.186
303.218
303.25
303.282
303.314
303.347
303.379
303.412
303.444
303.477
303.51
303.543
303.576
303.609
303.642
303.676
303.709
303.742
303.775
303.809
303.842
303.875
303.908
303.941
303.974
304.007
304.039
304.072
304.104
304.136
304.168
304.199
304.23
304.261
304.291
304.321
304.35
304.379
304.407
304.434
304.461
304.486
304.511
304.534
304.557
304.578
304.598
304.616
304.633
304.648
304.661
304.672
304.681
304.687
304.691
304.692
304.69
304.686
304.678
304.666
304.652
304.633
304.611
304.584
304.554
304.519
304.481
301.04
301.052
301.064
301.076
301.088
301.101
301.114
301.127
301.14
301.153
301.167
301.18
301.194
301.208
301.223
301.237
301.252
301.267
301.282
301.297
301.313
301.329
301.345
301.361
301.377
301.394
301.411
301.428
301.446
301.463
301.481
301.499
301.517
301.536
301.554
301.573
301.593
301.612
301.632
301.652
301.672
301.692
301.713
301.733
301.754
301.776
301.797
301.819
301.841
301.863
301.885
301.908
301.931
301.954
301.977
302.001
302.025
302.049
302.073
302.097
302.122
302.147
302.172
302.197
302.223
302.249
302.275
302.301
302.327
302.354
302.381
302.408
302.435
302.463
302.491
302.519
302.547
302.575
302.604
302.632
302.661
302.69
302.72
302.749
302.779
302.809
302.839
302.869
302.899
302.93
302.961
302.992
303.023
303.054
303.085
303.117
303.149
303.18
303.212
303.244
303.277
303.309
303.341
303.374
303.406
303.439
303.472
303.504
303.537
303.57
303.603
303.636
303.668
303.701
303.734
303.767
303.8
303.832
303.865
303.897
303.929
303.961
303.993
304.024
304.056
304.086
304.117
304.147
304.177
304.206
304.235
304.263
304.291
304.318
304.344
304.369
304.393
304.417
304.439
304.46
304.48
304.498
304.515
304.53
304.544
304.555
304.565
304.572
304.577
304.579
304.579
304.576
304.57
304.561
304.549
304.533
304.514
304.491
304.465
304.434
304.4
301.005
301.016
301.027
301.039
301.05
301.062
301.074
301.087
301.099
301.112
301.125
301.138
301.151
301.164
301.178
301.192
301.206
301.22
301.235
301.249
301.264
301.279
301.294
301.31
301.326
301.342
301.358
301.374
301.391
301.408
301.425
301.442
301.459
301.477
301.495
301.513
301.532
301.55
301.569
301.588
301.608
301.627
301.647
301.667
301.687
301.708
301.729
301.75
301.771
301.792
301.814
301.836
301.858
301.881
301.903
301.926
301.949
301.973
301.996
302.02
302.044
302.069
302.093
302.118
302.143
302.168
302.194
302.219
302.245
302.271
302.298
302.324
302.351
302.378
302.405
302.433
302.46
302.488
302.516
302.544
302.573
302.602
302.63
302.66
302.689
302.718
302.748
302.778
302.808
302.838
302.868
302.899
302.929
302.96
302.991
303.022
303.053
303.085
303.116
303.148
303.179
303.211
303.243
303.275
303.307
303.339
303.372
303.404
303.436
303.469
303.501
303.533
303.566
303.598
303.63
303.662
303.694
303.726
303.758
303.79
303.822
303.853
303.884
303.915
303.946
303.976
304.006
304.036
304.065
304.093
304.122
304.149
304.176
304.202
304.228
304.253
304.277
304.3
304.321
304.342
304.362
304.38
304.397
304.412
304.426
304.438
304.448
304.455
304.461
304.465
304.466
304.464
304.46
304.453
304.443
304.43
304.414
304.395
304.372
304.346
304.316
300.973
300.983
300.994
301.005
301.017
301.028
301.039
301.051
301.063
301.075
301.087
301.1
301.113
301.125
301.138
301.152
301.165
301.179
301.193
301.207
301.221
301.235
301.25
301.265
301.28
301.295
301.311
301.326
301.342
301.358
301.375
301.391
301.408
301.425
301.443
301.46
301.478
301.496
301.514
301.532
301.551
301.57
301.589
301.609
301.628
301.648
301.668
301.689
301.709
301.73
301.751
301.772
301.794
301.816
301.838
301.86
301.882
301.905
301.928
301.951
301.975
301.999
302.022
302.047
302.071
302.096
302.121
302.146
302.171
302.197
302.222
302.248
302.275
302.301
302.328
302.355
302.382
302.409
302.437
302.465
302.493
302.521
302.549
302.578
302.606
302.635
302.664
302.694
302.723
302.753
302.783
302.813
302.843
302.873
302.904
302.934
302.965
302.996
303.027
303.058
303.089
303.12
303.152
303.183
303.215
303.246
303.278
303.309
303.341
303.373
303.405
303.436
303.468
303.5
303.531
303.563
303.594
303.625
303.657
303.688
303.718
303.749
303.779
303.809
303.839
303.869
303.898
303.927
303.955
303.983
304.011
304.037
304.064
304.089
304.114
304.138
304.162
304.184
304.205
304.226
304.245
304.263
304.279
304.295
304.308
304.32
304.331
304.339
304.346
304.35
304.352
304.352
304.349
304.344
304.337
304.326
304.313
304.296
304.277
304.255
304.229
300.945
300.956
300.966
300.977
300.987
300.998
301.009
301.021
301.032
301.044
301.055
301.067
301.08
301.092
301.104
301.117
301.13
301.143
301.156
301.17
301.184
301.197
301.212
301.226
301.24
301.255
301.27
301.285
301.301
301.316
301.332
301.348
301.364
301.381
301.397
301.414
301.431
301.449
301.466
301.484
301.502
301.521
301.539
301.558
301.577
301.596
301.616
301.635
301.655
301.676
301.696
301.717
301.738
301.759
301.78
301.802
301.824
301.846
301.869
301.891
301.914
301.937
301.961
301.984
302.008
302.032
302.056
302.081
302.106
302.131
302.156
302.182
302.207
302.233
302.259
302.286
302.312
302.339
302.366
302.393
302.421
302.449
302.476
302.504
302.533
302.561
302.59
302.618
302.647
302.676
302.706
302.735
302.765
302.794
302.824
302.854
302.884
302.915
302.945
302.975
303.006
303.037
303.067
303.098
303.129
303.16
303.191
303.222
303.253
303.284
303.315
303.346
303.377
303.408
303.438
303.469
303.5
303.53
303.56
303.59
303.62
303.65
303.68
303.709
303.738
303.766
303.795
303.823
303.85
303.877
303.904
303.93
303.955
303.98
304.004
304.027
304.05
304.071
304.092
304.112
304.131
304.148
304.164
304.179
304.193
304.205
304.215
304.224
304.231
304.236
304.239
304.241
304.239
304.236
304.23
304.222
304.211
304.197
304.181
304.162
304.14
300.922
300.932
300.942
300.952
300.963
300.973
300.984
300.995
301.006
301.017
301.028
301.04
301.052
301.064
301.076
301.088
301.101
301.113
301.126
301.139
301.152
301.166
301.179
301.193
301.207
301.222
301.236
301.251
301.266
301.281
301.296
301.311
301.327
301.343
301.359
301.376
301.392
301.409
301.426
301.444
301.461
301.479
301.497
301.515
301.534
301.553
301.572
301.591
301.61
301.63
301.65
301.67
301.69
301.711
301.732
301.753
301.775
301.796
301.818
301.84
301.863
301.885
301.908
301.931
301.954
301.978
302.002
302.026
302.05
302.075
302.099
302.124
302.149
302.175
302.201
302.226
302.252
302.279
302.305
302.332
302.359
302.386
302.413
302.441
302.468
302.496
302.524
302.552
302.581
302.609
302.638
302.667
302.696
302.725
302.754
302.783
302.813
302.842
302.872
302.902
302.932
302.962
302.992
303.022
303.052
303.082
303.112
303.142
303.173
303.203
303.233
303.263
303.293
303.323
303.353
303.383
303.412
303.442
303.471
303.5
303.529
303.558
303.587
303.615
303.643
303.67
303.698
303.725
303.751
303.777
303.803
303.828
303.852
303.876
303.899
303.921
303.943
303.964
303.984
304.003
304.021
304.038
304.054
304.069
304.082
304.094
304.104
304.113
304.121
304.126
304.13
304.132
304.132
304.13
304.126
304.119
304.111
304.099
304.086
304.07
304.051
300.903
300.913
300.923
300.933
300.943
300.953
300.964
300.974
300.985
300.996
301.007
301.018
301.029
301.041
301.053
301.065
301.077
301.089
301.102
301.114
301.127
301.14
301.154
301.167
301.181
301.195
301.209
301.223
301.238
301.252
301.267
301.282
301.298
301.313
301.329
301.345
301.361
301.378
301.394
301.411
301.428
301.446
301.463
301.481
301.499
301.517
301.536
301.555
301.574
301.593
301.613
301.632
301.652
301.672
301.693
301.714
301.735
301.756
301.777
301.799
301.821
301.843
301.865
301.888
301.911
301.934
301.957
301.981
302.004
302.028
302.053
302.077
302.102
302.127
302.152
302.177
302.203
302.228
302.254
302.28
302.307
302.333
302.36
302.387
302.414
302.441
302.469
302.496
302.524
302.552
302.58
302.608
302.637
302.665
302.694
302.722
302.751
302.78
302.809
302.838
302.867
302.896
302.926
302.955
302.984
303.013
303.043
303.072
303.102
303.131
303.16
303.189
303.218
303.247
303.276
303.305
303.334
303.362
303.391
303.419
303.447
303.475
303.502
303.529
303.556
303.583
303.609
303.635
303.66
303.685
303.71
303.734
303.757
303.78
303.802
303.824
303.844
303.864
303.883
303.902
303.919
303.935
303.951
303.965
303.978
303.989
304
304.009
304.016
304.022
304.027
304.029
304.03
304.029
304.026
304.022
304.015
304.006
303.995
303.981
303.966
300.889
300.899
300.908
300.918
300.928
300.938
300.948
300.958
300.969
300.98
300.99
301.001
301.013
301.024
301.035
301.047
301.059
301.071
301.083
301.096
301.108
301.121
301.134
301.147
301.161
301.174
301.188
301.202
301.216
301.231
301.245
301.26
301.275
301.29
301.306
301.322
301.337
301.354
301.37
301.387
301.403
301.42
301.438
301.455
301.473
301.491
301.509
301.527
301.546
301.565
301.584
301.603
301.623
301.643
301.663
301.683
301.704
301.725
301.746
301.767
301.788
301.81
301.832
301.854
301.877
301.899
301.922
301.945
301.969
301.992
302.016
302.04
302.064
302.089
302.113
302.138
302.163
302.188
302.214
302.24
302.265
302.291
302.318
302.344
302.371
302.397
302.424
302.451
302.478
302.506
302.533
302.561
302.588
302.616
302.644
302.672
302.7
302.728
302.757
302.785
302.813
302.842
302.87
302.899
302.927
302.956
302.984
303.013
303.041
303.07
303.098
303.126
303.155
303.183
303.211
303.238
303.266
303.294
303.321
303.348
303.375
303.402
303.428
303.455
303.48
303.506
303.531
303.556
303.58
303.604
303.628
303.65
303.673
303.695
303.716
303.736
303.756
303.775
303.794
303.811
303.828
303.843
303.858
303.872
303.884
303.896
303.906
303.915
303.922
303.928
303.933
303.936
303.938
303.938
303.936
303.932
303.927
303.92
303.911
303.9
303.886
300.879
300.889
300.898
300.908
300.917
300.927
300.937
300.948
300.958
300.968
300.979
300.99
301.001
301.012
301.023
301.035
301.047
301.059
301.071
301.083
301.095
301.108
301.121
301.134
301.147
301.16
301.174
301.188
301.202
301.216
301.23
301.245
301.26
301.275
301.29
301.305
301.321
301.337
301.353
301.369
301.386
301.403
301.42
301.437
301.454
301.472
301.49
301.508
301.527
301.545
301.564
301.583
301.602
301.622
301.642
301.662
301.682
301.703
301.723
301.744
301.765
301.787
301.808
301.83
301.852
301.875
301.897
301.92
301.943
301.966
301.99
302.013
302.037
302.061
302.085
302.11
302.134
302.159
302.184
302.21
302.235
302.26
302.286
302.312
302.338
302.364
302.391
302.417
302.444
302.471
302.497
302.524
302.552
302.579
302.606
302.633
302.661
302.688
302.716
302.744
302.771
302.799
302.827
302.855
302.882
302.91
302.938
302.966
302.993
303.021
303.048
303.076
303.103
303.131
303.158
303.185
303.211
303.238
303.265
303.291
303.317
303.343
303.368
303.393
303.418
303.443
303.467
303.491
303.514
303.537
303.559
303.581
303.603
303.624
303.644
303.664
303.683
303.701
303.718
303.735
303.751
303.766
303.78
303.793
303.805
303.816
303.826
303.835
303.842
303.849
303.853
303.857
303.859
303.86
303.859
303.856
303.852
303.846
303.838
303.829
303.818
300.874
300.883
300.892
300.902
300.911
300.921
300.931
300.941
300.951
300.962
300.972
300.983
300.994
301.005
301.016
301.028
301.039
301.051
301.063
301.075
301.088
301.1
301.113
301.126
301.139
301.152
301.166
301.179
301.193
301.207
301.221
301.236
301.251
301.265
301.281
301.296
301.311
301.327
301.343
301.359
301.376
301.392
301.409
301.426
301.444
301.461
301.479
301.497
301.515
301.533
301.552
301.571
301.59
301.609
301.629
301.649
301.669
301.689
301.71
301.73
301.751
301.773
301.794
301.816
301.837
301.86
301.882
301.904
301.927
301.95
301.973
301.996
302.02
302.044
302.068
302.092
302.116
302.141
302.165
302.19
302.215
302.24
302.266
302.291
302.317
302.343
302.369
302.395
302.421
302.447
302.474
302.5
302.527
302.553
302.58
302.607
302.634
302.661
302.688
302.715
302.742
302.77
302.797
302.824
302.851
302.878
302.905
302.932
302.959
302.986
303.013
303.04
303.067
303.093
303.12
303.146
303.172
303.198
303.224
303.249
303.275
303.3
303.324
303.349
303.373
303.397
303.42
303.443
303.466
303.488
303.509
303.531
303.551
303.571
303.591
303.61
303.628
303.646
303.662
303.679
303.694
303.708
303.722
303.734
303.746
303.757
303.766
303.775
303.782
303.789
303.794
303.797
303.8
303.801
303.8
303.798
303.795
303.79
303.784
303.775
303.766
300.871
300.88
300.89
300.899
300.909
300.918
300.928
300.938
300.949
300.959
300.97
300.98
300.991
301.002
301.013
301.025
301.036
301.048
301.06
301.072
301.084
301.097
301.11
301.122
301.135
301.149
301.162
301.176
301.189
301.203
301.218
301.232
301.247
301.262
301.277
301.292
301.307
301.323
301.339
301.355
301.371
301.388
301.405
301.422
301.439
301.456
301.474
301.492
301.51
301.528
301.547
301.566
301.585
301.604
301.624
301.643
301.663
301.683
301.704
301.724
301.745
301.766
301.788
301.809
301.831
301.853
301.875
301.897
301.92
301.943
301.966
301.989
302.012
302.036
302.059
302.083
302.108
302.132
302.156
302.181
302.206
302.231
302.256
302.281
302.307
302.332
302.358
302.384
302.41
302.436
302.462
302.488
302.514
302.541
302.567
302.594
302.62
302.647
302.674
302.701
302.727
302.754
302.781
302.808
302.835
302.862
302.888
302.915
302.942
302.968
302.995
303.021
303.047
303.074
303.1
303.125
303.151
303.177
303.202
303.227
303.252
303.276
303.301
303.324
303.348
303.371
303.394
303.417
303.439
303.461
303.482
303.503
303.523
303.543
303.562
303.58
303.598
303.615
303.631
303.647
303.662
303.676
303.689
303.702
303.713
303.723
303.733
303.741
303.749
303.755
303.76
303.764
303.766
303.767
303.767
303.766
303.763
303.758
303.752
303.745
303.736
305.204
304.654
304.233
303.88
303.574
303.304
303.062
302.842
302.642
302.457
302.287
302.127
301.979
301.84
301.709
301.586
301.47
301.36
301.257
301.16
301.068
300.982
300.901
300.824
300.753
300.686
300.623
300.565
300.511
300.46
300.414
300.371
300.331
300.295
300.262
300.232
300.204
300.18
300.157
300.137
300.12
300.104
300.09
300.078
300.067
300.058
300.051
300.044
300.04
300.036
300.035
305.202
304.654
304.233
303.88
303.574
303.304
303.062
302.842
302.642
302.457
302.287
302.128
301.979
301.84
301.709
301.586
301.47
301.36
301.257
301.16
301.068
300.982
300.901
300.824
300.753
300.686
300.623
300.565
300.511
300.46
300.414
300.371
300.331
300.295
300.262
300.232
300.204
300.18
300.157
300.137
300.12
300.104
300.09
300.078
300.067
300.058
300.051
300.044
300.04
300.037
300.035
305.199
304.653
304.232
303.88
303.574
303.304
303.062
302.842
302.642
302.458
302.287
302.128
301.979
301.84
301.709
301.586
301.47
301.36
301.257
301.16
301.068
300.982
300.901
300.824
300.753
300.686
300.623
300.565
300.511
300.46
300.414
300.371
300.331
300.295
300.262
300.232
300.204
300.18
300.157
300.137
300.12
300.104
300.09
300.078
300.067
300.058
300.051
300.044
300.04
300.037
300.035
305.193
304.652
304.232
303.88
303.574
303.304
303.062
302.843
302.642
302.458
302.287
302.128
301.979
301.84
301.709
301.586
301.47
301.361
301.257
301.16
301.069
300.982
300.901
300.825
300.753
300.686
300.624
300.565
300.511
300.461
300.414
300.371
300.331
300.295
300.262
300.232
300.204
300.18
300.157
300.137
300.12
300.104
300.09
300.078
300.067
300.058
300.051
300.044
300.04
300.037
300.035
305.186
304.65
304.231
303.88
303.574
303.304
303.062
302.843
302.643
302.458
302.287
302.128
301.98
301.84
301.71
301.586
301.47
301.361
301.258
301.161
301.069
300.983
300.901
300.825
300.753
300.686
300.624
300.565
300.511
300.461
300.414
300.371
300.332
300.295
300.262
300.232
300.205
300.18
300.158
300.138
300.12
300.104
300.09
300.078
300.067
300.058
300.051
300.044
300.04
300.037
300.035
305.177
304.647
304.23
303.879
303.574
303.304
303.062
302.843
302.643
302.459
302.288
302.129
301.98
301.841
301.71
301.587
301.471
301.362
301.258
301.161
301.069
300.983
300.902
300.825
300.754
300.687
300.624
300.566
300.511
300.461
300.414
300.371
300.332
300.296
300.262
300.232
300.205
300.18
300.158
300.138
300.12
300.104
300.09
300.078
300.067
300.058
300.051
300.044
300.04
300.037
300.035
305.166
304.644
304.229
303.879
303.574
303.305
303.063
302.844
302.644
302.46
302.289
302.13
301.981
301.842
301.711
301.588
301.472
301.362
301.259
301.162
301.07
300.984
300.902
300.826
300.754
300.687
300.625
300.566
300.512
300.461
300.415
300.372
300.332
300.296
300.263
300.232
300.205
300.18
300.158
300.138
300.12
300.104
300.09
300.078
300.067
300.058
300.051
300.045
300.04
300.037
300.035
305.153
304.641
304.228
303.879
303.575
303.305
303.064
302.845
302.645
302.461
302.29
302.131
301.982
301.843
301.712
301.589
301.473
301.363
301.26
301.163
301.071
300.984
300.903
300.827
300.755
300.688
300.625
300.567
300.512
300.462
300.415
300.372
300.333
300.296
300.263
300.233
300.205
300.18
300.158
300.138
300.12
300.104
300.09
300.078
300.067
300.058
300.051
300.045
300.04
300.037
300.035
305.138
304.636
304.227
303.879
303.575
303.306
303.065
302.846
302.647
302.462
302.292
302.133
301.984
301.845
301.714
301.59
301.474
301.365
301.261
301.164
301.072
300.986
300.904
300.828
300.756
300.689
300.626
300.567
300.513
300.463
300.416
300.373
300.333
300.297
300.263
300.233
300.206
300.181
300.158
300.138
300.12
300.104
300.09
300.078
300.068
300.058
300.051
300.045
300.04
300.037
300.035
305.121
304.631
304.225
303.879
303.576
303.308
303.067
302.848
302.648
302.464
302.294
302.135
301.986
301.847
301.716
301.592
301.476
301.366
301.263
301.165
301.074
300.987
300.905
300.829
300.757
300.69
300.627
300.568
300.514
300.463
300.416
300.373
300.334
300.297
300.264
300.233
300.206
300.181
300.159
300.138
300.121
300.105
300.091
300.078
300.068
300.059
300.051
300.045
300.04
300.037
300.035
305.103
304.625
304.223
303.879
303.577
303.31
303.069
302.851
302.651
302.467
302.296
302.137
301.988
301.849
301.718
301.594
301.478
301.368
301.265
301.167
301.075
300.989
300.907
300.83
300.758
300.691
300.628
300.569
300.515
300.464
300.417
300.374
300.334
300.298
300.264
300.234
300.206
300.181
300.159
300.139
300.121
300.105
300.091
300.078
300.068
300.059
300.051
300.045
300.04
300.037
300.035
305.084
304.618
304.222
303.879
303.579
303.312
303.072
302.854
302.654
302.47
302.299
302.14
301.992
301.852
301.721
301.597
301.481
301.371
301.267
301.17
301.077
300.991
300.909
300.832
300.76
300.693
300.63
300.571
300.516
300.465
300.418
300.375
300.335
300.298
300.265
300.235
300.207
300.182
300.159
300.139
300.121
300.105
300.091
300.079
300.068
300.059
300.051
300.045
300.04
300.037
300.035
305.063
304.611
304.22
303.88
303.581
303.315
303.075
302.858
302.658
302.474
302.303
302.144
301.995
301.856
301.724
301.601
301.484
301.374
301.27
301.172
301.08
300.993
300.911
300.834
300.762
300.694
300.631
300.572
300.518
300.467
300.42
300.376
300.336
300.299
300.266
300.235
300.208
300.182
300.16
300.14
300.122
300.106
300.091
300.079
300.068
300.059
300.051
300.045
300.04
300.037
300.035
305.041
304.603
304.218
303.882
303.584
303.319
303.08
302.863
302.663
302.479
302.308
302.149
302
301.86
301.729
301.605
301.488
301.378
301.274
301.176
301.083
300.996
300.914
300.837
300.764
300.697
300.633
300.574
300.519
300.468
300.421
300.377
300.337
300.3
300.267
300.236
300.208
300.183
300.16
300.14
300.122
300.106
300.092
300.079
300.068
300.059
300.052
300.045
300.04
300.037
300.035
305.017
304.594
304.217
303.884
303.588
303.324
303.086
302.868
302.669
302.485
302.314
302.155
302.006
301.866
301.734
301.61
301.493
301.382
301.278
301.18
301.087
301
300.917
300.84
300.767
300.699
300.636
300.576
300.521
300.47
300.423
300.379
300.339
300.302
300.268
300.237
300.209
300.184
300.161
300.141
300.123
300.106
300.092
300.08
300.069
300.06
300.052
300.045
300.041
300.037
300.035
304.993
304.585
304.215
303.886
303.593
303.33
303.092
302.876
302.677
302.493
302.322
302.162
302.013
301.872
301.74
301.616
301.499
301.388
301.283
301.185
301.091
301.004
300.921
300.843
300.771
300.702
300.639
300.579
300.524
300.472
300.425
300.381
300.34
300.303
300.269
300.238
300.21
300.185
300.162
300.141
300.123
300.107
300.093
300.08
300.069
300.06
300.052
300.046
300.041
300.037
300.036
304.968
304.575
304.214
303.889
303.599
303.337
303.1
302.884
302.685
302.501
302.33
302.17
302.021
301.88
301.748
301.623
301.505
301.394
301.289
301.19
301.097
301.008
300.926
300.848
300.774
300.706
300.642
300.582
300.526
300.475
300.427
300.383
300.342
300.305
300.271
300.239
300.211
300.186
300.163
300.142
300.124
300.107
300.093
300.08
300.069
300.06
300.052
300.046
300.041
300.037
300.036
304.942
304.565
304.213
303.893
303.606
303.346
303.11
302.894
302.695
302.511
302.34
302.18
302.03
301.889
301.756
301.631
301.513
301.401
301.296
301.197
301.103
301.014
300.931
300.852
300.779
300.71
300.646
300.585
300.529
300.477
300.429
300.385
300.344
300.306
300.272
300.241
300.212
300.187
300.164
300.143
300.125
300.108
300.094
300.081
300.07
300.06
300.053
300.046
300.041
300.038
300.036
304.914
304.555
304.212
303.898
303.614
303.356
303.121
302.906
302.707
302.523
302.352
302.191
302.041
301.9
301.766
301.641
301.522
301.41
301.304
301.204
301.11
301.021
300.937
300.858
300.784
300.715
300.65
300.589
300.533
300.481
300.432
300.387
300.346
300.308
300.274
300.242
300.214
300.188
300.165
300.144
300.125
300.109
300.094
300.081
300.07
300.061
300.053
300.046
300.041
300.038
300.036
304.885
304.543
304.211
303.904
303.623
303.368
303.134
302.919
302.721
302.537
302.365
302.204
302.054
301.912
301.778
301.652
301.533
301.42
301.313
301.213
301.118
301.028
300.944
300.865
300.79
300.72
300.655
300.594
300.537
300.484
300.435
300.39
300.349
300.311
300.276
300.244
300.216
300.189
300.166
300.145
300.126
300.11
300.095
300.082
300.071
300.061
300.053
300.047
300.042
300.038
300.036
304.855
304.53
304.21
303.91
303.634
303.381
303.149
302.935
302.737
302.552
302.38
302.219
302.068
301.926
301.791
301.664
301.545
301.431
301.324
301.223
301.127
301.037
300.952
300.872
300.797
300.726
300.661
300.599
300.542
300.488
300.439
300.394
300.352
300.313
300.278
300.246
300.217
300.191
300.167
300.146
300.127
300.111
300.096
300.083
300.071
300.062
300.054
300.047
300.042
300.038
300.036
304.823
304.516
304.208
303.916
303.645
303.395
303.165
302.952
302.754
302.57
302.398
302.236
302.085
301.941
301.806
301.679
301.558
301.444
301.336
301.234
301.138
301.047
300.961
300.881
300.805
300.734
300.667
300.605
300.547
300.493
300.443
300.397
300.355
300.316
300.281
300.249
300.219
300.193
300.169
300.148
300.128
300.111
300.097
300.083
300.072
300.062
300.054
300.047
300.042
300.039
300.037
304.788
304.499
304.206
303.923
303.657
303.411
303.183
302.971
302.774
302.59
302.418
302.256
302.103
301.96
301.824
301.695
301.574
301.459
301.35
301.247
301.15
301.058
300.972
300.89
300.813
300.742
300.674
300.611
300.553
300.498
300.448
300.402
300.359
300.32
300.284
300.251
300.221
300.195
300.171
300.149
300.13
300.113
300.097
300.084
300.073
300.063
300.055
300.048
300.043
300.039
300.037
304.752
304.481
304.201
303.928
303.67
303.428
303.202
302.992
302.796
302.612
302.439
302.277
302.124
301.98
301.843
301.714
301.592
301.476
301.366
301.262
301.164
301.071
300.984
300.901
300.823
300.751
300.682
300.619
300.559
300.504
300.453
300.406
300.363
300.323
300.287
300.254
300.224
300.197
300.172
300.151
300.131
300.114
300.098
300.085
300.073
300.063
300.055
300.048
300.043
300.039
300.037
304.712
304.459
304.195
303.933
303.682
303.445
303.223
303.015
302.819
302.636
302.464
302.301
302.148
302.002
301.865
301.735
301.612
301.495
301.384
301.279
301.18
301.086
300.997
300.913
300.835
300.761
300.692
300.627
300.567
300.511
300.459
300.412
300.368
300.327
300.29
300.257
300.227
300.199
300.174
300.152
300.132
300.115
300.1
300.086
300.074
300.064
300.056
300.049
300.043
300.039
300.037
304.67
304.434
304.185
303.935
303.693
303.462
303.244
303.038
302.845
302.662
302.49
302.327
302.173
302.028
301.889
301.758
301.634
301.516
301.404
301.298
301.197
301.102
301.012
300.927
300.847
300.772
300.702
300.636
300.575
300.519
300.466
300.417
300.373
300.332
300.294
300.26
300.229
300.202
300.177
300.154
300.134
300.116
300.101
300.087
300.075
300.065
300.056
300.049
300.044
300.04
300.038
304.623
304.406
304.172
303.935
303.703
303.479
303.265
303.063
302.871
302.69
302.518
302.356
302.201
302.055
301.916
301.784
301.659
301.539
301.426
301.319
301.217
301.12
301.029
300.943
300.861
300.785
300.714
300.647
300.585
300.527
300.473
300.424
300.378
300.337
300.299
300.264
300.233
300.204
300.179
300.156
300.136
300.118
300.102
300.088
300.076
300.066
300.057
300.05
300.044
300.04
300.038
304.573
304.373
304.155
303.932
303.709
303.493
303.286
303.087
302.899
302.719
302.548
302.386
302.232
302.085
301.945
301.812
301.686
301.565
301.451
301.342
301.238
301.14
301.047
300.96
300.877
300.799
300.727
300.658
300.595
300.536
300.481
300.431
300.385
300.342
300.303
300.268
300.236
300.207
300.181
300.158
300.138
300.119
300.103
300.089
300.077
300.066
300.058
300.05
300.045
300.041
300.039
304.518
304.335
304.134
303.924
303.713
303.506
303.305
303.111
302.926
302.749
302.579
302.418
302.264
302.117
301.977
301.843
301.715
301.594
301.478
301.367
301.262
301.162
301.068
300.979
300.894
300.815
300.741
300.671
300.606
300.546
300.49
300.439
300.391
300.348
300.309
300.273
300.24
300.211
300.184
300.161
300.14
300.121
300.105
300.09
300.078
300.067
300.058
300.051
300.045
300.041
300.039
304.458
304.292
304.107
303.911
303.713
303.515
303.322
303.134
302.953
302.779
302.612
302.451
302.298
302.151
302.01
301.876
301.747
301.624
301.507
301.395
301.288
301.187
301.091
300.999
300.913
300.832
300.756
300.685
300.619
300.557
300.5
300.447
300.399
300.355
300.314
300.277
300.244
300.214
300.187
300.163
300.142
300.123
300.106
300.092
300.079
300.068
300.059
300.051
300.046
300.042
300.039
304.393
304.243
304.074
303.893
303.707
303.521
303.336
303.155
302.979
302.808
302.644
302.486
302.333
302.187
302.046
301.911
301.781
301.657
301.538
301.425
301.316
301.213
301.115
301.022
300.934
300.851
300.773
300.701
300.633
300.569
300.511
300.457
300.407
300.362
300.32
300.283
300.249
300.218
300.191
300.166
300.144
300.125
300.108
300.093
300.08
300.069
300.06
300.052
300.046
300.042
300.04
304.323
304.188
304.035
303.87
303.697
303.521
303.346
303.172
303.002
302.837
302.676
302.52
302.369
302.223
302.083
301.948
301.817
301.692
301.572
301.457
301.347
301.242
301.142
301.047
300.957
300.872
300.792
300.717
300.647
300.583
300.522
300.467
300.416
300.369
300.327
300.288
300.254
300.222
300.194
300.169
300.147
300.127
300.11
300.094
300.081
300.07
300.061
300.053
300.047
300.043
300.04
304.248
304.129
303.991
303.84
303.681
303.517
303.352
303.187
303.024
302.863
302.707
302.554
302.405
302.261
302.121
301.986
301.855
301.729
301.607
301.491
301.379
301.272
301.17
301.073
300.981
300.894
300.812
300.735
300.663
300.597
300.535
300.478
300.426
300.378
300.334
300.294
300.259
300.226
300.198
300.172
300.149
300.129
300.111
300.096
300.083
300.071
300.061
300.054
300.047
300.043
300.041
304.17
304.065
303.942
303.805
303.659
303.508
303.353
303.197
303.041
302.887
302.735
302.586
302.44
302.298
302.159
302.024
301.893
301.766
301.644
301.526
301.412
301.303
301.199
301.1
301.006
300.917
300.833
300.754
300.68
300.612
300.548
300.489
300.436
300.386
300.341
300.301
300.264
300.231
300.202
300.175
300.152
300.131
300.113
300.097
300.084
300.072
300.062
300.054
300.048
300.044
300.041
304.089
303.997
303.888
303.765
303.633
303.494
303.35
303.203
303.056
302.908
302.762
302.617
302.474
302.334
302.197
302.063
301.932
301.805
301.681
301.562
301.447
301.336
301.23
301.129
301.032
300.941
300.855
300.774
300.698
300.627
300.562
300.502
300.446
300.395
300.349
300.307
300.27
300.236
300.205
300.179
300.155
300.134
300.115
300.099
300.085
300.073
300.063
300.055
300.049
300.044
300.042
304.008
303.928
303.832
303.722
303.603
303.475
303.342
303.205
303.066
302.926
302.786
302.645
302.506
302.369
302.234
302.1
301.97
301.843
301.719
301.598
301.482
301.369
301.261
301.158
301.059
300.966
300.877
300.794
300.716
300.643
300.576
300.514
300.457
300.405
300.357
300.314
300.275
300.241
300.21
300.182
300.157
300.136
300.117
300.101
300.086
300.074
300.064
300.056
300.049
300.045
300.042
303.929
303.859
303.775
303.678
303.57
303.454
303.331
303.204
303.073
302.94
302.806
302.671
302.536
302.401
302.268
302.136
302.006
301.879
301.755
301.633
301.516
301.402
301.292
301.187
301.086
300.99
300.9
300.814
300.734
300.659
300.59
300.526
300.467
300.414
300.365
300.321
300.281
300.245
300.213
300.185
300.16
300.138
300.119
300.102
300.088
300.075
300.065
300.056
300.05
300.045
300.043
303.855
303.795
303.721
303.634
303.537
303.431
303.319
303.2
303.077
302.951
302.822
302.692
302.561
302.43
302.299
302.169
302.04
301.913
301.788
301.666
301.548
301.432
301.321
301.214
301.111
301.014
300.921
300.833
300.751
300.675
300.604
300.538
300.478
300.423
300.372
300.327
300.286
300.25
300.217
300.188
300.163
300.14
300.121
300.104
300.089
300.076
300.066
300.057
300.05
300.046
300.043
303.791
303.738
303.672
303.595
303.507
303.41
303.306
303.195
303.079
302.959
302.836
302.71
302.582
302.454
302.325
302.197
302.069
301.942
301.818
301.695
301.576
301.46
301.347
301.238
301.134
301.035
300.94
300.851
300.767
300.689
300.616
300.549
300.487
300.43
300.379
300.333
300.291
300.254
300.221
300.191
300.165
300.142
300.122
300.105
300.09
300.077
300.066
300.058
300.051
300.046
300.044
303.742
303.695
303.635
303.564
303.483
303.393
303.295
303.19
303.079
302.964
302.845
302.723
302.598
302.472
302.345
302.218
302.091
301.965
301.841
301.718
301.598
301.481
301.367
301.258
301.152
301.051
300.955
300.865
300.779
300.7
300.626
300.557
300.494
300.437
300.385
300.337
300.295
300.257
300.223
300.193
300.167
300.144
300.123
300.106
300.091
300.078
300.067
300.058
300.051
300.046
300.044
303.714
303.67
303.614
303.546
303.469
303.382
303.288
303.187
303.079
302.967
302.85
302.73
302.607
302.482
302.357
302.23
302.104
301.978
301.854
301.731
301.611
301.493
301.379
301.269
301.163
301.061
300.964
300.873
300.787
300.706
300.631
300.562
300.499
300.44
300.388
300.34
300.297
300.259
300.225
300.194
300.168
300.144
300.124
300.106
300.091
300.078
300.067
300.058
300.051
300.047
300.044
)
;

boundaryField
{
    inlet
    {
        type            fixedValue;
        value           uniform 300;
    }
    outlet
    {
        type            zeroGradient;
    }
    top
    {
        type            zeroGradient;
    }
    slip-bottom
    {
        type            zeroGradient;
    }
    bottom
    {
        type            zeroGradient;
    }
    interface
    {
        type            fixedGradient;
        gradient        nonuniform List<scalar> 
161
(
41.19
40.5522
39.908
39.2573
38.6001
37.9361
37.2655
36.5881
35.9039
35.2127
34.5145
33.8093
33.05
32.2579
31.4578
30.6496
29.8332
29.0086
28.1756
27.3343
26.4844
25.6259
24.8057
24.6362
24.4649
24.292
24.1173
23.9408
23.7625
23.5825
23.4006
23.2168
23.0454
22.8865
22.7259
22.5637
22.3999
22.2344
22.0672
21.8983
21.7278
21.5987
21.481
21.3621
21.242
21.1207
20.9981
20.8744
20.7493
20.6417
20.5392
20.4357
20.3311
20.2254
20.1187
20.0109
19.9075
19.8143
19.7201
19.625
19.5289
19.4318
19.3338
19.2394
19.1504
19.0606
18.9698
18.8781
18.7855
18.692
18.6049
18.5172
18.4287
18.3392
18.2488
18.1575
18.0702
17.9825
17.894
17.8045
17.7142
17.6237
17.5356
17.4466
17.3567
17.2659
17.1742
17.084
16.9936
16.9022
16.81
16.7168
16.6241
16.5311
16.4373
16.3425
16.2467
16.1515
16.0558
15.9592
15.8615
15.7631
15.665
15.5659
15.4658
15.3646
15.2635
15.1617
15.0589
14.9551
14.851
14.7468
14.6416
14.5354
14.4287
14.3222
14.2146
14.1059
13.9976
13.8899
13.7811
13.6713
13.5632
13.4552
13.3462
13.2365
13.1315
13.0254
12.9182
12.8146
12.7135
12.6114
12.5105
12.4183
12.3252
12.2312
12.1519
12.0733
11.9938
11.93
11.8712
11.8117
11.7728
11.7437
11.7142
11.7156
11.7304
11.7453
11.8142
11.8963
11.9797
12.1972
12.4168
12.6664
12.9933
13.3234
14.6858
16.7132
18.7568
20.6498
22.562
)
;
    }
    defaultFaces
    {
        type            empty;
    }
}


// ************************************************************************* //
