/*--------------------------------*- C++ -*----------------------------------*\
| =========                 |                                                 |
| \\      /  F ield         | OpenFOAM: The Open Source CFD Toolbox           |
|  \\    /   O peration     | Version:  2112                                  |
|   \\  /    A nd           | Website:  www.openfoam.com                      |
|    \\/     M anipulation  |                                                 |
\*---------------------------------------------------------------------------*/
FoamFile
{
    version     2.0;
    format      ascii;
    arch        "LSB;label=32;scalar=64";
    class       volScalarField;
    location    "1";
    object      gradTy;
}
// * * * * * * * * * * * * * * * * * * * * * * * * * * * * * * * * * * * * * //

dimensions      [0 -1 0 1 0 0 0];

internalField   nonuniform List<scalar> 
1681
(
-14.0737935372
-13.9677971168
-13.7709498935
-13.5086293639
-13.2083624242
-12.8950248057
-12.5876336964
-12.298862153
-12.0359494019
-11.8020532674
-11.5975586674
-11.4211351828
-11.270505257
-11.1429624757
-11.0357002356
-10.9460070326
-10.8713727173
-10.8095377783
-10.7585076174
-10.7165463289
-10.6821593011
-10.6540704698
-10.6311977678
-10.6126288479
-10.5975982264
-10.5854664191
-10.5757012928
-10.5678616459
-10.5615829214
-10.5565648918
-10.5525611289
-10.5493700582
-10.5468273711
-10.5447995811
-10.543178587
-10.5418763697
-10.5408164141
-10.5399312523
-10.5392381597
-10.5389602845
-10.5387904939
-14.0777019937
-13.9710982315
-13.7732309724
-13.5097665159
-13.2084729274
-12.8943383724
-12.5863997636
-12.2972965312
-12.0342149198
-11.8002612026
-11.5957786781
-11.4194067028
-11.2688473442
-11.1413812864
-11.034194273
-10.9445706381
-10.8699982941
-10.8082171466
-10.7572327975
-10.715309959
-10.680954828
-10.6528922031
-10.6300408563
-10.6114892143
-10.596472483
-10.5843517784
-10.5745954802
-10.5667628198
-10.5604896009
-10.555475894
-10.551475516
-10.5482870919
-10.5457464741
-10.5437202994
-10.5421005819
-10.5407995395
-10.5397406699
-10.5388536379
-10.5381514204
-10.5378865905
-10.5377291997
-14.0855533955
-13.9777201049
-13.777800841
-13.5120415604
-13.20869023
-12.8929612876
-12.5839295035
-12.294165456
-12.0307486098
-11.796681806
-11.5922250396
-11.4159572749
-11.2655399213
-11.1382279471
-11.0311918584
-10.9417077168
-10.8672595932
-10.8055862504
-10.7546937063
-10.7128479191
-10.6785567097
-10.6505466071
-10.6277380648
-10.6092210595
-10.5942321784
-10.5821337392
-10.572395149
-10.5645765054
-10.5583143349
-10.5533093051
-10.5493157229
-10.5461326134
-10.5435961521
-10.541573226
-10.5399560738
-10.5386573226
-10.5376005931
-10.5367112988
-10.535995399
-10.5357503693
-10.5356085568
-14.0974073678
-13.9876998364
-13.7846727666
-13.5154512187
-13.209002057
-12.8908800303
-12.5802126401
-12.2894633901
-12.0255495284
-11.7913179206
-11.5869034523
-11.4107946502
-11.2605921704
-11.1335126273
-11.0267038441
-10.9374295993
-10.8631682877
-10.8016570158
-10.7509024631
-10.7091724812
-10.6749773426
-10.6470461819
-10.6243019816
-10.605837048
-10.5908900429
-10.5788250889
-10.5691131361
-10.5613155829
-10.5550700406
-10.550078074
-10.5460947254
-10.5429196204
-10.5403894211
-10.5383713965
-10.5367581126
-10.5354627119
-10.5344091219
-10.5335185767
-10.5327892306
-10.5325643909
-10.5324337415
-14.1133436214
-14.0010903495
-13.7938633025
-13.5199849916
-13.2093841893
-12.8880682973
-12.5752273615
-12.2831752222
-12.0186090257
-11.7841661381
-11.579814369
-11.4039219548
-11.2540089897
-11.1272413615
-11.0207369737
-10.9317434605
-10.8577318087
-10.7964370224
-10.7458667317
-10.7042913561
-10.6702244636
-10.6423986802
-10.6197403699
-10.6013449513
-10.586453856
-10.5744336155
-10.5647572381
-10.5569878576
-10.5507645326
-10.5457900239
-10.541820355
-10.5386559523
-10.5361341275
-10.5341226644
-10.5325145591
-10.5312235541
-10.5301740692
-10.5292836435
-10.5285427748
-10.5283364564
-10.5282131723
-14.1334684807
-14.0179625627
-13.8053943394
-13.5256275941
-13.209803209
-12.8844902423
-12.5689440471
-12.2752803981
-12.0099152109
-11.7752215545
-11.5709580108
-11.3953429459
-11.2457964742
-11.1194217397
-11.0132997668
-10.9246583837
-10.8509595729
-10.7899358791
-10.7395962289
-10.69821432
-10.6643078823
-10.6366139307
-10.6140630718
-10.5957546224
-10.5809334816
-10.5689691941
-10.559337342
-10.5516032289
-10.5454077226
-10.5404550788
-10.5365025475
-10.5333515557
-10.5308402276
-10.5288369953
-10.5272353883
-10.5259498262
-10.5249053888
-10.5240165368
-10.5232668842
-10.5230767765
-10.5229586656
-14.1579176756
-14.0384063248
-13.8192931528
-13.5323589099
-13.2102166354
-12.8801009637
-12.5613260666
-12.2657539232
-11.9994540756
-11.764478968
-11.5603356167
-11.3850633063
-11.2359632502
-11.1100642811
-11.0044039315
-10.9161868097
-10.8428644659
-10.7821667387
-10.7321042685
-10.6909547854
-10.6572410743
-10.6297054533
-10.607283641
-10.5890796445
-10.5743425298
-10.5624454604
-10.5528671086
-10.5451753818
-10.5390133186
-10.5340869683
-10.5301550523
-10.5270201977
-10.5245215044
-10.5225281863
-10.520934411
-10.5196553506
-10.5186168951
-10.5177310775
-10.5169757337
-10.5167994885
-10.5166855769
-14.1868585261
-14.0625311241
-13.8355918321
-13.540153132
-13.2105722724
-12.8748462363
-12.5523298237
-12.2545665839
-11.9872097937
-11.7519332007
-11.547949765
-11.3730909572
-11.2245207827
-11.0991827379
-10.9940646677
-10.9063448418
-10.8334631504
-10.7731466111
-10.7234080784
-10.6825301218
-10.6490415063
-10.6216907869
-10.5994196749
-10.5813376653
-10.5666986941
-10.5548801506
-10.545364314
-10.5377221297
-10.5315991687
-10.5267035725
-10.5227957784
-10.5196798132
-10.5171959152
-10.515214214
-10.5136296224
-10.5123581404
-10.5113266067
-10.5104452706
-10.5096873962
-10.5095228611
-10.509412908
-14.2204923333
-14.0904668304
-13.8543264248
-13.5489774999
-13.2108072269
-12.8686620004
-12.5419046098
-12.241684998
-11.9731648455
-11.7375792339
-11.5338044934
-11.3594361579
-11.2114834556
-11.086794162
-10.9823007237
-10.8951522967
-10.8227761141
-10.7628964082
-10.7135288448
-10.6729617002
-10.6397306815
-10.6125915357
-10.5904928606
-10.5725504442
-10.5580237988
-10.5462951491
-10.5368508979
-10.5292654636
-10.523187311
-10.5183269721
-10.5144468446
-10.5113525548
-10.5088856418
-10.5069172853
-10.5053432519
-10.5040804479
-10.5030567904
-10.5021813685
-10.5014240281
-10.5012692948
-10.5011634247
-14.2590572247
-14.1223645382
-13.8755358516
-13.5587907195
-13.2108467165
-12.861473751
-12.5299924212
-12.2270716539
-11.9573001383
-11.7214123361
-11.5179054061
-11.3441115869
-11.1968686305
-11.0729189463
-10.9691344272
-10.8826327277
-10.8108276882
-10.7514409613
-10.7024917294
-10.6622749102
-10.629334156
-10.6024333865
-10.5805289935
-10.5627438712
-10.5483438194
-10.536716509
-10.5273529852
-10.519831574
-10.5138039956
-10.508983471
-10.5051346031
-10.5020648166
-10.4996171145
-10.4976638612
-10.4961017876
-10.4948487875
-10.4938339804
-10.4929658947
-10.492211975
-10.4920653467
-10.4919638068
-14.3028315989
-14.1583975315
-13.8992605629
-13.5695410697
-13.2106026972
-12.8531958724
-12.516527792
-12.2106849951
-11.9395951771
-11.7034282393
-11.5002598261
-11.3271324643
-11.1806967447
-11.0575809062
-10.9545917546
-10.8688134886
-10.7976461085
-10.7388090806
-10.6903259283
-10.6504992195
-10.6178816009
-10.5912461718
-10.569558042
-10.5519480336
-10.5376889499
-10.5261745217
-10.5169009562
-10.5094509222
-10.5034797572
-10.4987036698
-10.4948897125
-10.4918473083
-10.4894210867
-10.4874847321
-10.4859360512
-10.4846940101
-10.483689051
-10.4828297151
-10.482081894
-10.4819418232
-10.4818448357
-14.3521382923
-14.1987623659
-13.9255408711
-13.5811641576
-13.2099723098
-12.8437309364
-12.5014376621
-12.1924795629
-11.9200282974
-11.6836233737
-11.4808770007
-11.3085167257
-11.1629914589
-11.0408074084
-10.9387024493
-10.8537258452
-10.7832636243
-10.7250336644
-10.6770647832
-10.6376682882
-10.6054069182
-10.5790639886
-10.5576142685
-10.5401973391
-10.5260937287
-10.5147038442
-10.5055295756
-10.4981583707
-10.4922495465
-10.4875225978
-10.483747272
-10.4807351899
-10.4783327704
-10.476415153
-10.4748813344
-10.4736514388
-10.4726573498
-10.4718081699
-10.4710689141
-10.4709339366
-10.4708416115
-14.4073495971
-14.2436800505
-13.9544148658
-13.5935802714
-13.2088361376
-12.8329689701
-12.4846412876
-12.1724062015
-11.8985769584
-11.6619951553
-11.4597683545
-11.2882852381
-11.1437798445
-11.0226295397
-10.9215001792
-10.8374051275
-10.7677166497
-10.7101518507
-10.6627459349
-10.6238201243
-10.5919483997
-10.5659253609
-10.5447363949
-10.5275306844
-10.5135972093
-10.5023436719
-10.4932781677
-10.4859933603
-10.4801529089
-10.4754798938
-10.4717470022
-10.468768253
-10.466392018
-10.4644950273
-10.4629775818
-10.4617610528
-10.4607788811
-10.4599412557
-10.4592128323
-10.4590815045
-10.4589937901
-14.4688932849
-14.2933973033
-13.9859157972
-13.606691266
-13.2070562626
-12.8207867016
-12.4660501983
-12.1504123239
-11.8752180905
-11.6385423179
-11.436947778
-11.266462047
-11.1230925993
-11.0030823012
-10.903022719
-10.8198909071
-10.7510459384
-10.6942051937
-10.6474115022
-10.6089972662
-10.5775489135
-10.5518734289
-10.5309677957
-10.5139916511
-10.500243159
-10.4891379404
-10.4801908201
-10.4730001157
-10.4672341918
-10.4626200138
-10.4589334548
-10.4559911325
-10.4536435349
-10.4517691188
-10.4502696045
-10.4490676999
-10.4480985184
-10.4472738365
-10.4465583311
-10.4464291761
-10.4463458302
-14.5372598227
-14.3481878381
-14.0200687851
-13.6203769094
-13.204474115
-12.8070467951
-12.4455682119
-12.1264422398
-11.8499284908
-11.6132652806
-11.4124319418
-11.2430746419
-11.1009642771
-10.9822048163
-10.8833121447
-10.8012271845
-10.73329677
-10.6772398506
-10.6311082717
-10.5932469756
-10.5622560999
-10.5369561492
-10.5163567013
-10.4996287121
-10.486080269
-10.4751355377
-10.4663165984
-10.4592278619
-10.4535427626
-10.4489924513
-10.4453562337
-10.4424535274
-10.4401371014
-10.4382872749
-10.4368073033
-10.4356213212
-10.4346662278
-10.4338558682
-10.4331552028
-10.433026664
-10.4329472375
-14.6130110169
-14.4083536249
-14.0568866822
-13.6344906108
-13.2009081141
-12.7915970934
-12.4230915165
-12.100437546
-11.8226852637
-11.5861665408
-11.3862406244
-11.2181542286
-11.0774335207
-10.9600405366
-10.8624150254
-10.7814625741
-10.7145191321
-10.6593067645
-10.6138878821
-10.5766214254
-10.5461225632
-10.5212264899
-10.5009563967
-10.4844954339
-10.4711623586
-10.4603905107
-10.4517097548
-10.4447310349
-10.4391332209
-10.4346519506
-10.4310702095
-10.4282104177
-10.4259277896
-10.4241046441
-10.4226458872
-10.4214771692
-10.4205372872
-10.419742616
-10.4190585666
-10.418928969
-10.4188527951
-14.6967903757
-14.4742260424
-14.0963648738
-13.6488544443
-13.1961511076
-12.7742698924
-12.3985088336
-12.0723375841
-11.7934662994
-11.5572510858
-11.3583970457
-11.1917359985
-11.0525432858
-10.9366374382
-10.8403826024
-10.7606504741
-10.6947678872
-10.6404618303
-10.5958069928
-10.5591778704
-10.5292060449
-10.5047426068
-10.4848254002
-10.4686506579
-10.4555485591
-10.4449622522
-10.4364299166
-10.4295694723
-10.4240655908
-10.4196587
-10.4161357139
-10.4133222583
-10.4110761593
-10.4092818723
-10.4078460694
-10.4066960048
-10.4057724828
-10.4049948521
-10.4043290627
-10.4041965811
-10.4041227698
-14.7893355563
-14.546166803
-14.1384747493
-13.6632533757
-13.1899676293
-12.7548812811
-12.3717016838
-12.0420799679
-11.7622507897
-11.5265268159
-11.328928195
-11.1638593835
-11.0263410459
-10.9120481943
-10.8172709426
-10.7388492103
-10.674102911
-10.6207660327
-10.5769274211
-10.540978786
-10.5115695655
-10.4875679876
-10.4680276104
-10.4521586494
-10.4393034655
-10.4289156535
-10.4205422411
-10.4138085684
-10.4084054773
-10.4040784894
-10.4006186979
-10.3978551391
-10.3956484175
-10.3938852628
-10.3924742289
-10.3913442587
-10.3904382709
-10.3896790173
-10.3890330111
-10.3888956457
-10.3888230798
-14.8914933554
-14.6245684873
-14.1831555138
-13.6774285994
-13.1820910082
-12.7332305864
-12.3425447713
-12.0096011876
-11.7290197748
-11.4940049699
-11.297865146
-11.1345682888
-10.9988789688
-10.8863303159
-10.793141058
-10.7161221425
-10.6525891926
-10.6002855422
-10.5573162386
-10.522091966
-10.4932815222
-10.4697715514
-10.4506324073
-10.4350892004
-10.42249724
-10.4123212097
-10.4041175218
-10.3975193826
-10.3922241747
-10.3879828199
-10.3845908422
-10.3818808948
-10.3797165292
-10.377986888
-10.3766025211
-10.375494143
-10.3746068896
-10.3738673329
-10.3732425203
-10.3730980784
-10.3730254129
-15.0042378177
-14.7098544551
-14.2303039255
-13.6910698915
-13.1722203825
-12.7090999766
-12.3109065153
-11.9748372929
-11.6937567189
-11.4597005472
-11.2652433492
-11.1039112913
-10.9702140533
-10.8595462486
-10.7680589775
-10.6925377218
-10.6302968833
-10.5790917604
-10.5370458137
-10.5025905632
-10.4744157308
-10.4514276907
-10.4327146947
-10.4175176728
-10.4052056565
-10.3952550647
-10.3872322334
-10.3807786845
-10.3755987132
-10.3714489498
-10.3681296032
-10.365477152
-10.3633582645
-10.3616646358
-10.3603089259
-10.3592236991
-10.3583564069
-10.3576378486
-10.3570355331
-10.3568816178
-10.3568072826
-15.1286921894
-14.8024778103
-14.279761447
-13.7038068946
-13.1600176978
-12.6822542832
-12.2766497497
-11.937724662
-11.656448108
-11.4236327156
-11.2311028913
-11.0719417964
-10.940408217
-10.8317634167
-10.7420957633
-10.6681694896
-10.6073012849
-10.5572613011
-10.5161937891
-10.482553065
-10.4550513991
-10.432616244
-10.4143548727
-10.3995249705
-10.3875100718
-10.377798982
-10.3699685036
-10.3636689248
-10.358611829
-10.3545598653
-10.351318184
-10.3487272996
-10.3466571692
-10.3450021807
-10.343677218
-10.3426167682
-10.3417706909
-10.3410744134
-10.3404957954
-10.3403298003
-10.3402520065
-15.2661556335
-14.902918971
-14.3312981678
-13.7151992673
-13.1451048017
-12.6524411167
-12.2396326227
-11.8982008584
-11.6170840653
-11.3858251988
-11.1954887135
-11.0387181411
-10.9095283253
-10.8030542039
-10.7153274605
-10.6430960068
-10.5836827654
-10.5348758972
-10.4948429817
-10.4620631896
-10.43527302
-10.4134223867
-10.3956387259
-10.3811974258
-10.3694973115
-10.36004023
-10.3524139961
-10.3462781188
-10.3413518471
-10.3374041623
-10.3342454152
-10.3317203692
-10.3297024442
-10.3280888632
-10.3267968461
-10.3257628712
-10.32493929
-10.3242665551
-10.3237127354
-10.3235318455
-10.3234485949
-15.4181358709
-15.0116812226
-14.3845927035
-13.7247256683
-13.1270607879
-12.6193913588
-12.1997097203
-11.8562055795
-11.5756589773
-11.3463066326
-11.1584507785
-11.0043036359
-10.8776461513
-10.7734958603
-10.6878349694
-10.6174007031
-10.5595265921
-10.5120222224
-10.473081197
-10.4412096924
-10.415170173
-10.3939364278
-10.3766572176
-10.3626265913
-10.3512594584
-10.3420713677
-10.3346616953
-10.3286996284
-10.3239124621
-10.3200758261
-10.3170055337
-10.3145508133
-10.3125887238
-10.3110194664
-10.3097627102
-10.3087569849
-10.3079572086
-10.3073092562
-10.3067812393
-10.3065824374
-10.3064915359
-15.5863892304
-15.1292833956
-14.4392070774
-13.7317716004
-13.1054197953
-12.5828201318
-12.1567334459
-11.8116816965
-11.5321721232
-11.3051108805
-11.1200441758
-10.9687665351
-10.8448382594
-10.7431703289
-10.6597038335
-10.5911716379
-10.5349226734
-10.4887916182
-10.451000944
-10.4200860731
-10.3948372237
-10.3742535045
-10.3575061782
-10.3439089228
-10.3328935325
-10.3239899216
-10.3168095802
-10.3110318338
-10.3063924073
-10.3026738985
-10.2996978485
-10.2973181692
-10.2954157376
-10.2938938786
-10.2926748222
-10.2916992031
-10.2909245681
-10.290302615
-10.2898013138
-10.2895813916
-10.2894804657
-15.7729700003
-15.2562484839
-14.4945553554
-13.735616234
-13.0796695317
-12.5424283494
-12.1105556779
-11.7645763857
-11.4866282974
-11.2622773007
-11.0803291595
-10.9321799282
-10.8111858031
-10.7121639814
-10.631023933
-10.5645011635
-10.5099651996
-10.4652797178
-10.4286990454
-10.3987901745
-10.3743729131
-10.3544731616
-10.3382858785
-10.3251453476
-10.3145010531
-10.3058979431
-10.298960177
-10.2933776825
-10.2888950014
-10.2853020221
-10.282426282
-10.2801265989
-10.2782878496
-10.2768166301
-10.2756378431
-10.2746942734
-10.2739461422
-10.2733513806
-10.2728776241
-10.2726331966
-10.2725197104
-15.9802915113
-15.3930865727
-14.5498645047
-13.7354184671
-13.0492508659
-12.4979049643
-12.0610297322
-11.7148423457
-11.4390384179
-11.2178509536
-11.0393711072
-10.8946215451
-10.7767742309
-10.6805672591
-10.6018890793
-10.5374854865
-10.484752178
-10.4415859602
-10.4062761353
-10.3774236652
-10.3538798283
-10.3346988131
-10.3191004813
-10.306440707
-10.2961874753
-10.2879014386
-10.2812199851
-10.2758441111
-10.2715275654
-10.2680678535
-10.2652987812
-10.2630842979
-10.2613134645
-10.2598962979
-10.2587604863
-10.2578509997
-10.2571307593
-10.2565643542
-10.2561188997
-10.2558464213
-10.2557176928
-16.211202076
-15.540269833
-14.6041255859
-13.7302026888
-13.0135589242
-12.4489300298
-12.0080126426
-11.6624390941
-11.3894201075
-11.1718827421
-10.9972403961
-10.8561734697
-10.7416928973
-10.648474213
-10.572396506
-10.5102241207
-10.459384857
-10.4178129906
-10.3838360388
-10.3560914028
-10.3334637508
-10.3150370773
-10.3000573659
-10.2879030723
-10.2780614962
-10.2701096691
-10.2636987692
-10.2585413312
-10.2544007046
-10.2510823415
-10.248426592
-10.246302766
-10.2446042964
-10.2432447732
-10.2421547839
-10.2412815081
-10.2405905664
-10.2400536527
-10.2396372047
-10.2393329851
-10.2391861978
-16.4690798242
-15.6981964962
-14.6560329439
-13.7188450152
-12.9719462235
-12.3951786841
-11.9513677691
-11.6073343323
-11.3377982376
-11.1244294771
-10.9540121902
-10.8169217594
-10.7060345742
-10.6159819429
-10.5426462546
-10.4828192323
-10.4339670382
-10.3940659455
-10.3614850347
-10.3349006768
-10.3132328822
-10.2955969872
-10.2812663251
-10.2696429291
-10.2602342304
-10.2526343161
-10.2465087183
-10.2415819823
-10.237627455
-10.2344588685
-10.2319233963
-10.2298959415
-10.2282744999
-10.2269763895
-10.2259352129
-10.225100373
-10.2244401539
-10.223933831
-10.2235470693
-10.2232072866
-10.223039489
-16.7579516694
-15.8671395692
-14.7039085255
-13.7000612055
-12.923728486
-12.3363261476
-11.89096773
-11.5495053628
-11.2842054226
-11.0755538611
-10.9097661366
-10.7769559691
-10.6698948655
-10.5831899353
-10.512740456
-10.4553748776
-10.4086042783
-10.3704516243
-10.3393310011
-10.3139603314
-10.2932969475
-10.2764890769
-10.2628386365
-10.2517722358
-10.2428182562
-10.2355885177
-10.2297634721
-10.2250801504
-10.2213222959
-10.2183122573
-10.2159043143
-10.2139791993
-10.2124396648
-10.2112069147
-10.2102176859
-10.2094236067
-10.2087955434
-10.2083208672
-10.2079644879
-10.2075851965
-10.2073932832
-17.0826432186
-16.0471744559
-14.7456078065
-13.6723980888
-12.8681938871
-12.2720537866
-11.8266976376
-11.4889405389
-11.2286824513
-11.0253243859
-10.8645859698
-10.7363685827
-10.6333715265
-10.5501993061
-10.4827825147
-10.4279961401
-10.3834029877
-10.3470775547
-10.3174824519
-10.2933797769
-10.2737661844
-10.2578243507
-10.2448860146
-10.2344033607
-10.225926539
-10.2190857809
-10.2135770244
-10.2091502622
-10.2056000364
-10.2027576513
-10.200484779
-10.1986682206
-10.1972156823
-10.1960524144
-10.1951184123
-10.1943675203
-10.1937730459
-10.1933310164
-10.1930057892
-10.192582921
-10.1923635832
-17.4489685194
-16.2380774648
-14.7784030439
-13.6342312113
-12.8046165782
-12.2020562337
-11.7584586026
-11.4256407218
-11.1712786426
-10.9738151416
-10.8185590279
-10.6952543571
-10.5965636977
-10.5171119543
-10.4528762023
-10.4007881755
-10.3584694335
-10.3240509603
-10.2960474736
-10.2732678994
-10.2547502282
-10.239713148
-10.227519456
-10.2176479103
-10.2096712461
-10.2032387833
-10.1980625126
-10.1939058659
-10.1905745877
-10.18790928
-10.185779296
-10.184077748
-10.1827174955
-10.1816279987
-10.1807526425
-10.1800474683
-10.1794880047
-10.179079546
-10.1787863929
-10.1783157493
-10.1780653795
-17.8639712991
-16.439184168
-14.7988386705
-13.5837726505
-12.7322753839
-12.1260494588
-11.6861714508
-11.3596207155
-11.1120521134
-10.9211055356
-10.7717756856
-10.6537095876
-10.5595710613
-10.484029641
-10.4231246749
-10.3738551779
-10.3339086634
-10.3014776467
-10.2751325781
-10.2537318842
-10.2363569102
-10.222263917
-10.2108479943
-10.2016154665
-10.1941624676
-10.1881580801
-10.1833309135
-10.1794583161
-10.1763576398
-10.1738791278
-10.1719001056
-10.1703202421
-10.1690577519
-10.168046471
-10.167233314
-10.1665764949
-10.1660534392
-10.1656793696
-10.16541947
-10.1648967069
-10.1646112357
-18.3362330136
-16.649192419
-14.8025526232
-13.5190946638
-12.6504785401
-12.0437795497
-11.6097805786
-11.2909106457
-11.0510699437
-10.8672799251
-10.7243287133
-10.611831308
-10.5224929365
-10.4510530076
-10.3936294302
-10.347299286
-10.309823367
-10.2794608243
-10.254841491
-10.2348759735
-10.2186909878
-10.2055819222
-10.1949773847
-10.1864122525
-10.1795068655
-10.1739507398
-10.1694896663
-10.1659153863
-10.1630572639
-10.1607755284
-10.1589557709
-10.1575044638
-10.1563453809
-10.1554169014
-10.1546696223
-10.1540639056
-10.153578615
-10.1532396015
-10.15301453
-10.1524351392
-10.152109774
-18.8762679138
-16.8658891013
-14.7840562502
-13.4381772279
-12.5585951625
-11.9550317698
-11.5292578618
-11.2195572443
-10.9884082277
-10.8124271684
-10.6763125749
-10.5697164399
-10.485427331
-10.4182805539
-10.3644892259
-10.3212194507
-10.2863126992
-10.2580998918
-10.2352739005
-10.2168001837
-10.2018528335
-10.1897679077
-10.1800087465
-10.1721397558
-10.1658062806
-10.1607189351
-10.1566412504
-10.1533798352
-10.15077647
-10.1487017149
-10.1470497201
-10.1457340111
-10.1446841254
-10.1438431539
-10.1431655443
-10.1426137934
-10.1421675696
-10.1418640609
-10.1416759641
-10.1410352609
-10.1406640883
-19.4970318682
-17.0857717548
-14.7364642238
-13.3389908257
-12.4560937105
-11.8596392132
-11.4446065276
-11.1456249992
-10.9241519969
-10.7566401013
-10.6278226787
-10.5274609114
-10.4484699706
-10.385807599
-10.3357989833
-10.2957102889
-10.26347109
-10.2374892075
-10.2165241929
-10.1995990103
-10.1859371126
-10.1749167505
-10.1660371937
-10.1588933393
-10.1531563257
-10.1485585216
-10.1448817516
-10.141947962
-10.1396117516
-10.1377543552
-10.136278776
-10.1351058422
-10.1341710608
-10.133422401
-10.1328183494
-10.132323552
-10.1319176275
-10.1316497574
-10.1315015742
-10.1307947099
-10.1303701029
-20.2145804344
-17.3035252697
-14.6511646837
-13.2196303782
-12.3425868746
-11.7574900708
-11.3558649236
-11.0691971256
-10.8583950015
-10.7000149513
-10.5789546003
-10.4851587649
-10.4117133291
-10.3537252495
-10.307648703
-10.2708609528
-10.2413870724
-10.2177168788
-10.198680209
-10.1833601533
-10.1710314809
-10.1611161335
-10.1531504868
-10.1467608741
-10.1416450022
-10.1375576399
-10.1342994509
-10.1317081842
-10.129651655
-10.1280221142
-10.1267317106
-10.1257088247
-10.1248951386
-10.1242436632
-10.1237171341
-10.1232824161
-10.1229179454
-10.1226853946
-10.1225811238
-10.1218031551
-10.1213149103
-21.0489234416
-17.5112986597
-14.5174188033
-13.0785224439
-12.2178808435
-11.6485321522
-11.2631101698
-10.9903763102
-10.7912393376
-10.6426507025
-10.5298032954
-10.4429012789
-10.375245686
-10.3221194033
-10.2801224214
-10.2467540439
-10.2201421573
-10.1988636033
-10.1818220533
-10.1681632978
-10.1572153397
-10.148445278
-10.1414277448
-10.1358214338
-10.1313513782
-10.1277953798
-10.1249734775
-10.1227396798
-10.1209754117
-10.119584278
-10.1184878629
-10.1176223482
-10.1169357956
-10.116386413
-10.1159414214
-10.1155700658
-10.1152481275
-10.1150499322
-10.114994945
-10.114141011
-10.1135751117
-22.0251392033
-17.6977059014
-14.3218783899
-12.9147363188
-12.0820244319
-11.5327729226
-11.1664617887
-10.9092851752
-10.7227949022
-10.5846484269
-10.4804623242
-10.4007761253
-10.3391502357
-10.2910698166
-10.253297238
-10.2234646037
-10.1998097909
-10.1810015936
-10.1660209902
-10.1540789851
-10.1445586841
-10.1369737711
-10.1309382544
-10.1261440871
-10.1223443671
-10.1193405469
-10.1169725632
-10.1151111333
-10.1136516772
-10.1125094862
-10.1116158656
-10.1109150457
-10.1103616705
-10.1099192884
-10.1095598673
-10.1092553419
-10.108976959
-10.1088112483
-10.1088126363
-10.1078783213
-10.1072151844
-23.1748328967
-17.8464456418
-14.0480104527
-12.7284412654
-11.9353495655
-11.410272959
-11.0660855976
-10.8260663875
-10.6531786592
-10.5261106012
-10.4310231056
-10.3588665846
-10.3035042739
-10.2606492596
-10.2272424403
-10.2010592093
-10.1804544224
-10.1641936205
-10.1513384637
-10.1411676104
-10.1331210806
-10.1267605264
-10.1217404149
-10.1177868293
-10.1146816473
-10.1122505707
-10.1103539434
-10.1088796275
-10.1077374156
-10.1068546105
-10.106172519
-10.1056436632
-10.1052294716
-10.1048989565
-10.1046291169
-10.1043951106
-10.1041613024
-10.1040249469
-10.1040918796
-10.1030738801
-10.102285895
-24.5380526625
-17.9343940412
-13.6754196251
-12.5215678541
-11.7784883386
-11.2811305319
-10.9621984412
-10.7408823091
-10.5825136927
-10.4671404276
-10.3815742169
-10.3172508389
-10.2683784829
-10.230922785
-10.2020187539
-10.1795952032
-10.1621307132
-10.1484922028
-10.1378252697
-10.1294785787
-10.1229508095
-10.1178529125
-10.1138808558
-10.1107956895
-10.1084087601
-10.1065705959
-10.1051624399
-10.1040897221
-10.1032769732
-10.1026638243
-10.1022018563
-10.1018521232
-10.1015830376
-10.1013691721
-10.1011928518
-10.1010333234
-10.1008452029
-10.100733354
-10.1008773992
-10.0997746643
-10.0988227702
-26.1658163523
-17.9289706488
-13.1790673254
-12.2987553498
-11.6123449304
-11.1454583965
-10.8550784089
-10.6539181043
-10.5109325731
-10.4078461905
-10.3322062063
-10.2760072352
-10.2338426151
-10.2019537934
-10.1776847575
-10.1591274315
-10.1448905732
-10.1339469148
-10.1255291105
-10.1190580844
-10.1140928454
-10.110294915
-10.1074027589
-10.1052131957
-10.1035677
-10.1023421819
-10.1014392565
-10.1007823305
-10.1003110267
-10.0999776117
-10.0997442051
-10.0995806277
-10.0994624789
-10.0993699505
-10.099290971
-10.0992102124
-10.0990692574
-10.0989749536
-10.0992089899
-10.0980233522
-10.096869967
)
;

boundaryField
{
    inout
    {
        type            empty;
    }
    top
    {
        type            calculated;
        value           nonuniform List<scalar> 
41
(
-27.0529868909
-17.8981569308
-12.8965048113
-12.1841483576
-11.5270809317
-11.0760040894
-10.8007492345
-10.6100157543
-10.4749303828
-10.3781322025
-10.3075541839
-10.2554886222
-10.2167311988
-10.1876668901
-10.1657477923
-10.1491497471
-10.1365481743
-10.1269697954
-10.1196915544
-10.114171055
-10.1099978781
-10.1068591414
-10.104514803
-10.1027797612
-10.1015107163
-10.1005964049
-10.0999502444
-10.0995047298
-10.0992071176
-10.0990160676
-10.0988990338
-10.0988302789
-10.0987890467
-10.0987583479
-10.098728978
-10.0986887234
-10.0985717922
-10.0984842398
-10.0987665012
-10.0975402203
-10.0962787435
)
;
    }
    bottom
    {
        type            calculated;
        value           nonuniform List<scalar> 
41
(
-14.0728185462
-13.9669730009
-13.7703799857
-13.5083450842
-13.2083345113
-12.8951960818
-12.5879419553
-12.2992534871
-12.0363830993
-11.8025014835
-11.5980039584
-11.4215676647
-11.2709201456
-11.1433582175
-11.036077195
-10.9463666174
-10.8717168221
-10.8098684451
-10.7588268389
-10.716855944
-10.6824609471
-10.6543655683
-10.631487531
-10.6129142947
-10.5978802031
-10.5857456224
-10.5759782909
-10.5681368989
-10.5618567995
-10.5568376903
-10.5528330821
-10.5496413505
-10.5470981467
-10.5450699536
-10.5434486407
-10.542146126
-10.5410859003
-10.5402012963
-10.5395107132
-10.539229214
-10.5390558549
)
;
    }
    frontback
    {
        type            empty;
    }
}


// ************************************************************************* //
