/*--------------------------------*- C++ -*----------------------------------*\
| =========                 |                                                 |
| \\      /  F ield         | OpenFOAM: The Open Source CFD Toolbox           |
|  \\    /   O peration     | Version:  2112                                  |
|   \\  /    A nd           | Website:  www.openfoam.com                      |
|    \\/     M anipulation  |                                                 |
\*---------------------------------------------------------------------------*/
FoamFile
{
    version     2.0;
    format      ascii;
    arch        "LSB;label=32;scalar=64";
    class       volScalarField;
    location    "1";
    object      phiE;
}
// * * * * * * * * * * * * * * * * * * * * * * * * * * * * * * * * * * * * * //

dimensions      [1 2 -3 0 0 -1 0];

internalField   nonuniform List<scalar> 
1681
(
0.993902456243
0.993902456623
0.993902456242
0.993902456632
0.993902456345
0.993902456626
0.993902456457
0.993902456618
0.993902456511
0.993902456549
0.993902456429
0.993902456352
0.993902456175
0.993902456007
0.993902455778
0.993902455559
0.993902455315
0.993902455092
0.99390245488
0.993902454703
0.993902454558
0.993902454456
0.993902454389
0.99390245436
0.993902454355
0.993902454371
0.993902454389
0.993902454405
0.993902454402
0.993902454378
0.993902454319
0.993902454232
0.993902454107
0.993902453967
0.993902453798
0.993902453649
0.993902453488
0.993902453394
0.993902453293
0.993902453299
0.993902453277
0.981707368713
0.981707369882
0.981707368718
0.981707369902
0.981707369032
0.981707369881
0.981707369369
0.981707369855
0.981707369531
0.981707369645
0.981707369283
0.981707369053
0.981707368521
0.981707368019
0.981707367334
0.981707366675
0.981707365946
0.98170736528
0.981707364645
0.981707364114
0.981707363679
0.981707363373
0.981707363173
0.981707363085
0.981707363071
0.981707363115
0.981707363171
0.981707363217
0.981707363207
0.981707363134
0.981707362955
0.981707362695
0.981707362319
0.981707361899
0.981707361393
0.981707360949
0.981707360464
0.981707360184
0.98170735988
0.9817073599
0.981707359837
0.969512281143
0.969512283173
0.969512281174
0.969512283189
0.969512281709
0.969512283142
0.969512282274
0.969512283088
0.969512282542
0.969512282731
0.969512282125
0.969512281743
0.969512280856
0.969512280023
0.969512278884
0.969512277791
0.969512276581
0.969512275475
0.969512274421
0.969512273541
0.969512272819
0.969512272309
0.969512271975
0.969512271828
0.969512271801
0.969512271871
0.969512271959
0.969512272032
0.969512272011
0.969512271886
0.969512271585
0.969512271152
0.969512270524
0.969512269828
0.969512268986
0.969512268251
0.969512267442
0.969512266983
0.969512266474
0.969512266516
0.969512266416
0.957317193534
0.957317196495
0.957317193618
0.95731719649
0.957317194383
0.957317196402
0.957317195169
0.957317196306
0.957317195533
0.957317195794
0.957317194943
0.95731719441
0.957317193172
0.957317192014
0.957317190428
0.957317188909
0.957317187227
0.95731718569
0.957317184226
0.957317183001
0.957317181996
0.957317181284
0.957317180815
0.957317180604
0.957317180558
0.957317180645
0.957317180757
0.957317180848
0.957317180809
0.957317180629
0.957317180203
0.957317179598
0.95731717872
0.957317177753
0.957317176578
0.957317175562
0.957317174432
0.957317173803
0.957317173087
0.957317173158
0.957317173026
0.945122105887
0.945122109841
0.945122106058
0.945122109799
0.945122107057
0.945122109653
0.945122108051
0.945122109498
0.945122108494
0.945122108819
0.945122107724
0.945122107042
0.94512210546
0.945122103985
0.945122101964
0.945122100033
0.945122097893
0.945122095938
0.945122094075
0.945122092515
0.94512209123
0.945122090318
0.94512208971
0.945122089428
0.945122089351
0.945122089445
0.945122089567
0.945122089665
0.945122089597
0.945122089355
0.945122088802
0.945122088026
0.945122086902
0.945122085673
0.945122084173
0.945122082888
0.945122081443
0.945122080653
0.945122079733
0.945122079839
0.945122079678
0.93292701821
0.932927023205
0.932927018502
0.932927023108
0.932927019737
0.932927022887
0.932927020916
0.932927022649
0.932927021415
0.932927021792
0.932927020456
0.932927019625
0.932927017709
0.932927015929
0.932927013492
0.932927011165
0.932927008587
0.93292700623
0.932927003983
0.932927002099
0.932927000542
0.932926999429
0.932926998677
0.932926998313
0.932926998194
0.932926998276
0.932926998391
0.932926998482
0.932926998372
0.93292699806
0.932926997375
0.932926996431
0.932926995068
0.932926993588
0.932926991776
0.932926990236
0.932926988485
0.932926987547
0.932926986424
0.932926986569
0.932926986383
0.920731930508
0.920731936581
0.920731930957
0.920731936414
0.920731932423
0.920731936095
0.920731933758
0.92073193575
0.920731934284
0.920731934698
0.920731933125
0.920731932147
0.920731929912
0.920731927841
0.920731925009
0.920731922307
0.920731919316
0.920731916578
0.920731913966
0.92073191177
0.920731909947
0.920731908634
0.920731907732
0.920731907274
0.920731907094
0.920731907145
0.920731907233
0.920731907296
0.920731907129
0.920731906738
0.920731905918
0.92073190481
0.920731903217
0.920731901501
0.92073189939
0.920731897613
0.920731895569
0.920731894494
0.920731893175
0.920731893359
0.920731893151
0.908536842786
0.908536849959
0.908536843428
0.90853684971
0.908536845118
0.908536849271
0.908536846574
0.908536848788
0.908536847091
0.908536847523
0.908536845719
0.908536844596
0.908536842058
0.908536839714
0.908536836513
0.908536833461
0.908536830085
0.908536826991
0.908536824035
0.908536821542
0.908536819462
0.908536817949
0.908536816889
0.908536816323
0.908536816061
0.908536816058
0.908536816095
0.908536816108
0.908536815867
0.908536815386
0.908536814427
0.90853681316
0.908536811348
0.908536809412
0.908536807023
0.908536805028
0.908536802707
0.908536801506
0.908536799996
0.90853680022
0.908536799993
0.896341755047
0.896341763332
0.896341755918
0.896341762992
0.896341757821
0.896341762407
0.896341759354
0.896341761752
0.896341759822
0.896341760253
0.896341758224
0.896341756959
0.896341754137
0.89634175154
0.896341748001
0.896341744628
0.896341740898
0.896341737475
0.8963417342
0.896341731428
0.8963417291
0.896341727386
0.896341726161
0.896341725468
0.896341725104
0.89634172502
0.896341724978
0.896341724919
0.896341724583
0.896341724001
0.896341722901
0.89634172148
0.896341719464
0.896341717327
0.896341714681
0.896341712489
0.896341709908
0.896341708594
0.896341706899
0.896341707161
0.896341706916
0.884146667293
0.884146676692
0.884146668428
0.884146676253
0.88414667053
0.884146675496
0.884146672094
0.884146674632
0.884146672466
0.884146672875
0.884146670627
0.884146669224
0.88414666614
0.884146663312
0.884146659468
0.884146655807
0.884146651759
0.884146648038
0.88414664447
0.884146641437
0.884146638871
0.884146636957
0.884146635557
0.884146634721
0.884146634229
0.884146634036
0.884146633887
0.884146633729
0.884146633278
0.884146632583
0.884146631339
0.884146629771
0.884146627566
0.884146625251
0.884146622373
0.884146620009
0.884146617186
0.88414661577
0.884146613897
0.884146614191
0.884146613931
0.871951579525
0.871951590029
0.871951580956
0.871951589487
0.871951583243
0.871951588531
0.871951584785
0.871951587415
0.871951585011
0.871951585373
0.871951582914
0.871951581375
0.871951578054
0.87195157502
0.871951570909
0.871951566994
0.871951562667
0.87195155868
0.871951554849
0.871951551574
0.871951548781
0.871951546669
0.871951545084
0.871951544087
0.871951543443
0.871951543111
0.871951542824
0.871951542539
0.871951541951
0.871951541131
0.871951539741
0.871951538036
0.871951535661
0.871951533192
0.87195153011
0.871951527597
0.871951524554
0.871951523046
0.871951520999
0.871951521319
0.871951521043
0.859756491742
0.859756503331
0.8597564935
0.859756502687
0.859756495956
0.859756501505
0.859756497417
0.85975650009
0.859756497442
0.859756497733
0.859756495068
0.8597564934
0.859756489867
0.859756486656
0.859756482316
0.859756478185
0.85975647362
0.859756469403
0.859756465338
0.859756461844
0.859756458837
0.859756456526
0.859756454749
0.859756453571
0.85975645275
0.859756452249
0.859756451793
0.859756451352
0.859756450606
0.859756449647
0.859756448111
0.859756446279
0.859756443756
0.85975644116
0.859756437903
0.85975643527
0.859756432025
0.859756430434
0.859756428217
0.859756428552
0.859756428261
0.847561403939
0.847561416587
0.847561406055
0.847561415845
0.847561408663
0.847561414408
0.847561409982
0.847561412645
0.847561409745
0.84756140994
0.847561407075
0.847561405282
0.847561401567
0.847561398206
0.847561393682
0.847561389374
0.847561384614
0.847561380203
0.847561375937
0.847561372246
0.847561369038
0.847561366531
0.847561364554
0.847561363177
0.847561362152
0.847561361453
0.847561360796
0.847561360172
0.847561359245
0.847561358137
0.847561356455
0.847561354508
0.84756135186
0.847561349168
0.847561345769
0.847561343041
0.847561339617
0.847561337947
0.847561335562
0.847561335898
0.847561335591
0.835366316111
0.835366329784
0.835366318615
0.835366328951
0.835366321358
0.835366327232
0.83536632247
0.835366325067
0.835366321906
0.835366321976
0.835366318918
0.835366317006
0.835366313137
0.835366309659
0.835366304993
0.835366300553
0.835366295642
0.835366291076
0.835366286641
0.835366282776
0.835366279381
0.835366276682
0.835366274497
0.835366272905
0.835366271653
0.835366270726
0.835366269837
0.835366269003
0.835366267874
0.835366266606
0.835366264781
0.835366262734
0.835366259989
0.835366257231
0.835366253726
0.835366250931
0.835366247346
0.8353662456
0.835366243045
0.835366243363
0.835366243038
0.823171228252
0.823171242906
0.823171231169
0.823171241995
0.823171234032
0.823171239966
0.823171234869
0.823171237342
0.823171233908
0.823171233824
0.823171230577
0.823171228554
0.823171224561
0.823171221
0.823171216239
0.823171211708
0.823171206692
0.82317120201
0.82317119744
0.823171193426
0.823171189858
0.823171186971
0.823171184574
0.823171182752
0.823171181252
0.823171180069
0.823171178921
0.823171177849
0.8231711765
0.823171175062
0.8231711731
0.823171170969
0.823171168158
0.823171165369
0.823171161795
0.823171158961
0.823171155232
0.823171153408
0.823171150676
0.823171150954
0.823171150608
0.81097614035
0.810976155936
0.810976143707
0.810976154963
0.810976146676
0.810976152601
0.810976147167
0.810976149456
0.810976145734
0.810976145464
0.810976142033
0.810976139904
0.81097613582
0.81097613221
0.810976127401
0.810976122827
0.810976117752
0.810976112993
0.810976108321
0.810976104183
0.810976100459
0.81097609739
0.810976094779
0.810976092715
0.810976090947
0.810976089485
0.81097608805
0.810976086717
0.810976085131
0.810976083517
0.810976081425
0.810976079231
0.810976076386
0.810976073606
0.810976070001
0.810976067155
0.810976063299
0.810976061389
0.81097605847
0.810976058679
0.810976058305
0.798781052396
0.798781068856
0.798781056215
0.798781067842
0.79878105928
0.798781065124
0.79878105935
0.798781061392
0.798781057364
0.798781056876
0.798781053263
0.798781051036
0.798781046893
0.798781043271
0.798781038463
0.79878103389
0.798781028803
0.798781024006
0.798781019267
0.798781015028
0.798781011167
0.798781007924
0.798781005099
0.798781002786
0.798781000735
0.798780998973
0.798780997229
0.798780995615
0.798780993777
0.798780991983
0.798780989772
0.79878098754
0.798780984699
0.798780981967
0.798780978373
0.798780975542
0.798780971572
0.798780969563
0.798780966437
0.798780966543
0.798780966136
0.786585964374
0.786585981644
0.786585968677
0.786585980617
0.78658597183
0.786585977521
0.786585971403
0.786585973132
0.786585968777
0.786585968036
0.786585964243
0.786585961924
0.786585957755
0.786585954158
0.786585949401
0.786585944876
0.786585939822
0.786585935028
0.786585930254
0.786585925941
0.78658592196
0.786585918554
0.78658591552
0.786585912953
0.786585910609
0.786585908533
0.786585906461
0.786585904548
0.786585902449
0.786585900474
0.78658589816
0.786585895917
0.786585893122
0.786585890484
0.786585886944
0.786585884153
0.786585880079
0.786585877949
0.786585874594
0.786585874554
0.786585874103
0.774390876269
0.77439089428
0.774390881075
0.774390893271
0.774390884312
0.77439088978
0.77439088331
0.774390884657
0.77439087995
0.774390878918
0.774390874942
0.774390872539
0.774390868378
0.774390864845
0.774390860189
0.774390855759
0.774390850785
0.774390846031
0.774390841255
0.774390836893
0.774390832813
0.774390829259
0.774390826024
0.774390823205
0.774390820564
0.774390818162
0.77439081575
0.774390813527
0.77439081116
0.774390809008
0.77439080661
0.774390804389
0.774390801687
0.774390799193
0.774390795752
0.774390793027
0.774390788854
0.774390786575
0.774390782956
0.774390782721
0.774390782213
0.762195788063
0.762195806741
0.762195793389
0.762195805786
0.762195796712
0.762195801884
0.762195795052
0.762195795947
0.762195790857
0.762195789492
0.762195785332
0.76219578285
0.76219577873
0.762195775301
0.762195770797
0.762195766509
0.762195761661
0.762195756985
0.762195752239
0.762195747854
0.762195743697
0.762195740011
0.762195736589
0.762195733526
0.762195730589
0.762195727859
0.7621957251
0.762195722559
0.762195719923
0.762195717604
0.762195715147
0.762195712986
0.762195710429
0.762195708131
0.762195704839
0.762195702203
0.762195697932
0.762195695466
0.762195691541
0.762195691052
0.762195690469
0.750000699739
0.750000719
0.750000705596
0.750000718144
0.750000709011
0.750000713818
0.75000070661
0.750000706976
0.750000701468
0.750000699727
0.750000695375
0.75000069282
0.750000688776
0.750000685492
0.750000681191
0.750000677093
0.750000672415
0.750000667854
0.75000066317
0.750000658789
0.750000654579
0.750000650782
0.750000647191
0.750000643898
0.750000640675
0.750000637621
0.750000634514
0.750000631654
0.750000628754
0.75000062628
0.750000623794
0.750000621738
0.750000619386
0.750000617344
0.750000614251
0.750000611728
0.750000607357
0.750000604655
0.75000060037
0.75000059956
0.750000598878
0.737805611276
0.737805631034
0.737805617674
0.737805630324
0.737805621192
0.737805625564
0.737805617962
0.73780561772
0.737805611752
0.737805609585
0.737805605032
0.737805602408
0.737805598474
0.737805595377
0.737805591333
0.737805587473
0.73780558301
0.737805578601
0.73780557401
0.73780556966
0.737805565423
0.73780556154
0.737805557805
0.737805554303
0.737805550812
0.737805547443
0.737805543996
0.737805540821
0.737805537667
0.737805535057
0.737805532579
0.73780553068
0.737805528597
0.737805526876
0.737805524039
0.737805521651
0.737805517171
0.737805514177
0.737805509467
0.737805508256
0.737805507445
0.725610522655
0.725610542818
0.725610529598
0.725610542308
0.725610533236
0.725610537105
0.725610529085
0.72561052815
0.725610521674
0.725610519027
0.725610514259
0.725610511569
0.725610507779
0.725610504914
0.725610501178
0.725610497607
0.725610493404
0.725610489183
0.725610484717
0.725610480426
0.725610476192
0.725610472253
0.725610468404
0.725610464723
0.725610460986
0.725610457323
0.725610453548
0.725610450069
0.725610446677
0.725610443955
0.725610441529
0.725610439844
0.725610438105
0.725610436778
0.725610434258
0.725610432027
0.725610427426
0.725610424069
0.725610418856
0.725610417155
0.725610416176
0.713415433855
0.713415454325
0.713415441343
0.713415454076
0.713415445124
0.713415448424
0.713415439955
0.713415438237
0.713415431195
0.713415428009
0.713415423007
0.713415420254
0.713415416642
0.713415414053
0.713415410683
0.713415407451
0.713415403553
0.713415399558
0.713415395249
0.713415391047
0.713415386847
0.713415382887
0.713415378962
0.713415375137
0.713415371189
0.713415367255
0.713415363173
0.713415359405
0.713415355796
0.713415352994
0.713415350668
0.713415349265
0.713415347952
0.713415347099
0.713415344962
0.713415342913
0.713415338173
0.713415334376
0.713415328568
0.713415326272
0.713415325077
0.701220344857
0.701220365532
0.701220352887
0.701220365609
0.701220356837
0.701220359502
0.701220350546
0.70122034795
0.701220340275
0.701220336485
0.701220331225
0.701220328408
0.701220325009
0.701220322744
0.701220319797
0.701220316959
0.701220313413
0.701220309682
0.701220305565
0.701220301484
0.701220297354
0.701220293412
0.701220289454
0.701220285529
0.701220281408
0.701220277236
0.701220272873
0.701220268837
0.701220265037
0.701220262189
0.701220260021
0.701220258975
0.70122025818
0.701220257892
0.701220256211
0.701220254368
0.701220249469
0.70122024514
0.701220238632
0.701220235627
0.701220234154
0.689025255646
0.689025276419
0.68902526421
0.689025276895
0.689025268359
0.689025270323
0.689025260836
0.689025257255
0.689025248872
0.689025244404
0.689025238858
0.689025235977
0.689025232825
0.689025230935
0.689025228472
0.689025226083
0.68902522294
0.689025219514
0.689025215624
0.689025211699
0.689025207679
0.689025203799
0.689025199859
0.689025195884
0.689025191635
0.689025187263
0.689025182649
0.68902517837
0.689025174409
0.689025171556
0.689025169607
0.689025169002
0.689025168828
0.689025169203
0.689025168061
0.689025166452
0.689025161369
0.68902515641
0.689025149081
0.689025145236
0.689025143412
0.676830166207
0.676830186966
0.676830175295
0.676830187919
0.676830179675
0.676830180875
0.676830170799
0.676830166123
0.676830156943
0.676830151719
0.676830145851
0.676830142903
0.676830140034
0.676830138573
0.676830136657
0.67683013478
0.676830132093
0.676830129016
0.676830125393
0.676830121662
0.676830117795
0.676830114028
0.676830110158
0.676830106189
0.676830101864
0.676830097334
0.676830092502
0.676830088007
0.676830083915
0.676830081102
0.676830079442
0.67683007937
0.676830079927
0.676830081078
0.676830080564
0.676830079222
0.676830073929
0.67683006823
0.676830059945
0.676830055117
0.676830052852
0.664635076532
0.664635097161
0.664635086133
0.664635098677
0.664635090776
0.664635091147
0.664635080417
0.664635074525
0.664635064451
0.664635058382
0.664635052153
0.664635049133
0.664635046584
0.66463504561
0.664635044312
0.664635043012
0.664635040838
0.664635038158
0.664635034844
0.664635031349
0.664635027683
0.664635024082
0.664635020343
0.664635016438
0.664635012091
0.664635007445
0.66463500243
0.664634997746
0.664634993558
0.664634990831
0.664634989532
0.664634990093
0.664634991505
0.664634993552
0.664634993766
0.664634992728
0.664634987198
0.664634980644
0.664634971255
0.664634965284
0.664634962474
0.65243998662
0.652440006997
0.652439996723
0.652440009171
0.652440001659
0.652440001135
0.652439989674
0.652439982438
0.652439971361
0.652439964354
0.652439957719
0.652439954623
0.652439952432
0.652439952006
0.6524399514
0.652439950748
0.652439949151
0.652439946921
0.652439943962
0.652439940749
0.652439937334
0.652439933957
0.652439930411
0.652439926631
0.652439922316
0.652439917598
0.652439912432
0.652439907584
0.652439903331
0.652439900736
0.652439899875
0.652439901176
0.652439903574
0.65243990665
0.652439907704
0.652439907011
0.65243990122
0.652439893689
0.652439883033
0.652439875748
0.65243987227
0.640244896475
0.640244916477
0.640244907076
0.640244919412
0.64024491233
0.640244910846
0.640244898566
0.640244889848
0.64024487765
0.640244869607
0.640244862516
0.64024485934
0.640244857548
0.640244857737
0.640244857903
0.640244857977
0.640244857024
0.640244855301
0.640244852748
0.640244849865
0.640244846754
0.640244843659
0.640244840369
0.640244836774
0.640244832544
0.640244827793
0.640244822504
0.640244817512
0.64024481322
0.640244810803
0.640244810458
0.64024481261
0.640244816133
0.64024482038
0.640244822393
0.640244822098
0.640244816021
0.640244807387
0.640244795293
0.64024478651
0.640244782224
0.628049806116
0.628049825613
0.628049817219
0.628049829427
0.628049822808
0.628049820295
0.628049807098
0.628049796756
0.628049783312
0.628049774129
0.628049766532
0.628049763274
0.628049761925
0.628049762801
0.628049763823
0.628049764705
0.628049764469
0.628049763314
0.62804976122
0.628049758718
0.628049755966
0.628049753211
0.628049750236
0.628049746883
0.628049742784
0.62804973803
0.628049732639
0.628049727515
0.628049723205
0.628049721006
0.628049721251
0.628049724367
0.628049729161
0.628049734727
0.62804973783
0.628049737989
0.628049731608
0.628049721747
0.628049708033
0.628049697557
0.62804969231
0.615854715568
0.615854734433
0.615854727197
0.615854739259
0.615854733126
0.615854729515
0.615854715294
0.615854703182
0.615854688362
0.615854677938
0.615854669785
0.615854666446
0.615854665587
0.615854667227
0.615854669193
0.61585467097
0.615854671527
0.615854671004
0.615854669423
0.615854667352
0.61585466501
0.615854662651
0.615854660044
0.61585465698
0.615854653048
0.615854648312
0.615854642828
0.615854637572
0.615854633254
0.615854631304
0.61585463221
0.615854636401
0.615854642611
0.615854649649
0.615854653979
0.615854654659
0.615854647959
0.615854636748
0.615854621231
0.615854608859
0.615854602484
0.603659624875
0.603659642981
0.603659637078
0.603659648973
0.603659643338
0.603659638558
0.603659623195
0.60365960917
0.603659592845
0.603659581083
0.603659572331
0.603659568917
0.6036595686
0.603659571083
0.603659574086
0.603659576846
0.603659578272
0.603659578445
0.603659577432
0.603659575838
0.603659573953
0.603659572035
0.60365956984
0.603659567101
0.603659563358
0.603659558643
0.603659553058
0.603659547655
0.603659543323
0.603659541643
0.603659543269
0.60365954864
0.603659556407
0.60365956507
0.603659570766
0.603659572039
0.603659565013
0.603659552338
0.603659534835
0.603659520363
0.603659512686
0.591464534093
0.591464551323
0.591464546957
0.591464558656
0.591464553521
0.591464547496
0.591464530874
0.591464514794
0.591464496843
0.591464483658
0.591464474271
0.5914644708
0.591464471082
0.591464474491
0.591464478621
0.591464482452
0.591464484821
0.59146448575
0.591464485354
0.591464484278
0.591464482886
0.591464481444
0.591464479688
0.591464477288
0.591464473735
0.591464469026
0.59146446331
0.591464457726
0.591464453358
0.591464451949
0.59146445434
0.591464460981
0.591464470436
0.59146448087
0.591464488072
0.591464490014
0.591464482664
0.591464468421
0.591464448758
0.591464431987
0.591464422835
0.579269443295
0.579269459546
0.579269456953
0.579269468429
0.57926946378
0.579269456431
0.579269438428
0.579269420167
0.579269400484
0.579269385809
0.579269375769
0.579269372267
0.57926937321
0.57926937763
0.579269382977
0.579269387959
0.57926939134
0.579269393078
0.579269393337
0.579269392808
0.579269391932
0.57926939098
0.579269389669
0.5792693876
0.579269384212
0.579269379464
0.579269373563
0.579269367739
0.579269363288
0.579269362132
0.57926936531
0.57926937329
0.579269384548
0.579269396882
0.579269405723
0.579269408415
0.579269400751
0.579269384854
0.579269362873
0.579269343615
0.579269332825
0.567074352567
0.567074367768
0.567074367218
0.567074378439
0.567074374248
0.567074365494
0.567074345993
0.567074325441
0.567074303944
0.567074287737
0.567074277044
0.567074273555
0.56707427523
0.567074280743
0.567074287389
0.567074293595
0.567074298043
0.567074300631
0.567074301572
0.5670743016
0.567074301243
0.567074300774
0.567074299885
0.567074298107
0.567074294826
0.567074289961
0.567074283791
0.567074277639
0.567074273029
0.567074272079
0.567074276038
0.567074285399
0.567074298544
0.567074312886
0.567074323486
0.567074327009
0.567074319054
0.56707430144
0.567074277009
0.567074255097
0.567074242527
0.554879262009
0.554879276133
0.554879277926
0.554879288868
0.554879285088
0.554879274846
0.554879253733
0.554879230807
0.554879207444
0.554879189696
0.55487917838
0.554879174965
0.554879177447
0.554879184133
0.554879192152
0.55487919964
0.554879205194
0.554879208658
0.554879210287
0.554879210865
0.554879211003
0.55487921098
0.554879210456
0.554879208892
0.55487920562
0.554879200526
0.554879193964
0.554879187361
0.554879182484
0.554879181658
0.554879186356
0.554879197102
0.554879212183
0.55487922861
0.554879241071
0.554879245507
0.554879237297
0.554879217931
0.554879190953
0.554879166253
0.554879151793
0.542684171728
0.542684184818
0.542684189262
0.542684199915
0.542684196488
0.542684184671
0.542684161841
0.542684136487
0.542684111242
0.542684091981
0.542684080099
0.542684076839
0.542684080209
0.542684088144
0.542684097596
0.542684106409
0.542684113092
0.542684117438
0.542684119744
0.542684120838
0.542684121422
0.542684121774
0.542684121521
0.542684120049
0.542684116647
0.542684111163
0.542684104047
0.542684096831
0.542684091538
0.542684090715
0.54268409607
0.542684108162
0.542684125187
0.54268414374
0.542684158145
0.542684163576
0.542684155167
0.542684134048
0.542684104471
0.542684076887
0.542684060465
0.530489081824
0.53048909402
0.530489101403
0.530489111785
0.53048910864
0.53048909516
0.53048907052
0.530489042712
0.530489015605
0.530488994893
0.530488982528
0.53048897952
0.530488983864
0.53048899312
0.530489004056
0.53048901422
0.530489022038
0.530489027257
0.530489030209
0.530489031762
0.530489032713
0.530489033338
0.530489033219
0.530489031677
0.530489027957
0.530489021881
0.530489014004
0.530489005972
0.530489000072
0.530488999088
0.53048900497
0.530489018324
0.53048903726
0.530489057945
0.530489074361
0.53048908088
0.530489072352
0.53048904952
0.530489017336
0.53048898681
0.530488968389
0.518293992378
0.518294003951
0.518294014476
0.518294024648
0.518294021717
0.518294006489
0.518293979948
0.518293949683
0.518293920757
0.518293898675
0.518293885927
0.518293883277
0.518293888682
0.518293899327
0.518293911793
0.518293923329
0.518293932278
0.518293938351
0.518293941904
0.518293943841
0.518293945058
0.518293945821
0.518293945668
0.518293943854
0.518293939591
0.518293932678
0.518293923795
0.518293914704
0.518293907967
0.518293906618
0.518293912857
0.51829392735
0.518293948131
0.518293970933
0.518293989428
0.518293997152
0.518293988623
0.518293964156
0.518293929396
0.518293895894
0.51829387545
0.506098903418
0.506098914803
0.506098928485
0.506098938564
0.506098935806
0.506098918759
0.506098890228
0.506098857504
0.506098826794
0.50609880341
0.506098790365
0.506098788173
0.506098794722
0.506098806825
0.506098820875
0.506098833814
0.506098843896
0.506098850809
0.506098854917
0.506098857152
0.506098858521
0.506098859275
0.506098858898
0.506098856592
0.506098851541
0.506098843528
0.506098833375
0.506098822961
0.50609881513
0.506098813185
0.506098819586
0.506098835077
0.506098857635
0.506098882553
0.506098903231
0.506098912334
0.506098903972
0.506098877984
0.506098840687
0.506098804154
0.506098781611
)
;

boundaryField
{
    inout
    {
        type            empty;
    }
    top
    {
        type            fixedValue;
        value           nonuniform List<scalar> 
41
(
0.500001357686
0.50000136915
0.500001384839
0.500001395285
0.500001392803
0.500001374754
0.500001344936
0.500001310625
0.500001278692
0.500001254408
0.500001241098
0.500001239151
0.500001246379
0.500001259353
0.500001274321
0.500001288032
0.500001298693
0.500001306007
0.500001310367
0.500001312754
0.500001314269
0.500001315165
0.500001314885
0.500001312577
0.500001307372
0.50000129901
0.500001288362
0.500001277365
0.500001269025
0.50000126683
0.500001273423
0.500001289627
0.500001313391
0.500001339737
0.500001361868
0.500001371876
0.500001363522
0.500001336346
0.500001297084
0.500001258254
0.500001234088
)
;
    }
    bottom
    {
        type            fixedValue;
        value           uniform 1;
    }
    frontback
    {
        type            empty;
    }
}


// ************************************************************************* //
