/*--------------------------------*- C++ -*----------------------------------*\
| =========                 |                                                 |
| \\      /  F ield         | OpenFOAM: The Open Source CFD Toolbox           |
|  \\    /   O peration     | Version:  2112                                  |
|   \\  /    A nd           | Website:  www.openfoam.com                      |
|    \\/     M anipulation  |                                                 |
\*---------------------------------------------------------------------------*/
FoamFile
{
    version     2.0;
    format      ascii;
    arch        "LSB;label=32;scalar=64";
    class       volScalarField;
    location    "1";
    object      T;
}
// * * * * * * * * * * * * * * * * * * * * * * * * * * * * * * * * * * * * * //

dimensions      [0 0 0 1 0 0 0];

internalField   nonuniform List<scalar> 
1681
(
319.828398556
319.829687852
319.83208242
319.835273752
319.838927413
319.842740727
319.846482145
319.849997265
319.853197814
319.85604522
319.858534702
319.860682398
319.862516003
319.864068452
319.865373918
319.866465423
319.867373545
319.868125809
319.868746518
319.869256821
319.869674928
319.870016386
319.870294375
319.870520008
319.870702608
319.87084996
319.870968541
319.871063721
319.871139935
319.871200836
319.871249421
319.871288142
319.871319
319.871343619
319.871363319
319.871379174
319.871392105
319.871402891
319.871411288
319.871414785
319.87141686
319.485148349
319.489023571
319.496219637
319.505807516
319.51678094
319.528230532
319.539461401
319.550010751
319.559614405
319.568157278
319.575625537
319.582067958
319.587567875
319.592224255
319.596139707
319.599413349
319.602136935
319.604393052
319.606254602
319.607785026
319.609038945
319.610062986
319.610896684
319.611573364
319.612120986
319.612562899
319.61291853
319.613203981
319.613432554
319.613615201
319.613760912
319.613877041
319.613969585
319.614043423
319.614102508
319.614150056
319.614188836
319.614221217
319.614246524
319.61425685
319.614262909
319.141755771
319.148239109
319.160273914
319.176300056
319.194630631
319.213745457
319.232485604
319.250081121
319.266093876
319.280334159
319.292780605
319.303515737
319.312679269
319.320436672
319.326959267
319.332412421
319.336949134
319.340707073
319.343807732
319.346356823
319.348445345
319.350150974
319.351539567
319.352666636
319.353578749
319.354314798
319.354907139
319.355382592
319.35576331
319.356067537
319.356310243
319.356503676
319.356657827
319.35678082
319.356879239
319.356958435
319.357023022
319.357077057
319.357119579
319.357136303
319.35714593
318.798124492
318.807253545
318.824189637
318.846723858
318.872474074
318.899302417
318.92558481
318.950246287
318.972678035
318.99261888
319.010042468
319.025066905
319.037889523
319.048743073
319.057868055
319.065496331
319.071842261
319.077098629
319.081435505
319.085000832
319.087921936
319.09030749
319.09224962
319.093825976
319.095101692
319.096131166
319.09695965
319.097624654
319.098157162
319.098582687
319.098922168
319.099192734
319.099408357
319.099580398
319.099718068
319.09982884
319.099919166
319.099994892
319.100054954
319.100077603
319.100090482
318.454156546
318.465984882
318.487910852
318.517051605
318.550309334
318.584918845
318.618789504
318.650544452
318.679408848
318.705054512
318.727453658
318.746762547
318.76323785
318.777180686
318.788901368
318.798698601
318.806848265
318.813598301
318.819167338
318.823745491
318.827496345
318.830559493
318.833053255
318.835077353
318.836715427
318.838037328
318.839101159
318.839955082
318.840638881
318.841185312
318.841621258
318.841968715
318.842245619
318.842466561
318.842643363
318.84278561
318.842901583
318.842999008
318.8430769
318.843105025
318.843120949
318.109751729
318.12434963
318.151381147
318.187256302
318.228135186
318.27061294
318.312130806
318.351014259
318.38632854
318.41768423
318.445056706
318.468643672
318.48876334
318.505786576
318.520094323
318.532052563
318.541998893
318.550236468
318.557032444
318.562619036
318.567195994
318.570933735
318.573976678
318.57644653
318.578445361
318.580058403
318.581356557
318.582398586
318.583233033
318.583899862
318.584431877
318.584855911
318.585193852
318.585463502
318.585679286
318.585852879
318.585994383
318.586113478
318.586209433
318.586242636
318.586261467
317.76480691
317.782262352
317.814543517
317.857311387
317.905951329
317.956403882
318.00564064
318.051694907
318.093479646
318.130551334
318.162894123
318.190751171
318.214504898
318.234597588
318.251481788
318.265591283
318.27732562
318.287043228
318.29505975
318.301649413
318.307048017
318.31145668
318.315045807
318.317958982
318.320316607
318.32221922
318.323750443
318.324979583
318.325963889
318.326750497
318.327378092
318.327878323
318.328277001
318.328595123
318.328849701
318.329054488
318.32922138
318.329362082
318.32947626
318.329514198
318.329535834
317.419215286
317.439635195
317.477340235
317.527190855
317.583758611
317.642312056
317.699351906
317.75262625
317.800905064
317.843699243
317.881008365
317.913125762
317.940501179
317.963650262
317.983098298
317.999347472
318.012859552
318.024048302
318.033277806
318.040864188
318.047079162
318.052154405
318.056286171
318.059639792
318.062353894
318.064544218
318.066307026
318.067722098
318.068855332
318.069760985
318.070483583
318.071059556
318.071518615
318.07188493
318.072178082
318.072413879
318.072605995
318.072768204
318.07290069
318.072943073
318.072967426
317.07286559
317.096377402
317.139712749
317.196869414
317.261559283
317.328359287
317.393298649
317.453848901
317.508648092
317.557171496
317.599441806
317.635807936
317.666790516
317.692980758
317.714977965
317.733353398
317.748631335
317.761280946
317.771714685
317.780290447
317.787315698
317.793052507
317.797722815
317.801513561
317.80458146
317.807057346
317.809050024
317.810649667
317.811930752
317.812954598
317.813771531
317.814422722
317.814941751
317.815355935
317.815687404
317.815954
317.816171151
317.816354732
317.816505539
317.816552123
317.816579104
316.725641232
316.752394812
316.801601595
316.866322672
316.939357267
317.014569084
317.087516235
317.155404335
317.21675247
317.271011745
317.318236696
317.358837901
317.393410851
317.422624773
317.447154397
317.467640794
317.484671068
317.498769851
317.510397894
317.519954704
317.527783315
317.534175999
317.539380202
317.543604302
317.547022958
317.549781967
317.552002569
317.553785234
317.555212944
317.556354019
317.557264526
317.557990338
317.558568868
317.559030553
317.559400047
317.559697202
317.559939174
317.560143956
317.560313025
317.560363607
317.560393125
316.377419358
316.407589327
316.462946342
316.535527365
316.617158463
316.700966902
316.782041531
316.857334984
316.925262418
316.98526375
317.037435122
317.082255519
317.120399662
317.152617465
317.179660612
317.202240772
317.221008202
317.236543055
317.249354273
317.2598828
317.268507029
317.275549218
317.281282114
317.285935347
317.289701355
317.292740755
317.295187099
317.297151053
317.298724015
317.299981234
317.300984463
317.301784226
317.30242173
317.3029305
317.30333769
317.303665136
317.303931689
317.304157469
317.304344673
317.30439909
317.304431048
316.028069831
316.061858363
316.123685578
316.204461637
316.294971096
316.387580424
316.476913091
316.55968434
316.634222665
316.699971363
316.75707897
316.806100249
316.847793889
316.882993365
316.912528947
316.937183729
316.957671457
316.974627843
316.988609903
317.000099811
317.009511083
317.017195723
317.023451552
317.028529244
317.032638833
317.035955597
317.038625265
317.040768584
317.042485275
317.043857435
317.044952438
317.045825407
317.0465213
317.047076693
317.047521212
317.04787865
317.04816952
317.048416058
317.048621213
317.048679333
317.048713631
315.677454085
315.715094264
315.783756932
315.87310538
315.972806088
316.074439855
316.172171339
316.262497047
316.34367848
316.415178511
316.477209873
316.530411077
316.575629854
316.613786297
316.645790971
316.672499256
316.694688717
316.713050654
316.728190004
316.740629945
316.750818847
316.759138197
316.765910637
316.771407655
316.775856684
316.779447487
316.782337823
316.784658393
316.786517136
316.788002912
316.789188646
316.790134
316.790887635
316.791489142
316.791970586
316.792357686
316.792672581
316.792939605
316.793162469
316.793224197
316.793260735
315.325423855
315.367183698
315.443097157
315.541440643
315.650677491
315.76157824
315.86785876
315.965818986
316.053675688
316.13092917
316.197869159
316.255226446
316.303943184
316.345029285
316.379477389
316.408216037
316.432086938
316.451836975
316.468118838
316.48149644
316.492452716
316.50139834
316.5086805
316.514591253
316.519375207
316.523236423
316.526344526
316.528840039
316.530839004
316.532436948
316.53371227
316.534729109
316.535539779
316.536186842
316.536704767
316.537121167
316.537459769
316.537746972
316.537987253
316.538052525
316.538091209
314.971819743
315.01800701
315.101642286
315.209452119
315.328602961
315.449031794
315.564020086
315.66969736
315.764260678
315.847267328
315.919097788
315.980584179
316.032768715
316.076754458
316.113617946
316.144361753
316.169892039
316.191011244
316.208419597
316.222721457
316.234433998
316.24399676
316.251781178
316.258099608
316.263213594
316.267341291
316.270664016
316.273331966
316.275469162
316.277177701
316.278541369
316.279628714
316.280495647
316.281187657
316.281741578
316.282186885
316.282548848
316.28285589
316.283113248
316.283182039
316.283222781
314.616469595
314.667437548
314.759327875
314.877127736
315.006604285
315.136840253
315.260702489
315.374180763
315.475480408
315.564236948
315.640936287
315.706521394
315.762140409
315.80899296
315.848241324
315.880962977
315.908128803
315.930596735
315.9491143
315.964325971
315.976782806
315.986952863
315.995231498
316.001951073
316.007389816
316.011779752
316.015313705
316.018151383
316.020424661
316.022242091
316.023692759
316.02484955
316.025771909
316.026508204
316.027097596
316.027571381
316.027956332
316.02828284
316.028556894
316.028629213
316.028671943
314.259186639
314.315340959
314.416089354
314.54445935
314.684707976
314.82504725
314.957955758
315.079319245
315.18738239
315.281881909
315.363424669
315.433074416
315.49209125
315.541774837
315.583375037
315.618045064
315.646820761
315.670615453
315.690223678
315.706329657
315.719517944
315.730284736
315.739048961
315.746162673
315.751920506
315.756568126
315.760309654
315.76331415
315.765721193
315.767645678
315.769181896
315.770406986
315.771383867
315.772163731
315.772788024
315.773289825
315.773697362
315.774042931
315.77433326
315.77440916
315.774453824
313.899767359
313.961574458
314.071862529
314.211443577
314.362945925
314.513700696
314.655832488
314.78516436
314.900014668
315.000245946
315.086602356
315.160278685
315.222653148
315.275128942
315.319045325
315.355632041
315.385990084
315.411088015
315.431767057
315.448750773
315.462656789
315.47400903
315.483249623
315.490749976
315.496820841
315.501721264
315.505666459
315.508834648
315.511372971
315.51340254
315.515022745
315.5163149
315.517345329
315.518167991
315.518826571
315.51935589
315.519785583
315.520149775
315.520455922
315.5205355
315.52058207
313.537989026
313.605986077
313.72658425
313.878082772
314.041356126
314.202853185
314.354388244
314.491769205
314.613425785
314.719372581
314.810508084
314.888168649
314.953856829
315.009082818
315.055277038
315.093746497
315.125657466
315.152033539
315.173762245
315.191606043
315.206215168
315.218140838
315.227847972
315.235726979
315.242104411
315.247252432
315.251397116
315.25472566
315.257392604
315.259525143
315.261227662
315.262585558
315.263668485
315.264533116
315.265225322
315.265781624
315.266233014
315.266615359
315.266936837
315.267020239
315.267068717
313.173606839
313.24841391
313.38019331
313.544386181
313.719983471
313.892562406
314.053681726
314.199188441
314.32766473
314.439305037
314.535179806
314.616777666
314.685731727
314.743662591
314.792093529
314.832409466
314.865842012
314.893469525
314.916225411
314.934910534
314.950207243
314.962693574
314.97285681
314.981105978
314.987783103
314.993173179
314.997512902
315.000998242
315.003790967
315.006024219
315.007807259
315.009229476
315.010363779
315.011269488
315.011994611
315.012577323
315.013049919
315.013449919
315.013786208
315.013873634
315.013924058
312.80635057
312.888685364
313.032631618
313.210371293
313.398880617
313.582891567
313.753774917
313.907478294
314.042780882
314.160086147
314.26065459
314.346137891
314.418305875
314.478892857
314.529516535
314.571640313
314.606561117
314.635411736
314.65917097
314.678677545
314.694645389
314.707678852
314.718287126
314.72689745
314.733866973
314.739493219
314.74402325
314.747661597
314.750577078
314.752908634
314.754770282
314.756255302
314.757439779
314.758385611
314.75914289
314.759751401
314.760244681
314.760661807
314.761012363
314.761104074
314.761156522
312.435920636
312.526616457
312.68384572
312.876065418
313.078108931
313.273909814
313.454733206
313.616696544
313.758823925
313.881758255
313.986968505
314.076280164
314.151605792
314.214796571
314.26756607
314.311456622
314.347830357
314.377874089
314.402611462
314.422918483
314.439540076
314.453106369
314.464147978
314.473109931
314.480364125
314.486220302
314.490935623
314.494722952
314.497757973
314.500185268
314.502123484
314.503669688
314.504903052
314.505887986
314.50667661
314.507310265
314.507823678
314.508257371
314.508621625
314.508717945
314.508772544
312.061983438
312.162011185
312.333788761
312.541507519
312.757739496
312.965692649
313.156625492
313.326902484
313.475843761
313.604363103
313.714156513
313.8072339
313.885656371
313.951394932
314.006260311
314.051874085
314.08966338
314.120868539
314.146557449
314.167642753
314.184899754
314.198983789
314.210446381
314.219749896
314.227280596
314.233360104
314.238255399
314.242187443
314.245338587
314.247858895
314.249871506
314.251477166
314.252758045
314.253780992
314.25460009
314.255258193
314.255791156
314.256240828
314.256618192
314.256719516
314.256776442
311.684165839
311.794661037
311.982422984
312.206750327
312.437854182
312.658322326
312.859524257
313.03815686
313.1938904
313.327941713
313.442252348
313.539026971
313.620480766
313.68870728
313.745615492
313.792906399
313.832071793
313.864404977
313.891017401
313.912857651
313.930730751
313.945316634
313.957187192
313.966821658
313.974620244
313.98091611
313.985985757
313.990057997
313.993321643
313.995932068
313.998016765
313.999680041
314.001006971
314.002066767
314.002915414
314.003597223
314.00414912
314.004614158
314.005004024
314.005110823
314.005170309
311.30204855
311.424344726
311.629722919
311.871862763
312.118546765
312.351888217
312.563505599
312.750521779
312.913013838
313.052534263
313.171288395
313.271685597
313.356100291
313.426750994
313.485645808
313.534565164
313.575065072
313.60849113
313.6359976
313.658568267
313.677037165
313.692108184
313.704373016
313.714327257
313.722384647
313.728889515
313.734127575
313.738335232
313.741707545
313.744405016
313.746559346
313.748278281
313.749649705
313.750745109
313.751622316
313.752327045
313.752897228
313.753376988
313.753778735
313.753891558
313.7539539
310.915158197
311.050828258
311.275679416
311.536932698
311.799924062
312.046487137
312.268649225
312.464060597
312.633263916
312.778179952
312.901295575
313.005234238
313.092534317
313.165541393
313.22636332
313.276859796
313.318650472
313.353132472
313.381502056
313.404777395
313.423820785
313.439359394
313.452004111
313.462266379
313.470573014
313.477279131
313.482679341
313.487017367
313.490494289
313.493275554
313.495496913
313.49726943
313.49868369
313.499813381
313.500718096
313.501444909
313.502032696
313.502526509
313.502939503
313.503058986
313.503124545
310.522957729
310.673865498
310.920304744
311.202070054
311.482107074
311.742223598
311.975038387
312.178837766
312.354690172
312.504916868
312.632303224
312.739695488
312.829800181
312.905091654
312.967777876
313.019797448
313.062832946
313.098332154
313.127532426
313.151485458
313.17108101
313.187068809
313.200078316
313.210636273
313.219182104
313.226081316
313.231637074
313.236100143
313.239677388
313.242539004
313.244824635
313.246648526
313.24810386
313.249266433
313.250197538
313.250945549
313.251550223
313.252057396
313.252480989
313.252607859
313.252677065
310.124834774
310.293199462
310.563639004
310.867410254
311.165232063
311.439209982
311.682759765
311.894918656
312.077341669
312.232781846
312.36433898
312.475089983
312.567913098
312.645412737
312.70989704
312.763382947
312.807615089
312.844090937
312.874087959
312.898690451
312.918814791
312.935232515
312.948590994
312.9594317
312.968206177
312.97528991
312.980994269
312.985576766
312.989249809
312.992188138
312.994535119
312.996408046
312.997902583
312.999096545
313.000052851
313.00082112
313.001441931
313.001961744
313.002395283
313.002530357
313.002603717
309.72008742
309.908564647
310.205758203
310.533117997
310.849451541
311.137566603
311.391903273
311.612369336
311.801266817
311.961810329
312.097428675
312.211436311
312.306886098
312.386513323
312.452726043
312.507618742
312.552997089
312.590407152
312.621165454
312.6463879
312.667016594
312.683844093
312.697534988
312.708644886
312.717636947
312.724896198
312.730741853
312.735437869
312.739201939
312.742213137
312.744618381
312.746537864
312.748069621
312.749293387
312.750273631
312.751061165
312.751697329
312.752229037
312.752671857
312.752816056
312.752894154
309.307906766
309.519690832
309.846784361
310.199391295
310.534935067
310.837421633
311.102561799
311.33125633
311.52651318
311.692036225
311.831596231
311.94875094
312.046729964
312.128399774
312.196267742
312.252504878
312.298976702
312.337276677
312.368759234
312.394570838
312.415678379
312.432894605
312.446900609
312.458265515
312.467463569
312.474888896
312.480868178
312.485671496
312.489521567
312.492601581
312.495061824
312.497025243
312.498592117
312.499844005
312.500846849
312.501652598
312.502303294
312.502846129
312.503297557
312.503451901
312.503535408
308.88735538
309.126308946
309.486898176
309.866465658
310.221869773
310.538910868
310.814830856
311.051646321
311.253127272
311.423491774
311.56686357
311.687048156
311.787453194
311.871076101
311.940522608
311.998038983
312.045549246
312.084692933
312.116861153
312.143229817
312.164789607
312.182372599
312.19667564
312.208280729
312.21767265
312.225254161
312.231359022
312.236263112
312.240193898
312.243338457
312.245850255
312.247854839
312.249454606
312.250732837
312.251756861
312.252579715
312.253244088
312.25379726
312.254256611
312.25442223
312.254511909
308.457340591
308.728159833
309.12635484
309.534618249
309.910460508
310.242177306
310.528808144
310.773605835
310.981154349
311.156207412
311.303250534
311.426340019
311.529061977
311.614543962
311.685488727
311.744216281
311.792707619
311.83264691
311.86546062
311.892352926
311.914337267
311.932264142
311.946845374
311.958675168
311.968248281
311.975975627
311.982197635
311.987195645
311.991201589
311.994406199
311.996965923
311.999008748
312.000639058
312.001941747
312.002985451
312.003824238
312.004501397
312.005064095
312.005530669
312.005708805
312.005805521
308.016581168
308.325007048
308.765503755
309.204171679
309.600929443
309.947370522
310.244593025
310.49720088
310.710638187
310.89021165
311.040774821
311.166636333
311.271560193
311.358802674
311.431161828
311.491029627
311.540442343
311.581127211
311.614544649
311.641925854
311.664305937
311.68255288
311.69739267
311.709431033
311.719172108
311.727034469
311.733364801
311.73844955
311.742524823
311.745784759
311.74838859
311.750466573
311.752124946
311.753450104
311.754511902
311.755365386
311.756054406
311.756625798
311.75709887
311.757290887
311.757395626
307.563565568
307.916655247
308.404813082
308.875496995
309.29351501
309.654645813
309.962285893
310.222496555
310.441620866
310.625530949
310.779451927
310.907944637
311.014949427
311.103849253
311.177535334
311.238469569
311.288741629
311.330120128
311.364097938
311.39193197
311.414677872
311.433220126
311.448298053
311.460528179
311.470423424
311.478409509
311.48483894
311.490002913
311.494141405
311.497451709
311.500095632
311.50220553
311.503889352
311.505234882
311.506313097
311.507179977
311.507879899
311.508459137
311.508937951
311.509145336
311.509259229
307.096499327
307.502976344
308.044900204
308.549015155
308.988469969
309.364163134
309.681987459
309.949556626
310.174142545
310.362189622
310.519295115
310.650270217
310.759229014
310.849678467
310.924600434
310.986524433
311.037591476
311.079609744
311.11410298
311.142352437
311.165433114
311.184244984
311.199539828
311.21194424
311.221979296
311.230077334
311.236596239
311.241831582
311.246026897
311.249382373
311.252062177
311.254200582
311.255907104
311.257270795
311.258363664
311.259242568
311.2599524
311.260538625
311.261022371
311.261246748
311.261371104
306.613238455
307.083946401
307.686569454
308.225195953
308.686058462
309.076085819
309.403797932
309.678443082
309.908241241
310.100209736
310.260315398
310.393616129
310.504396094
310.596282928
310.672346186
310.735180433
310.786975787
310.829578057
310.864540191
310.893166346
310.916549641
310.935604489
310.951094237
310.963654786
310.973814722
310.982012461
310.988610809
310.993909326
310.998154783
311.001549997
311.004261267
311.006424606
311.00815094
311.009530472
311.010636137
311.011525622
311.012244339
311.012836684
311.013324483
311.013567617
311.013703979
306.111204697
306.659697357
307.330858692
307.904552938
308.386551895
308.790579166
309.127816117
309.409215661
309.643952621
309.839611031
310.002521534
310.137983256
310.250445698
310.343653192
310.420759637
310.484421809
310.536876516
310.580005141
310.615388079
310.64435089
310.668003541
310.687273792
310.702935638
310.715633502
310.725902821
310.734187528
310.74085488
310.746208033
310.750496663
310.753925938
310.756664061
310.75884859
310.760591713
310.761984648
310.763101159
310.763999707
310.764726255
310.765323858
310.765814729
310.766078534
310.766228756
305.587277184
306.230589271
306.979096579
307.587632207
308.090223585
308.507808941
308.854138423
309.141931362
309.381309795
309.580410858
309.745920044
309.883370372
309.99737085
310.091777885
310.169825967
310.234230981
310.28727384
310.33086932
310.366623423
310.395881555
310.419769203
310.43922636
310.455036711
310.467852403
310.478215042
310.486573506
310.493299021
310.498697931
310.503022478
310.506479897
310.509240057
310.511441867
310.513198612
310.514602403
310.515727715
310.516633729
310.517367024
310.517969038
310.518461864
310.518748402
310.518914762
305.037653267
305.79731089
306.632972703
307.2749921
307.797342243
308.227939962
308.582857779
308.876643955
309.12034313
309.322624123
309.49051525
309.62977423
309.745162688
309.840643854
309.919528657
309.984588734
310.038146347
310.08214737
310.118221488
310.147732333
310.171819549
310.191434202
310.207368697
310.220282072
310.230721412
310.239139949
310.245912384
310.251347834
310.255700758
310.259180164
310.261957347
310.264172361
310.265939427
310.26735141
310.268483385
310.269395185
310.270134115
310.270739731
310.271233208
310.271544687
310.271730047
304.457668942
305.361019352
306.294622939
306.967169629
307.508164655
307.951134926
308.314062451
308.613403488
308.861080081
309.06626326
309.23630932
309.377189667
309.493810606
309.590236329
309.66984967
309.735474416
309.789471249
309.83381474
309.870156251
309.899875965
309.924126271
309.943868124
309.959901642
309.972891916
309.98339079
309.991855253
309.998662974
310.004125416
310.008498896
310.0119939
310.014782893
310.017006871
310.018780819
310.020198221
310.021334627
310.022250447
310.022993868
310.023602341
310.024094926
310.024433667
310.02464171
303.841566081
304.923533966
305.966732645
306.664627837
307.222928343
307.677553755
308.047834732
308.352255804
308.603545046
308.811338207
308.983302339
309.125609721
309.243302405
309.340539101
309.420769651
309.486866145
309.54122461
309.585845791
309.62240065
309.652284191
309.676660095
309.696497988
309.712604678
309.72565044
309.736191151
309.744686943
309.751517933
309.756997495
309.76138344
309.76488742
309.767682821
309.769911363
309.77168862
309.773108559
309.774247073
309.775165054
309.775911791
309.776522477
309.777012321
309.777380707
309.777616255
)
;

boundaryField
{
    inout
    {
        type            empty;
    }
    top
    {
        type            fixedValue;
        value           nonuniform List<scalar> 
41
(
303.511877749
304.705569305
305.809696379
306.516151862
307.082386985
307.542453657
307.916041994
308.222748857
308.475652046
308.68459719
308.857397237
309.000317608
309.11846329
309.216036758
309.296518734
309.362803429
309.417302923
309.462029737
309.498663561
309.528605913
309.553025379
309.572895294
309.589025287
309.602087785
309.612640307
309.621144244
309.627980673
309.633463701
309.6378517
309.641356747
309.644152555
309.6463811
309.648158161
309.649577873
309.650716236
309.651634318
309.652382102
309.652993644
309.653481035
309.653865443
309.654117554
)
;
    }
    bottom
    {
        type            fixedValue;
        value           uniform 320;
    }
    frontback
    {
        type            empty;
    }
}


// ************************************************************************* //
