/*--------------------------------*- C++ -*----------------------------------*\
| =========                 |                                                 |
| \\      /  F ield         | OpenFOAM: The Open Source CFD Toolbox           |
|  \\    /   O peration     | Version:  2112                                  |
|   \\  /    A nd           | Website:  www.openfoam.com                      |
|    \\/     M anipulation  |                                                 |
\*---------------------------------------------------------------------------*/
FoamFile
{
    version     2.0;
    format      ascii;
    arch        "LSB;label=32;scalar=64";
    class       volScalarField;
    location    "1";
    object      T;
}
// * * * * * * * * * * * * * * * * * * * * * * * * * * * * * * * * * * * * * //

dimensions      [0 0 0 1 0 0 0];

internalField   nonuniform List<scalar> 
1681
(
302.725679299
304.734537317
305.694310608
306.396074563
306.969590004
307.427698079
307.80034855
308.106368097
308.358504281
308.566719631
308.738835858
308.881123833
308.998693732
309.095749786
309.175771537
309.241650508
309.295794954
309.340213041
309.376579877
309.406292453
309.43051503
309.450216908
309.466204019
309.479145447
309.489595731
309.498013611
309.504777832
309.51020046
309.514538091
309.51800127
309.5207624
309.522962343
309.524715939
309.5261166
309.527239883
309.52814598
309.528884025
309.529494799
309.529985195
309.530360777
309.530695392
302.266719242
304.315995221
305.364803657
306.104324233
306.692254961
307.16022874
307.539305853
307.849574484
308.104659992
308.314955905
308.488557178
308.631916098
308.750263653
308.847887158
308.92832426
308.994507678
309.048875194
309.093456356
309.129941886
309.15974026
309.184024237
309.203769443
309.219786537
309.232748147
309.243211466
309.251637229
309.258405675
309.263829988
309.268167597
309.27162967
309.274389077
309.27658704
309.278338684
309.279737645
309.280859693
309.281765442
309.282504133
309.283115216
309.283611542
309.284007299
309.284378086
301.913135427
303.939349222
305.048672943
305.81942206
306.420413658
306.896950155
307.281614324
307.595563908
307.853169758
308.065215957
308.240042978
308.384266166
308.503225239
308.601281976
308.682025695
308.748425383
308.802944475
308.847630807
308.884188206
308.914034591
308.93834955
308.958113662
308.974141188
308.987107374
308.997571311
309.005995106
309.012759987
309.018179841
309.022512596
309.025969771
309.028724481
309.030918129
309.032665982
309.034061785
309.035181437
309.036085845
309.036824305
309.037435606
309.037937439
309.038350245
309.03874462
301.637121947
303.601955471
304.747561757
305.542421373
306.154497585
306.63817948
307.027509412
307.344511198
307.604168503
307.817605124
307.993375978
308.138239145
308.257629677
308.35597429
308.436906921
308.503427435
308.5580207
308.602749472
308.639327975
308.669181364
308.693494252
308.713250696
308.729267343
308.742221063
308.75267203
308.761083054
308.767835805
308.773244432
308.777566996
308.781015074
308.783761788
308.785948527
308.78769054
308.789081563
308.790197523
308.791099498
308.791836804
308.792447984
308.792954611
308.793381526
308.793793206
301.418755095
303.300354556
304.462324123
305.274111337
305.894869054
306.384177198
306.777184697
307.096560284
307.357766838
307.572209554
307.748623755
307.893888271
308.013518959
308.111997176
308.192993891
308.259534059
308.314119468
308.358824208
308.395370009
308.425186923
308.449462678
308.469183241
308.485166369
308.498089501
308.508513032
308.516899773
308.523631259
308.529021427
308.533328094
308.536762577
308.539497757
308.541674802
308.543408779
308.544793278
308.545904152
308.546802532
308.547537716
308.548148242
308.548658749
308.549097069
308.549521761
301.243630763
303.030819612
304.193209808
305.015035547
305.641814038
306.135150375
306.530795054
306.851826449
307.114052769
307.32909724
307.505839146
307.651254742
307.770925216
307.869375626
307.950305931
308.016760058
308.071251953
308.115863263
308.152320197
308.182055247
308.206257257
308.225912476
308.241838427
308.254712026
308.265092991
308.273443399
308.28014405
308.28550818
308.28979296
308.29320913
308.295929059
308.298093484
308.299817114
308.301193257
308.302297576
308.303191143
308.303923197
308.304532384
308.305045725
308.305492973
308.305927282
301.101250553
302.789677534
303.940025313
304.765519752
305.395540693
305.891256324
306.288460243
306.610399232
306.87309421
307.088320078
307.265061899
307.410368998
307.529871671
307.628127219
307.708856172
307.775115036
307.829424946
307.87387118
307.910181275
307.939787617
307.963878099
307.98343756
307.999281913
308.012086416
308.022409186
308.03071081
308.037370733
308.042700986
308.046957685
308.050350654
308.053051484
308.055200258
308.056911147
308.058277033
308.059373273
308.06026077
308.06098865
308.061595695
308.062110736
308.062564651
308.063005745
300.983903969
302.573484388
303.702266646
304.525703457
305.156181731
305.652606219
306.050268162
306.372345075
306.634941279
306.849915817
307.026320297
307.171252063
307.290373746
307.388263021
307.468652272
307.534603969
307.588641307
307.632849135
307.668953075
307.698382792
307.722323102
307.741755702
307.757493477
307.770208873
307.78045746
307.788697558
307.795306627
307.800594978
307.804817251
307.808182013
307.810859801
307.812989817
307.814685512
307.816039195
307.817125791
307.81800593
307.818728559
307.819332574
307.819848129
307.82030664
307.820752106
300.885885461
302.379109289
303.47922454
304.295572008
304.923799408
305.419268684
305.816277734
306.137709593
306.399628217
306.613909677
306.789632523
306.933916691
307.052440008
307.149788367
307.229697063
307.295227742
307.348900394
307.392795287
307.428632812
307.457837237
307.481588134
307.500862292
307.51646813
307.529074104
307.539232274
307.547397909
307.553945841
307.55918414
307.563365542
307.566697013
307.569347751
307.571455852
307.57313386
307.574473359
307.575548721
307.576420191
307.577136468
307.5777365
307.578251358
307.578712562
307.57916031
300.80294107
302.203762716
303.270065162
304.074987009
304.698392171
305.19127338
305.58652148
305.906519513
306.167174989
306.380315688
306.555007773
306.698368295
306.816072951
306.912703515
306.991989089
307.056983587
307.110198432
307.153705084
307.189215328
307.218145323
307.241667195
307.260751041
307.276199352
307.288675405
307.298726779
307.306804896
307.313281318
307.31846134
307.322595366
307.325888415
307.32850806
307.330591059
307.332248863
307.333572179
307.334634698
307.335496175
307.336204981
307.336800029
307.337312973
307.337775118
307.338223313
300.731874474
302.044992547
303.073890195
303.863713828
304.479902189
304.96861462
305.361007859
305.678784353
305.937588613
306.149137776
306.322447163
306.4646057
306.581269621
306.677004161
306.75552304
306.819865444
306.872528807
306.9155715
306.950693294
306.979299491
307.002552555
307.021414085
307.036679177
307.049004733
307.05893287
307.06691037
307.073304867
307.078418358
307.082498484
307.085747959
307.088332452
307.090387151
307.092022225
307.09332735
307.094375412
307.095225565
307.095925767
307.096514799
307.097024619
307.097486083
307.097933095
300.670264725
301.900662613
302.889780278
303.661445606
304.268223197
304.75125497
305.139723436
305.454497897
305.710864287
305.920370667
306.091944464
306.232621753
306.348022119
306.442681862
306.520290098
306.583864253
306.635882308
306.678385241
306.71305737
306.741290386
306.764234858
306.782842076
306.797898272
306.810052766
306.81984124
306.827705033
306.834007205
306.839045919
306.843065624
306.846266381
306.848811669
306.850834872
306.852444693
306.853729621
306.854761609
306.855599105
306.856289566
306.856871532
306.857377032
306.857836311
306.858280673
300.616262848
301.768922916
302.716825383
303.467823624
304.0632082
304.539128792
304.922634906
305.233639515
305.486986349
305.694000643
305.863486712
306.002403817
306.116318014
306.209724376
306.286278218
306.348968181
306.400247317
306.442134894
306.47629634
306.504106966
306.526703214
306.545024259
306.559845992
306.571808956
306.581441417
306.589178478
306.595377974
306.600333708
306.604286506
306.607433428
306.609935477
306.611924007
306.613506065
306.6147688
306.615783106
306.616606617
306.617286195
306.617860037
306.618360044
306.618815735
306.619256117
300.568444482
301.64817706
302.554145197
303.282454167
303.864676774
304.332145673
304.709690996
305.016175354
305.265929121
305.470006174
305.637054707
305.773934185
305.886140678
305.978115934
306.053472361
306.115162815
306.165609967
306.206807067
306.240397216
306.267736588
306.289945275
306.307948529
306.322510434
306.334261565
306.3437218
306.351319214
306.357405772
306.362270395
306.366149857
306.369237873
306.371692687
306.373643395
306.3751952
306.376433763
306.377428792
306.378236997
306.378904557
306.379469217
306.379962586
306.380413375
306.380848555
300.525702548
301.537050064
302.400902028
303.10492217
303.672421752
304.130193701
304.500824266
304.802059435
305.047657657
305.248358474
305.412623446
305.547190415
305.657469562
305.747837474
305.821854676
305.882431317
305.931954272
305.972386489
306.005345328
306.032165087
306.053947292
306.07160148
306.085878477
306.097397703
306.106669688
306.114114692
306.120078174
306.124843652
306.128643427
306.131667527
306.13407116
306.135980936
306.137500031
306.138712467
306.13968664
306.140478235
306.141132647
306.141687072
306.14217269
306.142617344
306.14304619
300.487168667
301.434358296
302.256308216
302.934802043
303.486215216
303.933142536
304.295952792
304.591234668
304.832128406
305.029021977
305.190162483
305.322145621
305.430280425
305.518866824
305.59140466
305.650754555
305.699262233
305.738856103
305.771124402
305.797376834
305.818694168
305.835968455
305.84993582
305.861203361
305.870271305
305.877551327
305.883381746
305.888040168
305.891754005
305.894709256
305.897057822
305.898923604
305.90040757
305.901591953
305.902543716
305.903317411
305.903957561
305.904500712
305.904977495
305.905414851
305.905836313
300.45215531
301.339082315
302.119629618
302.771666048
303.305813736
303.740846254
304.094981761
304.383633793
304.619289826
304.811954767
304.969636249
305.09876872
305.204545539
305.291178869
305.362099292
305.42011121
305.46751393
305.506197142
305.53771662
305.563354791
305.584169507
305.60103358
305.614667015
305.625663437
305.63451183
305.64161452
305.647302072
305.65184567
305.65546743
305.658348992
305.660638677
305.662457461
305.663903923
305.665058364
305.665986189
305.666740716
305.667365505
305.667896359
305.668363259
305.668792219
305.669205308
300.420112972
301.25034291
301.990186333
302.615090636
303.130962878
303.553145941
303.897804941
304.179180264
304.40908295
304.597108962
304.751004332
304.877024643
304.980233852
305.064745683
305.133913141
305.190477871
305.236687601
305.274389194
305.305102676
305.330080561
305.350355651
305.3667798
305.380055499
305.390761761
305.399375413
305.406288681
305.411823765
305.416244936
305.419768613
305.422571747
305.424798822
305.426567666
305.427974302
305.429096949
305.42999934
305.430733458
305.431341807
305.431859361
305.432315364
305.432734889
305.433138673
300.390598281
301.16738026
301.867351566
302.46466108
302.961401005
303.369872027
303.704306064
303.977789072
304.201441901
304.384431071
304.534221735
304.656874536
304.757311141
304.839536657
304.906818471
304.961829122
305.006759714
305.043410265
305.073261832
305.097534427
305.117233719
305.133188913
305.146083617
305.156481126
305.164845203
305.171557246
305.176930491
305.181221816
305.184641546
305.187361633
305.189522456
305.191238493
305.192603035
305.193692083
305.19456758
305.195280074
305.195870928
305.196374203
305.196818332
305.197227433
305.197621032
300.363250106
301.08953601
301.750549275
302.319974737
302.796862417
303.190846363
303.514360078
303.779367515
303.99629439
304.173862322
304.319239106
304.438275925
304.535740153
304.615518604
304.680785329
304.73413761
304.777705026
304.813236826
304.842171956
304.865695397
304.884783642
304.900241599
304.912732658
304.922803307
304.93090337
304.937402697
304.942604986
304.946759245
304.950069328
304.952701871
304.954792902
304.956453344
304.957773587
304.958827279
304.959674461
304.960364147
304.960936478
304.961424521
304.961855833
304.962253573
304.96263615
300.337771537
301.016237963
301.63925108
302.180643198
302.637079911
303.015884038
303.32783431
303.583815915
303.793562167
303.965338965
304.106002959
304.221182886
304.315480723
304.392655859
304.455781625
304.50737412
304.549496646
304.583843871
304.611809575
304.63454124
304.652984198
304.667917453
304.679982874
304.68970909
304.697531125
304.703806591
304.708829078
304.712839269
304.716034175
304.718574816
304.720592623
304.722194765
304.723468572
304.724485205
304.725302691
304.725968422
304.726521229
304.726993116
304.727410707
304.727796192
304.72816695
300.31391621
300.94698707
301.532972764
302.046293565
302.481786796
302.844794949
303.1445895
303.391028288
303.593161457
303.758792569
303.894455875
304.005546193
304.096489897
304.170910377
304.231773216
304.281507639
304.322106085
304.355204962
304.382149908
304.404048522
304.421813045
304.436195014
304.447813515
304.457178295
304.46470875
304.470749574
304.475583707
304.479443063
304.482517446
304.484961972
304.486903239
304.488444469
304.489669774
304.490647702
304.491434158
304.492074821
304.492607137
304.493061976
304.493464974
304.493837357
304.494195536
300.291477849
300.881346398
301.431270597
301.916569033
302.330718458
302.677385139
302.964480739
303.200892955
303.395003362
303.554150291
303.6845367
303.791313462
303.878722042
303.95024182
304.008723974
304.056505415
304.095503319
304.127292274
304.153166916
304.174192648
304.191246752
304.205051795
304.216202855
304.225189809
304.232415618
304.238211412
304.242848951
304.24655095
304.249499664
304.251844019
304.253705552
304.255183352
304.256358167
304.257295803
304.258049944
304.258664467
304.259175358
304.259612288
304.259999862
304.260358333
304.260703208
300.270282205
300.818931785
301.333737654
301.791128951
302.183613515
302.51345792
302.787358301
303.013293107
303.198994244
303.351335142
303.476180729
303.578429291
303.662128954
303.730607646
303.786595861
303.832333025
303.869656833
303.900076645
303.924833339
303.944947895
303.961260841
303.974464318
303.985128223
303.993721605
304.000630223
304.006171014
304.010604048
304.014142433
304.016960537
304.019200828
304.020979563
304.022391521
304.023513937
304.02440976
304.025130351
304.025717703
304.026206272
304.026624469
304.026995822
304.02733961
304.027670489
300.250180812
300.759403922
301.240000198
301.669648475
302.040214629
302.352814791
302.613068363
302.828107325
303.00503608
303.150266231
303.269319889
303.366835397
303.446659964
303.511963191
303.565348999
303.608954428
303.64453368
303.673527623
303.697120739
303.716287454
303.731829816
303.744408145
303.754566031
303.76275078
303.769330208
303.774606459
303.778827426
303.782196214
303.784878987
303.787011495
303.788704504
303.790048314
303.791116507
303.791969061
303.792654922
303.793214118
303.793679506
303.794078179
303.794432553
303.794760929
303.795077149
300.231046081
300.702461624
301.14971422
301.551817916
301.900269026
302.195256184
302.441453647
302.645210045
302.813026792
302.950859007
303.063882909
303.156470744
303.232262041
303.294261758
303.344941744
303.386332033
303.420099531
303.447613512
303.469999546
303.488183467
303.502927201
303.514857915
303.524491811
303.532253584
303.538492396
303.543495026
303.547496729
303.550690227
303.553233176
303.555254362
303.55685886
303.558132328
303.559144563
303.559952465
303.560602472
303.561132573
303.561573961
303.561952359
303.562289031
303.562601299
303.562902231
300.212767436
300.6478361
301.062562149
301.437341866
301.763528778
302.040582041
302.272353956
302.464471984
302.622860565
302.753025486
302.859795494
302.947271678
303.0188799
303.077454702
303.125330755
303.164426759
303.196318732
303.222301423
303.243439098
303.260607073
303.274525582
303.285787378
303.294880249
303.302205451
303.308092821
303.312813229
303.316588848
303.319601665
303.322000537
303.32390705
303.325420401
303.326621449
303.327576085
303.328338024
303.328951112
303.329451228
303.329867838
303.330225249
303.330543537
303.330839037
303.331124078
300.195248222
300.595286029
300.97824975
301.325938176
301.629750879
301.888592261
302.105606646
302.28576052
302.434428133
302.55667447
302.656980492
302.739172057
302.806456102
302.861491515
302.906471071
302.943198098
302.973154363
302.997557322
303.017407693
303.033528444
303.046596644
303.057169432
303.065705219
303.072581036
303.078106761
303.082536842
303.086079955
303.088907013
303.091157801
303.092946487
303.094366209
303.095492883
303.096388373
303.097103114
303.097678281
303.098147572
303.098538673
303.098874422
303.09917368
303.099451791
303.099720367
300.178403215
300.544593324
300.896503219
301.217336821
301.498697174
301.739087023
301.941047012
302.108940044
302.247617059
302.36171176
302.455358057
302.532103385
302.594931167
302.646319917
302.688316185
302.722604183
302.750568291
302.773346089
302.791872635
302.806916839
302.819111215
302.828976169
302.836939825
302.843354252
302.848508778
302.852640943
302.855945537
302.858582083
302.860681039
302.862348946
302.863672716
302.864723186
302.865558084
302.866224473
302.866760778
302.867198459
302.867563363
302.867876819
302.868156441
302.868416572
302.868668138
300.162156582
300.495559427
300.81706646
301.111278726
301.370134164
301.591867019
301.778508635
301.933872271
302.062311998
302.168040372
302.254845825
302.325994944
302.384243686
302.431885954
302.470818127
302.502601861
302.52852124
302.549631569
302.566800286
302.580740643
302.592039311
302.601178913
302.608556438
302.614498312
302.619272753
302.623099946
302.626160432
302.628602049
302.630545689
302.632090075
302.633315736
302.634288304
302.635061266
302.635678228
302.6361748
302.636580138
302.636918205
302.637208778
302.637468197
302.637709795
302.637943831
300.146440188
300.448002069
300.739698554
301.00751457
301.243832748
301.44673362
301.617823671
301.760416544
301.878394954
301.975560745
302.055359083
302.120773945
302.174330438
302.218134094
302.253927554
302.283146764
302.306972854
302.326376638
302.342156122
302.354967428
302.365350185
302.373748266
302.380526744
302.385985765
302.390371927
302.393887643
302.396698868
302.398941485
302.4007266
302.402144939
302.403270503
302.404163604
302.404873392
302.405439938
302.405895971
302.406268291
302.406578929
302.406846074
302.407084763
302.407307307
302.40752332
300.131192171
300.401752378
300.664171429
300.905803644
301.119567922
301.303489005
301.458823127
301.588430126
301.69574555
301.784170975
301.856810964
301.916365682
301.965126527
302.005007347
302.037593839
302.064193401
302.085881774
302.103543266
302.117904794
302.129564
302.139012376
302.146654159
302.152821788
302.157788548
302.161778945
302.164977245
302.167534507
302.169574408
302.171198069
302.172488055
302.17351171
302.174323917
302.174969401
302.17548463
302.175899388
302.176238072
302.17652074
302.176763956
302.176981429
302.177184433
302.177381953
300.116355723
300.356652312
300.590267729
300.805912788
300.997118506
301.161936286
301.301337141
301.417768505
301.514241309
301.593767057
301.659112653
301.712693709
301.756565529
301.792447384
301.82176519
301.845695245
301.86520572
301.881092594
301.894010196
301.904496467
301.912993771
301.919865906
301.925412025
301.929878028
301.933465906
301.936341428
301.938640482
301.940474317
301.941933883
301.943093439
301.944013551
301.944743578
301.94532374
301.945786836
301.946159657
301.946464147
301.946718353
301.946937186
301.947132997
301.947316011
301.947494588
300.101878023
300.312552366
300.51777895
300.7076155
300.876266941
301.021879677
301.145195289
301.248285738
301.333757979
301.404243175
301.462173634
301.509680053
301.548579668
301.580394694
301.606388773
301.627604851
301.64490159
301.658985019
301.670435541
301.679730307
301.687261666
301.69335226
301.698267376
301.70222506
301.705404405
301.70795238
301.709989454
301.711614243
301.712907366
301.713934646
301.714749764
301.715396466
301.715910402
301.716320643
301.716650935
301.716920733
301.717146041
301.717340081
301.717513828
301.717676434
301.717835638
300.087709314
300.269309578
300.4465039
300.610691276
300.756799231
300.88312476
300.99022698
301.079834866
301.15416992
301.215492044
301.265901988
301.307245461
301.341100034
301.368788762
301.391410865
301.409873983
301.424925573
301.437180294
301.44714345
301.455230445
301.461782837
301.467081481
301.471357289
301.474800038
301.477565595
301.479781856
301.481553652
301.482966793
301.484091425
301.484984817
301.485693674
301.486256055
301.486702976
301.487059729
301.487346977
301.487581648
301.48777767
301.487946558
301.488097883
301.488239697
301.488379111
300.073802106
300.226785888
300.376247607
300.514925313
300.638505125
300.745478912
300.836261979
300.912268448
300.975350601
301.027405347
301.07020477
301.105309721
301.134056847
301.157568295
301.176777052
301.192453781
301.20523329
301.215637649
301.224096059
301.230961352
301.236523628
301.241021414
301.244650809
301.247572968
301.249920244
301.251801231
301.253304934
301.254504206
301.255458599
301.25621673
301.256818246
301.257295456
301.257674689
301.257977415
301.258221177
301.258420347
301.258586754
301.258730178
301.258858764
301.258979439
301.259098657
300.06011052
300.18484702
300.306820872
300.420108696
300.521178633
300.608751994
300.683131141
300.745439266
300.79717324
300.839874301
300.874988486
300.903792074
300.927379805
300.946671516
300.962432465
300.975294966
300.98577997
300.994315943
301.001255145
301.006887152
301.011450045
301.015139573
301.018116656
301.020513533
301.022438802
301.023981565
301.025214844
301.026198409
301.026981116
301.027602849
301.028096132
301.028487468
301.028798456
301.02904671
301.02924662
301.02940998
301.029546493
301.02966419
301.02976977
301.029868995
301.029967606
300.046589846
300.143362146
300.238040736
300.326039262
300.404619045
300.472757405
300.530667461
300.579201304
300.619511679
300.652790409
300.680159742
300.702611748
300.720998533
300.736036536
300.748322104
300.758348104
300.76652067
300.773173851
300.778582293
300.782971765
300.786527883
300.789403253
300.791723324
300.793591183
300.795091482
300.796293674
300.797254677
300.798021076
300.798630951
300.799115385
300.799499727
300.799804633
300.800046935
300.800240362
300.80039613
300.80052343
300.800629828
300.800721585
300.800803936
300.800881437
300.800959024
300.033196426
300.102204837
300.169732277
300.232523359
300.28863262
300.337313677
300.378707566
300.413411089
300.442241565
300.466046477
300.485626101
300.501688684
300.514843185
300.525601855
300.534391245
300.541563955
300.54741057
300.552170112
300.556039101
300.559179084
300.561722873
300.563779657
300.565439193
300.566775235
300.567848345
300.568708213
300.569395556
300.5699437
300.570379887
300.570726351
300.571001226
300.571219288
300.571392576
300.571530913
300.571642319
300.571733373
300.571809487
300.571875141
300.571934088
300.571989636
300.572045751
300.019888091
300.061256085
300.101732273
300.139378784
300.173035215
300.202246798
300.227093838
300.24792957
300.26524198
300.279537996
300.291297244
300.3009445
300.30884525
300.315307032
300.320586002
300.324893928
300.32840535
300.331263841
300.333587445
300.335473197
300.337000874
300.33823606
300.339232667
300.340034992
300.340679412
300.341195768
300.341608516
300.341937672
300.342199594
300.342407637
300.342572691
300.342703629
300.342807682
300.342890749
300.342957648
300.343012328
300.34305804
300.343097477
300.343132896
300.343166309
300.343200458
300.006625504
300.020410602
300.033895547
300.046439213
300.057656167
300.067393558
300.07567743
300.082624716
300.088397677
300.093165028
300.09708655
300.100303804
300.102938633
300.105093578
300.106854059
300.108290697
300.109461702
300.110414956
300.111189829
300.111818682
300.112328121
300.112740019
300.113072354
300.113339902
300.113554791
300.113726975
300.113864608
300.113974367
300.114061705
300.114131077
300.114186114
300.114229774
300.114264471
300.114292169
300.114314477
300.114332711
300.114347955
300.114361108
300.114372923
300.114384077
300.114395689
)
;

boundaryField
{
    in
    {
        type            fixedValue;
        value           uniform 300;
    }
    out
    {
        type            zeroGradient;
    }
    top
    {
        type            fixedValue;
        value           uniform 300;
    }
    bottom
    {
        type            fixedGradient;
        gradient        nonuniform List<scalar> 
41
(
24.744109493
18.9144055961
13.9505189728
12.1878547479
11.5755036497
11.1219517843
10.827945835
10.6333418246
10.4966956666
10.3992420895
10.3287874813
10.2772320451
10.2391888931
10.2109404565
10.1898699697
10.174108341
10.1623025191
10.153461705
10.1468530499
10.1419299346
10.1382817854
10.1355981974
10.133643268
10.1322372264
10.1312428681
10.1305553003
10.1300942945
10.1297985814
10.1296214418
10.129527218
10.1294885299
10.1294839937
10.1294964407
10.1295125481
10.1295210301
10.1294985057
10.1294369033
10.1294330137
10.129189212
10.1282386823
10.1272229415
)
;
    }
    frontback
    {
        type            empty;
    }
}


// ************************************************************************* //
