/*--------------------------------*- C++ -*----------------------------------*\
| =========                 |                                                 |
| \\      /  F ield         | OpenFOAM: The Open Source CFD Toolbox           |
|  \\    /   O peration     | Version:  2112                                  |
|   \\  /    A nd           | Website:  www.openfoam.com                      |
|    \\/     M anipulation  |                                                 |
\*---------------------------------------------------------------------------*/
FoamFile
{
    version     2.0;
    format      ascii;
    arch        "LSB;label=32;scalar=64";
    class       volVectorField;
    location    "1";
    object      U;
}
// * * * * * * * * * * * * * * * * * * * * * * * * * * * * * * * * * * * * * //

dimensions      [0 1 -1 0 0 0 0];

internalField   nonuniform List<vector> 
1681
(
(0.113095984089 0.0397627769889 0)
(0.105593732504 0.00404140634535 0)
(0.0753206978208 0.000263626488994 0)
(0.0773212185244 0.000259727045393 0)
(0.074791117959 -5.25904624779e-05 0)
(0.0756236075921 2.6459497892e-05 0)
(0.075316568572 -1.91561931246e-05 0)
(0.0755320396353 4.0754629388e-06 0)
(0.0754759289459 -4.21382754117e-06 0)
(0.0755201603576 1.09956448122e-06 0)
(0.0755057850368 -7.77048533274e-07 0)
(0.0755140984304 3.13674691715e-07 0)
(0.0755103863536 -1.44096951333e-07 0)
(0.0755120175362 7.74001303738e-08 0)
(0.0755111499928 -3.02006500065e-08 0)
(0.0755115037391 1.70065129324e-08 0)
(0.0755113156438 -6.97472848602e-09 0)
(0.0755113969249 3.56608905675e-09 0)
(0.0755113570495 -1.62947876157e-09 0)
(0.0755113756947 7.56555892119e-10 0)
(0.0755113671057 -3.69360246255e-10 0)
(0.0755113712796 1.65625154994e-10 0)
(0.075511369384 -8.13542489084e-11 0)
(0.0755113703013 3.70593369659e-11 0)
(0.0755113698779 -1.74995726442e-11 0)
(0.0755113700785 8.21404697845e-12 0)
(0.075511369984 -3.90383245977e-12 0)
(0.0755113700283 1.94060428215e-12 0)
(0.0755113700074 -1.03419627418e-12 0)
(0.0755113700173 4.98954705856e-13 0)
(0.0755113700129 -3.31064286743e-13 0)
(0.0755113700151 -1.0692729951e-13 0)
(0.0755113700139 -4.93275047773e-14 0)
(0.0755113700144 -1.26753913864e-13 0)
(0.0755113700141 8.47358677076e-14 0)
(0.075511370014 -6.93887650359e-14 0)
(0.0755113700139 -1.49190509502e-14 0)
(0.0755113700141 -1.92322801948e-13 0)
(0.0755113700143 -2.22376258217e-13 0)
(0.075511370014 -1.78562311667e-13 0)
(0.0755113700139 -8.70103742074e-15 0)
(0.26138390528 0.10223011087 0)
(0.258090326637 0.0143135487751 0)
(0.195428689593 0.00220889835829 0)
(0.198566141647 0.00106787219038 0)
(0.192444659633 -7.26851804794e-05 0)
(0.194183760844 7.89864103316e-05 0)
(0.193468050533 -6.19513175869e-05 0)
(0.193953540572 6.55983095956e-06 0)
(0.193830981281 -1.47373077679e-05 0)
(0.193933118065 2.22730858381e-06 0)
(0.193901870084 -2.55487298689e-06 0)
(0.193921022136 8.53277414914e-07 0)
(0.19391277481 -4.18066246057e-07 0)
(0.193916471402 2.35680638757e-07 0)
(0.193914512434 -8.14500444729e-08 0)
(0.193915304379 5.26595589559e-08 0)
(0.193914877233 -1.92157259389e-08 0)
(0.193915059064 1.07255630952e-08 0)
(0.193914968702 -4.69694290598e-09 0)
(0.193915010603 2.19790097519e-09 0)
(0.193914991227 -1.09153335485e-09 0)
(0.193915000643 4.74758173978e-10 0)
(0.193914996378 -2.40843119407e-10 0)
(0.19391499845 1.06875507393e-10 0)
(0.193914997497 -5.20013741971e-11 0)
(0.19391499795 2.42067211049e-11 0)
(0.193914997737 -1.12092388529e-11 0)
(0.193914997837 5.71365726405e-12 0)
(0.19391499779 -2.38071041934e-12 0)
(0.193914997812 1.3584118935e-12 0)
(0.193914997802 -7.82908384898e-13 0)
(0.193914997807 4.78091991449e-14 0)
(0.193914997804 -1.42409429399e-14 0)
(0.193914997806 1.69938539093e-14 0)
(0.193914997805 -5.75653941088e-14 0)
(0.193914997805 -3.60251351081e-13 0)
(0.193914997805 4.05500934372e-14 0)
(0.193914997805 -1.7279435315e-13 0)
(0.193914997805 -4.03322906817e-13 0)
(0.193914997805 -2.82186638112e-13 0)
(0.193914997805 9.90331629994e-14 0)
(0.357968268839 0.136051007697 0)
(0.367129584905 0.026845106486 0)
(0.290113504583 0.00648377284074 0)
(0.293525475402 0.00232299612312 0)
(0.284927588107 9.25548052844e-05 0)
(0.287143391667 0.000125379782873 0)
(0.286138419201 -0.00010562605032 0)
(0.286791057506 -2.68802143479e-06 0)
(0.28662600268 -2.77538777095e-05 0)
(0.286766275541 9.58026511219e-07 0)
(0.286724769576 -4.51180494614e-06 0)
(0.286751171949 1.11505256783e-06 0)
(0.286740104822 -6.21276212442e-07 0)
(0.28674515993 3.73629556513e-07 0)
(0.286742502835 -1.05781084824e-07 0)
(0.28674357617 8.57372117788e-08 0)
(0.286742993735 -2.59085357528e-08 0)
(0.28674323958 1.67775811935e-08 0)
(0.286743116362 -6.85413983136e-09 0)
(0.286743173132 3.25864930677e-09 0)
(0.286743146775 -1.65971517329e-09 0)
(0.286743159565 6.8764192109e-10 0)
(0.286743153775 -3.68097742046e-10 0)
(0.286743156593 1.56070746141e-10 0)
(0.2867431553 -7.88909286603e-11 0)
(0.286743155916 3.59256048256e-11 0)
(0.286743155627 -1.68057125112e-11 0)
(0.286743155763 8.27289301695e-12 0)
(0.286743155699 -3.67160584836e-12 0)
(0.286743155729 2.04022125826e-12 0)
(0.286743155715 -1.17190410002e-12 0)
(0.286743155722 3.24043506144e-14 0)
(0.286743155718 -1.64938705613e-13 0)
(0.28674315572 2.17303297654e-13 0)
(0.286743155719 -1.30381556367e-13 0)
(0.286743155719 -3.86587279027e-13 0)
(0.286743155719 6.0424729354e-14 0)
(0.286743155719 -1.55638102844e-13 0)
(0.286743155719 -5.52558137464e-13 0)
(0.286743155719 -3.03267736178e-13 0)
(0.286743155719 -2.70868732556e-13 0)
(0.420240368505 0.151568549166 0)
(0.444346485219 0.0385079468719 0)
(0.364026238057 0.0118880262657 0)
(0.367747655875 0.00379821944483 0)
(0.357580303637 0.000423919127534 0)
(0.36003912014 0.000165743031289 0)
(0.358822299951 -0.00014046297519 0)
(0.35957440476 -2.12205768715e-05 0)
(0.359379174121 -4.10081858679e-05 0)
(0.359544091926 -2.49332270794e-06 0)
(0.359495959659 -6.36493853289e-06 0)
(0.359527257194 1.04129203536e-06 0)
(0.359514404499 -7.30591066022e-07 0)
(0.359520383837 4.66474747788e-07 0)
(0.359517276819 -1.00416355715e-07 0)
(0.359518538047 1.10875852466e-07 0)
(0.359517853521 -2.60060883819e-08 0)
(0.359518141356 2.08123890455e-08 0)
(0.359517996313 -7.74193934683e-09 0)
(0.359518062794 3.78377045756e-09 0)
(0.359518031801 -1.98103830039e-09 0)
(0.359518046804 7.71936171488e-10 0)
(0.359518040006 -4.42725757751e-10 0)
(0.359518043315 1.77004189288e-10 0)
(0.359518041799 -9.30244728618e-11 0)
(0.359518042522 4.15747475157e-11 0)
(0.359518042184 -1.95985179914e-11 0)
(0.359518042343 9.54896181563e-12 0)
(0.359518042268 -4.17875986117e-12 0)
(0.359518042303 2.35928958166e-12 0)
(0.359518042286 -1.12180165469e-12 0)
(0.359518042295 2.77619069196e-13 0)
(0.359518042291 -1.93945977441e-13 0)
(0.359518042292 6.78808192523e-14 0)
(0.359518042291 -2.71927171789e-13 0)
(0.359518042291 -1.63203555843e-13 0)
(0.359518042291 2.18833258119e-14 0)
(0.359518042291 -8.14814454252e-14 0)
(0.359518042292 -8.12038848458e-13 0)
(0.359518042291 -4.10888566285e-13 0)
(0.359518042291 1.53366928692e-14 0)
(0.459578279994 0.156228371359 0)
(0.498235704052 0.0480338642219 0)
(0.421225241471 0.0173288362027 0)
(0.425631435253 0.00533678098722 0)
(0.41461980147 0.000854590943316 0)
(0.417204950215 0.000209349600835 0)
(0.41582995866 -0.000165497738437 0)
(0.416636541684 -4.39574347274e-05 0)
(0.416417041899 -5.38112144859e-05 0)
(0.41659712857 -7.21724379354e-06 0)
(0.416544263916 -8.13030676511e-06 0)
(0.41657885556 7.36510295194e-07 0)
(0.416564838036 -7.87386910036e-07 0)
(0.416571468983 5.24431583948e-07 0)
(0.416568071012 -7.75120538263e-08 0)
(0.416569464157 1.30076394113e-07 0)
(0.416568712048 -2.19068153511e-08 0)
(0.416569028555 2.3501308325e-08 0)
(0.416568868722 -7.77440365566e-09 0)
(0.416568941716 3.96789104045e-09 0)
(0.416568907551 -2.1331893136e-09 0)
(0.416568924034 7.7395600637e-10 0)
(0.416568916549 -4.81791666765e-10 0)
(0.416568920189 1.79404545638e-10 0)
(0.416568918521 -9.94624737029e-11 0)
(0.416568919317 4.32804928618e-11 0)
(0.416568918945 -2.07371160644e-11 0)
(0.41656891912 9.98801709857e-12 0)
(0.416568919037 -4.45175552575e-12 0)
(0.416568919076 2.34184487513e-12 0)
(0.416568919058 -1.01105018276e-12 0)
(0.416568919067 3.63510139901e-13 0)
(0.416568919063 -3.2062549671e-13 0)
(0.416568919065 -7.95027215224e-14 0)
(0.416568919063 -2.63510316184e-13 0)
(0.416568919063 -2.50118360909e-13 0)
(0.416568919063 4.24107185345e-14 0)
(0.416568919063 3.06277157699e-13 0)
(0.416568919064 -4.81766563128e-13 0)
(0.416568919063 -2.61339437127e-13 0)
(0.416568919063 -7.53618303913e-14 0)
(0.483609232638 0.153915841016 0)
(0.535110873371 0.0551798153186 0)
(0.465114571891 0.0222120864761 0)
(0.47066028964 0.00682719541212 0)
(0.459370490785 0.00132721966018 0)
(0.462035273352 0.00026000854647 0)
(0.460541605171 -0.000181945192264 0)
(0.461372916866 -6.73581832756e-05 0)
(0.461131519292 -6.58317464335e-05 0)
(0.461320002515 -1.2481637255e-05 0)
(0.461263266255 -9.82833066058e-06 0)
(0.461300034117 2.99218609021e-07 0)
(0.461285213868 -8.2351952487e-07 0)
(0.461292322999 5.59099222011e-07 0)
(0.46128873606 -4.68710048605e-08 0)
(0.461290228029 1.4544076168e-07 0)
(0.461289430957 -1.56712954843e-08 0)
(0.461289768194 2.54442298805e-08 0)
(0.461289598104 -7.32809703401e-09 0)
(0.461289675635 3.97642107776e-09 0)
(0.461289639214 -2.18760148792e-09 0)
(0.461289656716 7.32999876977e-10 0)
(0.461289648742 -5.00879824584e-10 0)
(0.461289652611 1.71877672984e-10 0)
(0.461289650836 -1.01524144182e-10 0)
(0.461289651684 4.31215128038e-11 0)
(0.461289651288 -2.04525018822e-11 0)
(0.461289651474 1.02749064801e-11 0)
(0.461289651386 -4.66226847918e-12 0)
(0.461289651427 2.11170614583e-12 0)
(0.461289651408 -6.23971645729e-13 0)
(0.461289651417 3.48581800953e-13 0)
(0.461289651413 -3.74133940834e-13 0)
(0.461289651415 9.00821347602e-14 0)
(0.461289651414 -1.28702768598e-13 0)
(0.461289651414 -1.53416226468e-13 0)
(0.461289651413 -3.68361931798e-14 0)
(0.461289651414 2.97482450621e-13 0)
(0.461289651414 -2.14765538524e-13 0)
(0.461289651414 -7.62595642144e-14 0)
(0.461289651414 -6.16367347032e-14 0)
(0.497510421281 0.14707053534 0)
(0.559694655162 0.0600015039051 0)
(0.498496401971 0.0262399932453 0)
(0.505587453158 0.0081750419494 0)
(0.494451713274 0.00179687094197 0)
(0.497189205233 0.00031593160087 0)
(0.49560766328 -0.000190792981191 0)
(0.496444228617 -8.92717708205e-05 0)
(0.496181518432 -7.66333840271e-05 0)
(0.496373478311 -1.77781631482e-05 0)
(0.496313145631 -1.14171351914e-05 0)
(0.496351284811 -2.04352442723e-07 0)
(0.49633586454 -8.5183266564e-07 0)
(0.496343338648 5.76289733731e-07 0)
(0.49633962841 -1.40082244397e-08 0)
(0.496341199785 1.57675532073e-07 0)
(0.49634037281 -8.51184563049e-09 0)
(0.496340726107 2.6882935762e-08 0)
(0.49634054873 -6.61154188474e-09 0)
(0.49634062958 3.89017175908e-09 0)
(0.496340591484 -2.18035301935e-09 0)
(0.496340609712 6.70261501858e-10 0)
(0.496340601371 -5.07104761944e-10 0)
(0.496340605403 1.58807959103e-10 0)
(0.49634060355 -1.01282649536e-10 0)
(0.496340604434 4.14352244508e-11 0)
(0.496340604021 -1.99120572553e-11 0)
(0.496340604215 1.01277026809e-11 0)
(0.496340604124 -4.77771583476e-12 0)
(0.496340604167 2.1396694648e-12 0)
(0.496340604146 -2.5258485066e-13 0)
(0.496340604156 3.29900619222e-13 0)
(0.496340604152 -8.51601727805e-14 0)
(0.496340604154 -7.7503887797e-14 0)
(0.496340604152 -3.56120739923e-13 0)
(0.496340604152 -9.45567338682e-14 0)
(0.496340604152 -5.63226443409e-14 0)
(0.496340604152 1.36545544963e-13 0)
(0.496340604153 2.00398196774e-13 0)
(0.496340604153 -7.88287080696e-14 0)
(0.496340604153 -2.75981908726e-14 0)
(0.504792973232 0.137450953221 0)
(0.575495189232 0.0626693586688 0)
(0.523651236514 0.0292679286042 0)
(0.532589119159 0.00930465832312 0)
(0.521926941215 0.00222779043554 0)
(0.524750303058 0.000372940202191 0)
(0.523105927275 -0.000192949604729 0)
(0.523935205633 -0.000108299038784 0)
(0.523651028302 -8.5760582179e-05 0)
(0.52384285121 -2.27219987879e-05 0)
(0.523778896796 -1.28276234759e-05 0)
(0.523817810078 -7.24749581049e-07 0)
(0.523801897618 -8.75720501954e-07 0)
(0.52380965966 5.79067249332e-07 0)
(0.523805868763 1.77696545128e-08 0)
(0.523807508026 1.66830135056e-07 0)
(0.523806661391 -1.20560948038e-09 0)
(0.523807028011 2.78855145187e-08 0)
(0.523806845343 -5.7500275831e-09 0)
(0.523806928757 3.74821279193e-09 0)
(0.523806889362 -2.1294262775e-09 0)
(0.523806908126 5.97113388542e-10 0)
(0.523806899496 -5.04218807286e-10 0)
(0.523806903649 1.43089462299e-10 0)
(0.523806901734 -9.89097640968e-11 0)
(0.523806902647 3.86396139538e-11 0)
(0.52380690222 -1.92336962474e-11 0)
(0.523806902421 9.65325127106e-12 0)
(0.523806902326 -4.21013374458e-12 0)
(0.523806902371 2.14089241832e-12 0)
(0.52380690235 -3.86640021362e-13 0)
(0.52380690236 3.5880493602e-13 0)
(0.523806902355 -1.75793811714e-13 0)
(0.523806902357 6.30221559651e-16 0)
(0.523806902356 -5.76122639494e-13 0)
(0.523806902356 -3.3804997602e-13 0)
(0.523806902356 -1.24783805226e-13 0)
(0.523806902356 -1.2256055624e-14 0)
(0.523806902356 2.19650488901e-13 0)
(0.523806902356 -2.65485973234e-13 0)
(0.523806902356 1.54468161627e-13 0)
(0.507830242901 0.126290686818 0)
(0.585098434693 0.0634203250166 0)
(0.542416368343 0.0312501474108 0)
(0.553385431129 0.0101630505979 0)
(0.543421216264 0.00259247354279 0)
(0.546351311179 0.000426286885986 0)
(0.544664813924 -0.000189436220045 0)
(0.545478983162 -0.000123524230776 0)
(0.545173036795 -9.28310272187e-05 0)
(0.545362071279 -2.70120833517e-05 0)
(0.545294345797 -1.39890320609e-05 0)
(0.545333581449 -1.22154499626e-06 0)
(0.545317230087 -8.94615892984e-07 0)
(0.545325224876 5.69670284772e-07 0)
(0.545321381268 4.6284710378e-08 0)
(0.545323081305 1.72779720926e-07 0)
(0.545322222128 5.68615384541e-09 0)
(0.545322600443 2.84592685049e-08 0)
(0.545322413869 -4.83178945743e-09 0)
(0.545322499369 3.57155121101e-09 0)
(0.545322458927 -2.04633345405e-09 0)
(0.545322478103 5.20399586124e-10 0)
(0.545322469233 -4.94014256982e-10 0)
(0.54532247348 1.26461518462e-10 0)
(0.545322471514 -9.54665856178e-11 0)
(0.545322472448 3.55267106589e-11 0)
(0.545322472011 -1.77341784929e-11 0)
(0.545322472217 9.16747903152e-12 0)
(0.54532247212 -3.84427518966e-12 0)
(0.545322472166 2.17268215146e-12 0)
(0.545322472145 -3.06399719321e-13 0)
(0.545322472155 4.59864237415e-13 0)
(0.54532247215 -2.54061053316e-13 0)
(0.545322472152 6.32200728624e-14 0)
(0.545322472151 -8.01982555216e-13 0)
(0.545322472151 -4.14675249361e-13 0)
(0.545322472151 7.64635679403e-14 0)
(0.545322472151 2.11528207445e-13 0)
(0.545322472151 -9.23706402323e-14 0)
(0.545322472151 -1.27798905666e-13 0)
(0.545322472151 2.59149546307e-13 0)
(0.508222047786 0.11441220385 0)
(0.590400235783 0.0625170769135 0)
(0.556258687851 0.0322084275988 0)
(0.569334973007 0.0107187790013 0)
(0.560213583066 0.00287128365033 0)
(0.563271565754 0.000471465808491 0)
(0.561560022768 -0.00018133476238 0)
(0.562354508809 -0.000134402572873 0)
(0.562026661202 -9.7559727923e-05 0)
(0.56221099861 -3.04211428868e-05 0)
(0.562139335476 -1.48384721801e-05 0)
(0.562178550145 -1.66197437041e-06 0)
(0.562161784184 -9.06002876702e-07 0)
(0.562169970033 5.49964124539e-07 0)
(0.562166092221 7.01386831152e-08 0)
(0.562167848197 1.75368289358e-07 0)
(0.562166981514 1.17581185114e-08 0)
(0.562167370498 2.85853274901e-08 0)
(0.56216718101 -3.92072542277e-09 0)
(0.562167268283 3.37123025539e-09 0)
(0.562167226972 -1.93858018378e-09 0)
(0.562167246474 4.45786518995e-10 0)
(0.562167237399 -4.77566007912e-10 0)
(0.562167241719 1.09617779206e-10 0)
(0.56216723971 -9.12317996414e-11 0)
(0.562167240662 3.23684854854e-11 0)
(0.562167240217 -1.61419237859e-11 0)
(0.562167240427 8.51958326139e-12 0)
(0.562167240328 -3.58666269742e-12 0)
(0.562167240375 1.92500005818e-12 0)
(0.562167240353 -6.77620665267e-13 0)
(0.562167240363 6.18728719631e-13 0)
(0.562167240358 -2.76343599779e-13 0)
(0.56216724036 9.08893356696e-14 0)
(0.562167240359 -6.25318831966e-13 0)
(0.562167240359 -4.10821440494e-13 0)
(0.562167240359 1.26051387988e-13 0)
(0.562167240359 1.70265459377e-13 0)
(0.56216724036 7.97229830844e-14 0)
(0.56216724036 5.61310557958e-14 0)
(0.562167240359 3.76378985739e-13 0)
(0.507042511424 0.102346114031 0)
(0.592783717969 0.0602176633611 0)
(0.566340321359 0.0322065128733 0)
(0.581509247157 0.0109585051526 0)
(0.573309942844 0.00305171291448 0)
(0.576513097956 0.000504649803554 0)
(0.574790312637 -0.00016969406693 0)
(0.575562804466 -0.000140675164327 0)
(0.575213250279 -9.9759207621e-05 0)
(0.575391580404 -3.27888476545e-05 0)
(0.575315858923 -1.53251720592e-05 0)
(0.575354795222 -2.02063225471e-06 0)
(0.575337626013 -9.06537563495e-07 0)
(0.575345969886 5.21548215528e-07 0)
(0.575342070227 8.85178874874e-08 0)
(0.575343878343 1.74464044438e-07 0)
(0.575343007754 1.67303011538e-08 0)
(0.575343406674 2.823609886e-08 0)
(0.575343215004 -3.06265747572e-09 0)
(0.575343303833 3.15182581631e-09 0)
(0.575343261785 -1.81151862295e-09 0)
(0.575343281552 3.754827464e-10 0)
(0.575343272297 -4.55235105073e-10 0)
(0.575343276675 9.31254917305e-11 0)
(0.57534327463 -8.58289693071e-11 0)
(0.575343275597 2.94184623939e-11 0)
(0.575343275144 -1.48249766633e-11 0)
(0.575343275357 8.03743527449e-12 0)
(0.575343275257 -3.11755570277e-12 0)
(0.575343275304 1.90610677604e-12 0)
(0.575343275282 -9.72260918549e-13 0)
(0.575343275293 7.25931201527e-13 0)
(0.575343275288 -2.86431934601e-13 0)
(0.57534327529 1.60493131165e-13 0)
(0.575343275289 -5.88133223548e-13 0)
(0.575343275289 -1.86420906095e-13 0)
(0.575343275289 1.28586866739e-13 0)
(0.575343275289 1.96390970492e-13 0)
(0.575343275289 2.82650738902e-13 0)
(0.575343275289 1.30591593301e-13 0)
(0.575343275289 4.25260537061e-13 0)
(0.505008102551 0.0904223752767 0)
(0.593252429257 0.0567595927105 0)
(0.573575727209 0.0313313762962 0)
(0.590751730596 0.0108833421673 0)
(0.583500460992 0.00312742875288 0)
(0.586860117943 0.000522934134998 0)
(0.585136864599 -0.000155467471573 0)
(0.585886648183 -0.000142299541684 0)
(0.585515974535 -9.93359438848e-05 0)
(0.585687486383 -3.40149661583e-05 0)
(0.585607667419 -1.54131095985e-05 0)
(0.585646139889 -2.27909261103e-06 0)
(0.585628575769 -8.92881834506e-07 0)
(0.585637050476 4.85826004727e-07 0)
(0.585633137269 1.01038671681e-07 0)
(0.58563499404 1.69996145145e-07 0)
(0.58563412211 2.04235407422e-08 0)
(0.585634530341 2.73865566192e-08 0)
(0.585634337045 -2.28946823367e-09 0)
(0.585634427261 2.91392624249e-09 0)
(0.58563438458 -1.66842759183e-09 0)
(0.585634404567 3.11224475623e-10 0)
(0.585634395152 -4.27504664591e-10 0)
(0.585634399579 7.78791217395e-11 0)
(0.5856343975 -7.96515965448e-11 0)
(0.58563439848 2.60759805191e-11 0)
(0.58563439802 -1.33816312229e-11 0)
(0.585634398237 7.22229812415e-12 0)
(0.585634398135 -2.50232955462e-12 0)
(0.585634398184 1.76779621202e-12 0)
(0.585634398161 -7.924233823e-13 0)
(0.585634398172 4.95234425581e-13 0)
(0.585634398167 -1.64569220878e-13 0)
(0.585634398169 1.72070929448e-13 0)
(0.585634398168 -4.95970016455e-13 0)
(0.585634398168 -1.66378372334e-13 0)
(0.585634398168 -1.11730454792e-13 0)
(0.585634398168 7.35236919911e-14 0)
(0.585634398168 1.96951775827e-13 0)
(0.585634398168 3.23446482427e-14 0)
(0.585634398168 5.68742668169e-13 0)
(0.502592181351 0.0788323286774 0)
(0.592529975159 0.0523534607597 0)
(0.578679941317 0.029680924575 0)
(0.597724723048 0.0105055997155 0)
(0.591404746839 0.00309730541443 0)
(0.594925497976 0.000524434512259 0)
(0.593209739826 -0.000139477891508 0)
(0.593937243797 -0.000139398415717 0)
(0.593546443872 -9.62852608519e-05 0)
(0.593710753358 -3.40534687889e-05 0)
(0.59362689738 -1.50824198018e-05 0)
(0.59366478308 -2.42554003142e-06 0)
(0.593646835368 -8.62263337926e-07 0)
(0.593655417947 4.44050449881e-07 0)
(0.593651496763 1.07635825175e-07 0)
(0.593653398605 1.61976034826e-07 0)
(0.593652527125 2.27424187172e-08 0)
(0.59365294404 2.6022311294e-08 0)
(0.593652749544 -1.62203521808e-09 0)
(0.593652841006 2.65803377055e-09 0)
(0.59365279778 -1.51220205863e-09 0)
(0.593652817952 2.54008063041e-10 0)
(0.593652808395 -3.94720605549e-10 0)
(0.593652812862 6.41816100585e-11 0)
(0.593652810754 -7.28694044056e-11 0)
(0.593652811744 2.28974190466e-11 0)
(0.593652811279 -1.19226864757e-11 0)
(0.593652811498 6.38282749373e-12 0)
(0.593652811395 -2.1849459644e-12 0)
(0.593652811444 1.30055869707e-12 0)
(0.593652811421 -8.36952553482e-13 0)
(0.593652811432 2.66879732284e-13 0)
(0.593652811427 -1.2863416969e-13 0)
(0.593652811429 6.08165106017e-14 0)
(0.593652811428 -1.80847508935e-13 0)
(0.593652811428 -3.15551139999e-13 0)
(0.593652811428 -3.79973499904e-13 0)
(0.593652811428 1.25779791673e-13 0)
(0.593652811428 2.86877574151e-13 0)
(0.593652811428 2.83383504163e-13 0)
(0.593652811428 3.76188060356e-13 0)
(0.500103459319 0.0676714582604 0)
(0.591134449735 0.0471816203807 0)
(0.582208505549 0.0273562742175 0)
(0.602946450649 0.00984601164157 0)
(0.597507346615 0.00296451856762 0)
(0.601187060455 0.000508283574939 0)
(0.599484182206 -0.000122400585215 0)
(0.600190664706 -0.000132222663508 0)
(0.5997811223 -9.06845998467e-05 0)
(0.599938215557 -3.29074057951e-05 0)
(0.599850489183 -1.43297404852e-05 0)
(0.599887720647 -2.45443183225e-06 0)
(0.599869407062 -8.12801743032e-07 0)
(0.599878077813 3.97340234494e-07 0)
(0.599874152363 1.08487097535e-07 0)
(0.599876095374 1.50507422306e-07 0)
(0.599875225527 2.36632168791e-08 0)
(0.599875650438 2.4144356337e-08 0)
(0.599875455072 -1.07138120073e-09 0)
(0.599875547649 2.38297814646e-09 0)
(0.599875503954 -1.3453880691e-09 0)
(0.599875524283 2.03553618902e-10 0)
(0.599875514599 -3.56910956562e-10 0)
(0.599875519099 5.20559792817e-11 0)
(0.599875516965 -6.53025233526e-11 0)
(0.599875517964 1.95807086511e-11 0)
(0.599875517493 -1.04042935292e-11 0)
(0.599875517715 5.91153989445e-12 0)
(0.599875517611 -1.84339579244e-12 0)
(0.59987551766 1.19519967012e-12 0)
(0.599875517637 -5.1299186118e-13 0)
(0.599875517648 6.49461984505e-14 0)
(0.599875517643 1.6633408774e-13 0)
(0.599875517645 -1.50556382543e-14 0)
(0.599875517644 3.149988183e-14 0)
(0.599875517645 -3.42233028951e-13 0)
(0.599875517645 -3.23596013457e-13 0)
(0.599875517644 1.24028591821e-13 0)
(0.599875517645 -4.89432597264e-14 0)
(0.599875517645 3.76170005198e-13 0)
(0.599875517644 4.71214706896e-13 0)
(0.497739842413 0.0569695769673 0)
(0.589433816168 0.0413995242435 0)
(0.584589977747 0.0244570859026 0)
(0.606820372091 0.00893146149031 0)
(0.602185552612 0.00273573001661 0)
(0.606015849623 0.00047456534765 0)
(0.604328915974 -0.000104759052201 0)
(0.605016245573 -0.000121123868562 0)
(0.604589703666 -8.26856976802e-05 0)
(0.604739888978 -3.06240645469e-05 0)
(0.604648563808 -1.31677701155e-05 0)
(0.604685123058 -2.36611343613e-06 0)
(0.604666469397 -7.43673407258e-07 0)
(0.604675211284 3.4668228886e-07 0)
(0.604671283978 1.03959774993e-07 0)
(0.604673263842 1.35785404757e-07 0)
(0.604672396323 2.32228372975e-08 0)
(0.604672828449 2.17694801798e-08 0)
(0.604672632466 -6.41020383256e-10 0)
(0.604672726026 2.08834380413e-09 0)
(0.604672681934 -1.16901135544e-09 0)
(0.604672702393 1.60193996355e-10 0)
(0.6046726926 -3.1509739628e-10 0)
(0.604672697126 4.15174983042e-11 0)
(0.604672694969 -5.72608530591e-11 0)
(0.604672695975 1.65677824253e-11 0)
(0.604672695501 -9.14694573458e-12 0)
(0.604672695724 5.26772158719e-12 0)
(0.60467269562 -1.12315412702e-12 0)
(0.60467269567 1.18519366192e-12 0)
(0.604672695646 -5.21050371909e-13 0)
(0.604672695658 -4.07515705639e-14 0)
(0.604672695652 5.15613411708e-13 0)
(0.604672695654 -2.47690346842e-13 0)
(0.604672695653 1.5148949235e-13 0)
(0.604672695654 -3.80651505383e-13 0)
(0.604672695654 -1.84850844075e-13 0)
(0.604672695653 1.85665131058e-13 0)
(0.604672695654 -9.30186887407e-14 0)
(0.604672695654 -5.21140753425e-14 0)
(0.604672695653 2.6180557341e-13 0)
(0.495625386361 0.0467121015128 0)
(0.587686898997 0.0351384884294 0)
(0.586152014294 0.0210789953727 0)
(0.609658218993 0.00779318879032 0)
(0.605731098959 0.00242037418234 0)
(0.609698076674 0.000424214910657 0)
(0.608028114968 -8.69309883785e-05 0)
(0.608698614171 -0.000106533288696 0)
(0.608257134817 -7.25061699332e-05 0)
(0.608400998848 -2.72901076064e-05 0)
(0.608306445025 -1.16242557179e-05 0)
(0.608342357861 -2.16635525681e-06 0)
(0.608323398515 -6.55160170024e-07 0)
(0.60833219674 2.92935084892e-07 0)
(0.608328269067 9.45726294444e-08 0)
(0.608330281021 1.18093956838e-07 0)
(0.608329416123 2.15141168288e-08 0)
(0.60832985458 1.89316789929e-08 0)
(0.608329658172 -3.26784429509e-10 0)
(0.608329752581 1.77509358841e-09 0)
(0.608329708157 -9.8549304138e-10 0)
(0.608329728723 1.2279592824e-10 0)
(0.608329718836 -2.68789875865e-10 0)
(0.608329723384 3.17554890704e-11 0)
(0.608329721208 -4.82451691926e-11 0)
(0.60832972222 1.38706918602e-11 0)
(0.608329721743 -7.60958822054e-12 0)
(0.608329721968 4.38926708398e-12 0)
(0.608329721862 -1.02943819721e-12 0)
(0.608329721912 8.73772628918e-13 0)
(0.608329721889 1.15337003667e-14 0)
(0.6083297219 1.84392291791e-13 0)
(0.608329721895 4.25027178378e-13 0)
(0.608329721897 1.14442303163e-13 0)
(0.608329721896 3.66531786791e-14 0)
(0.608329721896 -8.82469278036e-14 0)
(0.608329721896 1.25434325487e-13 0)
(0.608329721896 7.0890774495e-14 0)
(0.608329721896 7.00240500475e-14 0)
(0.608329721897 -4.76510056058e-14 0)
(0.608329721896 1.68107628084e-13 0)
(0.493835628675 0.0368548744531 0)
(0.586073531411 0.0285091260832 0)
(0.587141981854 0.0173124895189 0)
(0.611697971084 0.00646542451445 0)
(0.608366969437 0.00203004752403 0)
(0.612452044847 0.000358900398505 0)
(0.610798345403 -6.91614208886e-05 0)
(0.611454675652 -8.89452433079e-05 0)
(0.611000595111 -6.04207388108e-05 0)
(0.611138960908 -2.30265567355e-05 0)
(0.611041636921 -9.74054959898e-06 0)
(0.61107696709 -1.86579464096e-06 0)
(0.611057744738 -5.48614308527e-07 0)
(0.6110665864 2.36834147967e-07 0)
(0.611062659178 8.09637784588e-08 0)
(0.611064698038 9.7796717008e-08 0)
(0.611063835727 1.86744089509e-08 0)
(0.611064279525 1.5681340909e-08 0)
(0.611064082836 -1.19544898343e-10 0)
(0.611064177952 1.44392380771e-09 0)
(0.61106413326 -7.95472540399e-10 0)
(0.611064153912 9.11386112551e-11 0)
(0.611064143948 -2.19546954536e-10 0)
(0.611064148512 2.34495031192e-11 0)
(0.61106414632 -3.91172159097e-11 0)
(0.611064147338 1.09625373307e-11 0)
(0.611064146857 -6.12470131513e-12 0)
(0.611064147084 3.75432892467e-12 0)
(0.611064146978 -6.87098179053e-13 0)
(0.611064147028 8.12244615249e-13 0)
(0.611064147005 8.25583667188e-14 0)
(0.611064147016 3.88190059557e-13 0)
(0.611064147011 -2.44730393196e-14 0)
(0.611064147013 3.57933716778e-13 0)
(0.611064147012 1.99194056844e-13 0)
(0.611064147012 3.68917085236e-14 0)
(0.611064147012 2.35542118587e-13 0)
(0.611064147012 -1.55519743422e-13 0)
(0.611064147012 2.58187741161e-13 0)
(0.611064147012 -4.24554327323e-13 0)
(0.611064147012 -7.59745701028e-14 0)
(0.492414883771 0.0273343906646 0)
(0.584716517529 0.0216050125669 0)
(0.587742957088 0.0132427616305 0)
(0.613117704344 0.00498438660956 0)
(0.61026026733 0.00157799366163 0)
(0.614441059033 0.000280897806938 0)
(0.612801486248 -5.15805901198e-05 0)
(0.613446560291 -6.89034974609e-05 0)
(0.61298244149 -4.675218229e-05 0)
(0.613116326775 -1.79835624563e-05 0)
(0.613016766559 -7.5698232474e-06 0)
(0.613051609595 -1.47928660901e-06 0)
(0.61303217433 -4.26362921522e-07 0)
(0.6130410481 1.79001087311e-07 0)
(0.61303712167 6.38680649239e-08 0)
(0.613039181874 7.53272926684e-08 0)
(0.613038321848 1.48821584669e-08 0)
(0.613038769906 1.20822918828e-08 0)
(0.61303857304 -3.81418990563e-12 0)
(0.613038668714 1.09766411628e-09 0)
(0.613038623815 -6.00807571354e-10 0)
(0.613038644534 6.41034945116e-11 0)
(0.613038634509 -1.67145222632e-10 0)
(0.613038639086 1.66606125835e-11 0)
(0.613038636882 -2.9740035343e-11 0)
(0.613038637903 8.18500801083e-12 0)
(0.61303863742 -4.27603673934e-12 0)
(0.613038637647 2.90898039552e-12 0)
(0.613038637541 -1.88733269303e-13 0)
(0.613038637592 7.54506094748e-13 0)
(0.613038637568 1.83410984973e-13 0)
(0.613038637579 4.11409082206e-13 0)
(0.613038637574 -1.14967160667e-13 0)
(0.613038637576 2.33185165365e-13 0)
(0.613038637575 -2.68100670975e-14 0)
(0.613038637576 2.06586490695e-13 0)
(0.613038637575 2.766886782e-13 0)
(0.613038637575 -4.45739092697e-13 0)
(0.613038637575 1.50613575118e-13 0)
(0.613038637576 -5.19283709737e-14 0)
(0.613038637575 -1.6675620337e-13 0)
(0.49138793698 0.0180748074803 0)
(0.58369737598 0.0145063523638 0)
(0.58808584331 0.00895021561854 0)
(0.614046038334 0.00338756350118 0)
(0.611531875499 0.00107867156391 0)
(0.615783084292 0.000192964655282 0)
(0.614154393002 -3.42247904094e-05 0)
(0.614791305069 -4.69896481564e-05 0)
(0.614319888487 -3.18620475444e-05 0)
(0.614450463522 -1.23349355879e-05 0)
(0.61434926157 -5.17501393805e-06 0)
(0.61438373825 -1.02516906887e-06 0)
(0.6143641463 -2.91563047875e-07 0)
(0.614373042091 1.19961070775e-07 0)
(0.614369116453 4.40941112237e-08 0)
(0.614371192131 5.11761849407e-08 0)
(0.614370333885 1.03467556189e-08 0)
(0.614370785045 8.21067662393e-09 0)
(0.614370588074 3.91156221419e-11 0)
(0.614370684152 7.39021354833e-10 0)
(0.614370639106 -4.0244155488e-10 0)
(0.614370659872 4.06093183208e-11 0)
(0.614370649802 -1.12785219401e-10 0)
(0.614370654389 1.07598999087e-11 0)
(0.614370652176 -2.00553720574e-11 0)
(0.614370653199 5.59327890821e-12 0)
(0.614370652715 -2.87310049393e-12 0)
(0.614370652943 2.24450195385e-12 0)
(0.614370652836 2.37627968091e-13 0)
(0.614370652887 7.9073724205e-13 0)
(0.614370652863 4.15809022181e-13 0)
(0.614370652875 2.32875858746e-13 0)
(0.61437065287 -1.66641635793e-13 0)
(0.614370652872 3.1927863876e-13 0)
(0.614370652871 -7.4449117187e-14 0)
(0.614370652871 -5.79281227187e-14 0)
(0.614370652871 1.87373671902e-13 0)
(0.614370652871 -5.4081516132e-13 0)
(0.614370652871 -1.63568333272e-13 0)
(0.614370652871 -4.23235798251e-13 0)
(0.614370652871 -5.18848735248e-14 0)
(0.490767779541 0.0089926824756 0)
(0.583067291671 0.00728348137646 0)
(0.588258193031 0.00451137489167 0)
(0.614569734065 0.00171321258968 0)
(0.612263453984 0.000547391217469 0)
(0.616557724139 9.82154652591e-05 0)
(0.614935877591 -1.70589374868e-05 0)
(0.615567844939 -2.38127890194e-05 0)
(0.615091998508 -1.61411624715e-05 0)
(0.615220543253 -6.27245914144e-06 0)
(0.615118338288 -2.62656405912e-06 0)
(0.615152587724 -5.24459071775e-07 0)
(0.615132899883 -1.48023232892e-07 0)
(0.615141808521 6.01611965455e-08 0)
(0.615137883445 2.25048137748e-08 0)
(0.615139968501 2.58787421676e-08 0)
(0.615139111381 5.30238753305e-09 0)
(0.615139564425 4.15214694288e-09 0)
(0.6151393674 3.21389609966e-11 0)
(0.615139463722 3.71444264303e-10 0)
(0.615139418589 -2.01660693586e-10 0)
(0.615139439383 1.96763693533e-11 0)
(0.615139429287 -5.67761697097e-11 0)
(0.615139433879 5.33453371874e-12 0)
(0.61513943166 -1.00597283781e-11 0)
(0.615139432685 3.00914746526e-12 0)
(0.6151394322 -8.7822590047e-13 0)
(0.615139432429 9.9065517799e-13 0)
(0.615139432322 6.39678614044e-14 0)
(0.615139432373 4.96394723629e-13 0)
(0.615139432349 5.02761894379e-13 0)
(0.61513943236 1.74512899031e-13 0)
(0.615139432355 -3.93708895802e-14 0)
(0.615139432357 3.00797033868e-13 0)
(0.615139432356 1.50488807498e-13 0)
(0.615139432357 -6.57384099104e-14 0)
(0.615139432356 -3.0764254217e-14 0)
(0.615139432356 -4.14897405434e-13 0)
(0.615139432357 -3.7493049591e-13 0)
(0.615139432357 -4.87573206723e-13 0)
(0.615139432356 -1.59380843e-13 0)
(0.490560469611 3.87552659621e-10 0)
(0.58285428807 1.37159260893e-10 0)
(0.588310197276 -2.79043150987e-10 0)
(0.614738848792 -2.31713290335e-11 0)
(0.612502172986 1.36801778443e-10 0)
(0.616810930597 -1.12151773969e-11 0)
(0.615191418112 -5.39900213521e-11 0)
(0.615821729417 1.96540926232e-11 0)
(0.61534439781 2.17007731135e-11 0)
(0.615472258404 -1.24410659267e-11 0)
(0.615369716085 -7.30191265124e-12 0)
(0.615403888525 6.49934773989e-12 0)
(0.615384168402 3.93321969725e-13 0)
(0.61539308126 -4.26983900209e-12 0)
(0.615389156387 -1.0110406197e-12 0)
(0.615391244584 6.38682642625e-13 0)
(0.615390387849 -8.44721964082e-13 0)
(0.615390841525 -1.48513293645e-12 0)
(0.615390644484 -4.23705837478e-13 0)
(0.615390740888 -5.85850017106e-14 0)
(0.615390695725 3.12942781019e-15 0)
(0.615390716528 -1.05176843769e-13 0)
(0.615390706424 3.33970158285e-13 0)
(0.615390711017 4.3296572261e-13 0)
(0.615390708797 3.77720914186e-13 0)
(0.615390709823 3.53520298239e-13 0)
(0.615390709337 6.27164556407e-13 0)
(0.615390709566 3.00898372872e-14 0)
(0.615390709458 4.77944922373e-14 0)
(0.615390709509 3.10677737267e-13 0)
(0.615390709486 3.86362863594e-13 0)
(0.615390709497 3.61900247882e-13 0)
(0.615390709492 2.46270267505e-13 0)
(0.615390709494 1.53442786011e-13 0)
(0.615390709493 1.90979086029e-13 0)
(0.615390709493 -4.60471456509e-14 0)
(0.615390709493 -7.86797236033e-14 0)
(0.615390709493 -3.92863404557e-13 0)
(0.615390709493 -1.78509786364e-13 0)
(0.615390709493 -3.27947525073e-13 0)
(0.615390709493 3.85774871717e-14 0)
(0.490767779492 -0.00899268170279 0)
(0.583067291533 -0.00728348112352 0)
(0.588258192999 -0.0045113754356 0)
(0.614569734152 -0.00171321262874 0)
(0.612263453985 -0.000547390952906 0)
(0.616557724099 -9.82154894593e-05 0)
(0.614935877598 1.70588336922e-05 0)
(0.615567844955 2.38128277716e-05 0)
(0.615091998501 1.61412037452e-05 0)
(0.615220543247 6.27243467804e-06 0)
(0.615118338292 2.62655051657e-06 0)
(0.615152587726 5.24471671585e-07 0)
(0.615132899881 1.48024359124e-07 0)
(0.61514180852 -6.01693497194e-08 0)
(0.615137883446 -2.25068423142e-08 0)
(0.615139968501 -2.58775541696e-08 0)
(0.615139111381 -5.30435496765e-09 0)
(0.615139564425 -4.15496735108e-09 0)
(0.615139367401 -3.29021199488e-11 0)
(0.615139463723 -3.7185898738e-10 0)
(0.615139418589 2.01585906044e-10 0)
(0.615139439383 -1.99521128991e-11 0)
(0.615139429287 5.71464464283e-11 0)
(0.615139433879 -4.6003380798e-12 0)
(0.61513943166 1.0442640742e-11 0)
(0.615139432686 -2.54952674341e-12 0)
(0.6151394322 1.93298299647e-12 0)
(0.615139432429 -7.05838151761e-13 0)
(0.615139432322 3.04341379826e-13 0)
(0.615139432373 1.1899400264e-13 0)
(0.615139432349 4.92772171295e-13 0)
(0.61513943236 2.2972773046e-13 0)
(0.615139432355 9.67921274542e-14 0)
(0.615139432357 2.30846251001e-13 0)
(0.615139432356 7.54513728926e-14 0)
(0.615139432356 -2.75971224857e-13 0)
(0.615139432356 -2.16672955194e-15 0)
(0.615139432356 -3.70312402026e-13 0)
(0.615139432357 -8.96209182874e-14 0)
(0.615139432357 -2.89025450632e-14 0)
(0.615139432357 5.30111231091e-14 0)
(0.491387936878 -0.0180748067155 0)
(0.583697375709 -0.0145063521717 0)
(0.588085843251 -0.00895021612061 0)
(0.614046038503 -0.00338756351998 0)
(0.611531875501 -0.00107867132469 0)
(0.615783084215 -0.000192964683502 0)
(0.614154393016 3.42246993291e-05 0)
(0.6147913051 4.69896855208e-05 0)
(0.614319888474 3.18620829705e-05 0)
(0.61445046351 1.23349132651e-05 0)
(0.614349261577 5.17500265492e-06 0)
(0.614383738253 1.02517950464e-06 0)
(0.614364146295 2.91563628865e-07 0)
(0.614373042091 -1.19968361582e-07 0)
(0.614369116455 -4.40955625736e-08 0)
(0.614371192131 -5.11752805515e-08 0)
(0.614370333884 -1.0348784847e-08 0)
(0.614370785045 -8.21312654375e-09 0)
(0.614370588074 -3.99095000308e-11 0)
(0.614370684152 -7.39590530488e-10 0)
(0.614370639106 4.0214379092e-10 0)
(0.614370659872 -4.11413545854e-11 0)
(0.614370649803 1.13169092651e-10 0)
(0.614370654389 -1.02792353466e-11 0)
(0.614370652176 2.0914263865e-11 0)
(0.614370653199 -4.95501608124e-12 0)
(0.614370652715 3.540465009e-12 0)
(0.614370652943 -1.57158569297e-12 0)
(0.614370652836 6.29215114961e-13 0)
(0.614370652887 7.56088996899e-14 0)
(0.614370652863 3.82246377895e-13 0)
(0.614370652875 1.21206353399e-13 0)
(0.61437065287 2.2017474778e-13 0)
(0.614370652872 4.21077275174e-13 0)
(0.61437065287 -2.90253234659e-13 0)
(0.614370652871 -4.59318830161e-13 0)
(0.614370652871 -3.37980616029e-13 0)
(0.614370652871 -3.63179597317e-13 0)
(0.614370652871 4.62746479548e-14 0)
(0.614370652871 3.24398859847e-14 0)
(0.614370652871 6.21935429798e-14 0)
(0.492414883608 -0.0273343899162 0)
(0.58471651713 -0.0216050124701 0)
(0.587742957014 -0.0132427620658 0)
(0.613117704586 -0.0049843865966 0)
(0.610260267328 -0.00157799346285 0)
(0.614441058924 -0.000280897840948 0)
(0.612801486269 5.15805193486e-05 0)
(0.613446560333 6.8903532558e-05 0)
(0.61298244147 4.67522078229e-05 0)
(0.613116326759 1.79835431907e-05 0)
(0.61301676657 7.5698159888e-06 0)
(0.613051609599 1.47929468626e-06 0)
(0.613032174324 4.26362338415e-07 0)
(0.613041048099 -1.79006684939e-07 0)
(0.613037121673 -6.38692482988e-08 0)
(0.613039181873 -7.53271385316e-08 0)
(0.613038321847 -1.48843147184e-08 0)
(0.613038769906 -1.20842710581e-08 0)
(0.613038573041 3.12499627852e-12 0)
(0.613038668714 -1.098323745e-09 0)
(0.613038623815 6.00180078795e-10 0)
(0.613038644534 -6.4541261021e-11 0)
(0.613038634509 1.6756847105e-10 0)
(0.613038639086 -1.62918550783e-11 0)
(0.613038636882 3.07039859518e-11 0)
(0.613038637903 -7.68176329658e-12 0)
(0.61303863742 5.17185371569e-12 0)
(0.613038637647 -2.44785894452e-12 0)
(0.613038637541 8.91503446826e-13 0)
(0.613038637592 -1.36174652498e-13 0)
(0.613038637568 6.63397365935e-13 0)
(0.613038637579 1.66754407698e-13 0)
(0.613038637574 1.10721114408e-13 0)
(0.613038637576 2.5054464354e-13 0)
(0.613038637575 -6.62041537679e-14 0)
(0.613038637575 -1.26991816126e-13 0)
(0.613038637575 -2.52525163566e-13 0)
(0.613038637575 -3.21576517285e-13 0)
(0.613038637576 -1.80805133494e-13 0)
(0.613038637576 1.50874071754e-13 0)
(0.613038637576 2.88165246234e-14 0)
(0.493835628442 -0.036854873733 0)
(0.586073530896 -0.0285091261073 0)
(0.587141981779 -0.0173124898644 0)
(0.611697971386 -0.00646542446228 0)
(0.608366969428 -0.00203004737885 0)
(0.612452044713 -0.000358900438585 0)
(0.610798345432 6.91613770662e-05 0)
(0.611454675703 8.89452742786e-05 0)
(0.611000595086 6.04207525223e-05 0)
(0.61113896089 2.30265415235e-05 0)
(0.611041636935 9.74054725362e-06 0)
(0.611076967094 1.86579980887e-06 0)
(0.61105774473 5.48612400662e-07 0)
(0.611066586399 -2.36838215169e-07 0)
(0.611062659181 -8.09645082924e-08 0)
(0.611064698038 -9.77976540691e-08 0)
(0.611063835725 -1.86765855609e-08 0)
(0.611064279525 -1.56831558268e-08 0)
(0.611064082837 1.1856848457e-10 0)
(0.611064177952 -1.44498640063e-09 0)
(0.61106413326 7.95318389452e-10 0)
(0.611064153913 -9.12089004378e-11 0)
(0.611064143948 2.19982572367e-10 0)
(0.611064148512 -2.32832219153e-11 0)
(0.61106414632 4.01992583385e-11 0)
(0.611064147338 -1.04931274211e-11 0)
(0.611064146857 6.59886523477e-12 0)
(0.611064147084 -3.21002157311e-12 0)
(0.611064146978 1.14806502879e-12 0)
(0.611064147028 -3.21164926548e-13 0)
(0.611064147004 6.60384135589e-13 0)
(0.611064147016 2.44816848183e-13 0)
(0.611064147011 1.91567305304e-13 0)
(0.611064147013 -3.75599089381e-14 0)
(0.611064147011 -2.81766034875e-13 0)
(0.611064147012 3.28196290571e-14 0)
(0.611064147012 -3.50526110427e-13 0)
(0.611064147012 -3.50375620437e-13 0)
(0.611064147012 -1.61252162967e-14 0)
(0.611064147012 1.32142369496e-13 0)
(0.611064147012 7.97359182679e-16 0)
(0.495625386048 -0.0467121008373 0)
(0.587686898381 -0.0351384885885 0)
(0.586152014237 -0.0210789956105 0)
(0.609658219338 -0.00779318869599 0)
(0.605731098937 -0.00242037409984 0)
(0.609698076526 -0.00042421495619 0)
(0.608028115005 8.69309752113e-05 0)
(0.608698614226 0.000106533314795 0)
(0.608257134788 7.25061701424e-05 0)
(0.60840099883 2.72900980622e-05 0)
(0.60830644504 1.16242580891e-05 0)
(0.608342357865 2.16635680304e-06 0)
(0.608323398507 6.5515695414e-07 0)
(0.60833219674 -2.92937030338e-07 0)
(0.60832826907 -9.45730650947e-08 0)
(0.60833028102 -1.18095416085e-07 0)
(0.608329416122 -2.15158405815e-08 0)
(0.60832985458 -1.89328324636e-08 0)
(0.608329658173 3.26419874741e-10 0)
(0.608329752581 -1.77589927044e-09 0)
(0.608329708157 9.85322667084e-10 0)
(0.608329728724 -1.22660673257e-10 0)
(0.608329718837 2.69348542849e-10 0)
(0.608329723384 -3.12395227666e-11 0)
(0.608329721208 4.91915449058e-11 0)
(0.60832972222 -1.33557364046e-11 0)
(0.608329721743 8.02782898915e-12 0)
(0.608329721968 -3.64448980131e-12 0)
(0.608329721862 1.72199691126e-12 0)
(0.608329721912 -6.51177261792e-13 0)
(0.608329721889 8.25425771029e-13 0)
(0.6083297219 1.41410310513e-13 0)
(0.608329721895 2.12912568673e-13 0)
(0.608329721897 8.34662481233e-14 0)
(0.608329721896 2.68313709372e-14 0)
(0.608329721896 1.03810197768e-13 0)
(0.608329721896 -7.85096393711e-14 0)
(0.608329721896 1.00313960379e-14 0)
(0.608329721897 -2.28277726952e-13 0)
(0.608329721897 2.3598300415e-13 0)
(0.608329721896 -1.21177053744e-13 0)
(0.49773984201 -0.0569695763572 0)
(0.589433815468 -0.0413995245391 0)
(0.584589977727 -0.0244570860205 0)
(0.606820372459 -0.00893146135607 0)
(0.602185552573 -0.00273573000306 0)
(0.60601584947 -0.000474565395843 0)
(0.604328916018 0.000104759071575 0)
(0.605016245627 0.000121123888025 0)
(0.604589703634 8.26856841621e-05 0)
(0.60473988896 3.06240613285e-05 0)
(0.604648563824 1.31677770418e-05 0)
(0.604685123061 2.36611100607e-06 0)
(0.604666469389 7.43669010463e-07 0)
(0.604675211283 -3.46681959771e-07 0)
(0.604671283982 -1.03959852823e-07 0)
(0.604673263841 -1.35787617087e-07 0)
(0.604672396322 -2.3224356849e-08 0)
(0.60467282845 -2.17700002194e-08 0)
(0.604672632467 6.40795794271e-10 0)
(0.604672726026 -2.08951724395e-09 0)
(0.604672681934 1.16902203038e-09 0)
(0.604672702393 -1.59892640732e-10 0)
(0.6046726926 3.152243315e-10 0)
(0.604672697126 -4.07628775864e-11 0)
(0.604672694969 5.79568691447e-11 0)
(0.604672695975 -1.6311447819e-11 0)
(0.604672695501 9.71189710603e-12 0)
(0.604672695724 -4.68587875857e-12 0)
(0.60467269562 2.142654261e-12 0)
(0.60467269567 -8.41168282961e-13 0)
(0.604672695646 8.60744373662e-13 0)
(0.604672695657 3.62865493378e-13 0)
(0.604672695652 2.3698396856e-13 0)
(0.604672695654 -3.94868221265e-14 0)
(0.604672695653 5.2307960447e-14 0)
(0.604672695654 2.97228238126e-13 0)
(0.604672695653 -2.86775230021e-13 0)
(0.604672695654 1.94381717817e-13 0)
(0.604672695654 -1.39946292641e-13 0)
(0.604672695654 2.51141021662e-14 0)
(0.604672695654 -1.47443610872e-13 0)
(0.500103458821 -0.06767145774 0)
(0.591134448972 -0.0471816208006 0)
(0.582208505584 -0.0273562742086 0)
(0.60294645102 -0.00984601147457 0)
(0.597507346555 -0.00296451862392 0)
(0.601187060308 -0.000508283621745 0)
(0.599484182258 0.000122400636351 0)
(0.600190664754 0.000132222674439 0)
(0.599781122266 9.06845739253e-05 0)
(0.599938215543 3.2907409435e-05 0)
(0.599850489198 1.43297514853e-05 0)
(0.599887720648 2.45442562786e-06 0)
(0.599869407054 8.12796513926e-07 0)
(0.599878077813 -3.97337614765e-07 0)
(0.599874152365 -1.08486901083e-07 0)
(0.599876095374 -1.50510129798e-07 0)
(0.599875225526 -2.36642751346e-08 0)
(0.599875650439 -2.41441736022e-08 0)
(0.599875455073 1.07091663306e-09 0)
(0.599875547649 -2.38404052694e-09 0)
(0.599875503955 1.34510039152e-09 0)
(0.599875524283 -2.0341176692e-10 0)
(0.5998755146 3.57206483651e-10 0)
(0.599875519099 -5.14887051681e-11 0)
(0.599875516965 6.59050573758e-11 0)
(0.599875517964 -1.89426224588e-11 0)
(0.599875517494 1.12385818465e-11 0)
(0.599875517715 -5.31738816827e-12 0)
(0.599875517611 2.39311632395e-12 0)
(0.599875517661 -1.16848826822e-12 0)
(0.599875517637 4.75669334803e-13 0)
(0.599875517648 1.08055056963e-13 0)
(0.599875517643 3.03606118157e-13 0)
(0.599875517645 9.31975988888e-14 0)
(0.599875517644 4.78991984313e-15 0)
(0.599875517645 2.43768986654e-13 0)
(0.599875517644 -2.60893737837e-13 0)
(0.599875517645 1.88170852494e-13 0)
(0.599875517645 -1.01517437935e-13 0)
(0.599875517645 -2.38504536562e-13 0)
(0.599875517645 -6.57537954418e-14 0)
(0.502592180755 -0.0788323282727 0)
(0.592529974357 -0.0523534612786 0)
(0.578679941421 -0.0296809244395 0)
(0.597724723401 -0.010505599528 0)
(0.591404746755 -0.00309730553747 0)
(0.594925497846 -0.000524434552003 0)
(0.593209739883 0.000139477970324 0)
(0.593937243835 0.000139398416451 0)
(0.593546443839 9.62852250595e-05 0)
(0.593710753348 3.40534787371e-05 0)
(0.593626897394 1.50824334539e-05 0)
(0.593664783079 2.4255301805e-06 0)
(0.593646835362 8.62257701832e-07 0)
(0.593655417948 -4.44046328972e-07 0)
(0.593651496765 -1.07635627864e-07 0)
(0.593653398604 -1.61979427243e-07 0)
(0.593652527124 -2.27432850053e-08 0)
(0.593652944041 -2.60216200481e-08 0)
(0.593652749544 1.62148344813e-09 0)
(0.593652841006 -2.65923759801e-09 0)
(0.593652797781 1.51249562144e-09 0)
(0.593652817953 -2.5356728839e-10 0)
(0.593652808396 3.95087029598e-10 0)
(0.593652812862 -6.38630184218e-11 0)
(0.593652810754 7.28865657683e-11 0)
(0.593652811744 -2.22101016418e-11 0)
(0.593652811279 1.2539383856e-11 0)
(0.593652811498 -6.21198120781e-12 0)
(0.593652811395 2.712800889e-12 0)
(0.593652811444 -1.31300304538e-12 0)
(0.593652811421 6.11912114081e-13 0)
(0.593652811432 1.11713769625e-13 0)
(0.593652811427 2.04528102353e-13 0)
(0.593652811429 -8.79011295612e-14 0)
(0.593652811427 -6.89273905905e-14 0)
(0.593652811428 1.982106512e-13 0)
(0.593652811428 -3.17320731482e-13 0)
(0.593652811428 1.81687798725e-13 0)
(0.593652811428 -2.04566350241e-13 0)
(0.593652811428 -4.20784073915e-13 0)
(0.593652811428 -8.80763293087e-14 0)
(0.505008101861 -0.0904223750137 0)
(0.593252428442 -0.0567595932921 0)
(0.573575727392 -0.0313313760414 0)
(0.590751730911 -0.0108833419751 0)
(0.583500460885 -0.00312742893372 0)
(0.58686011784 -0.000522934162006 0)
(0.585136864659 0.000155467572273 0)
(0.585886648207 0.000142299530824 0)
(0.585515974503 9.93359017029e-05 0)
(0.585687486379 3.40149824958e-05 0)
(0.58560766743 1.54131241693e-05 0)
(0.585646139887 2.27907996931e-06 0)
(0.585628575764 8.92876518427e-07 0)
(0.585637050478 -4.85820413868e-07 0)
(0.58563313727 -1.01039013315e-07 0)
(0.585634994039 -1.69999415014e-07 0)
(0.58563412211 -2.04238163439e-08 0)
(0.585634530341 -2.73856506545e-08 0)
(0.585634337045 2.28902933988e-09 0)
(0.585634427261 -2.91498177069e-09 0)
(0.585634384581 1.66843703032e-09 0)
(0.585634404568 -3.10906430836e-10 0)
(0.585634395153 4.27436278708e-10 0)
(0.58563439958 -7.74154359905e-11 0)
(0.585634397501 7.97363155308e-11 0)
(0.58563439848 -2.53493319311e-11 0)
(0.58563439802 1.40056571107e-11 0)
(0.585634398237 -7.04656003846e-12 0)
(0.585634398135 2.74767840151e-12 0)
(0.585634398184 -1.46650996188e-12 0)
(0.585634398161 5.90498800617e-13 0)
(0.585634398171 -3.83066798116e-13 0)
(0.585634398167 1.75971397842e-13 0)
(0.585634398169 -1.39195431671e-13 0)
(0.585634398167 -9.24258671523e-14 0)
(0.585634398168 -1.97687363558e-14 0)
(0.585634398168 -3.60374059657e-13 0)
(0.585634398168 2.43970311122e-13 0)
(0.585634398168 9.88141105127e-15 0)
(0.585634398168 -2.32883779744e-13 0)
(0.585634398168 5.29280016994e-14 0)
(0.507042510651 -0.102346113932 0)
(0.59278371717 -0.0602176639607 0)
(0.566340321625 -0.0322065125132 0)
(0.581509247416 -0.0109585049743 0)
(0.573309942715 -0.0030517131405 0)
(0.576513097885 -0.000504649811812 0)
(0.574790312696 0.000169694180898 0)
(0.575562804474 0.000140675141896 0)
(0.575213250251 9.97591638928e-05 0)
(0.575391580406 3.27888692616e-05 0)
(0.57531585893 1.5325185915e-05 0)
(0.575354795217 2.02061848474e-06 0)
(0.575337626011 9.06533244113e-07 0)
(0.575345969887 -5.21542360267e-07 0)
(0.575342070227 -8.85185544951e-08 0)
(0.575343878342 -1.74467607781e-07 0)
(0.575343007754 -1.67303372748e-08 0)
(0.575343406675 -2.82353479921e-08 0)
(0.575343215005 3.06202948596e-09 0)
(0.575343303833 -3.15265075594e-09 0)
(0.575343261786 1.81149892503e-09 0)
(0.575343281552 -3.75143276815e-10 0)
(0.575343272297 4.55413897787e-10 0)
(0.575343276676 -9.27052348198e-11 0)
(0.57534327463 8.58191267885e-11 0)
(0.575343275597 -2.88606034566e-11 0)
(0.575343275144 1.53470177144e-11 0)
(0.575343275357 -7.80952016e-12 0)
(0.575343275257 3.12732286639e-12 0)
(0.575343275304 -1.63387609519e-12 0)
(0.575343275282 6.86384346652e-13 0)
(0.575343275292 -3.32086537809e-13 0)
(0.575343275288 1.77758689966e-13 0)
(0.57534327529 -2.78231726865e-13 0)
(0.575343275288 -1.18344006379e-13 0)
(0.575343275289 5.9187904119e-14 0)
(0.575343275289 -2.23377235158e-13 0)
(0.575343275289 4.6701017059e-13 0)
(0.575343275289 -1.37170569129e-13 0)
(0.575343275289 -1.3650142397e-13 0)
(0.575343275289 2.90898081328e-14 0)
(0.508222046948 -0.114412203931 0)
(0.590400235027 -0.0625170774816 0)
(0.556258688197 -0.0322084271539 0)
(0.569334973197 -0.0107187788569 0)
(0.560213582921 -0.00287128390448 0)
(0.563271565722 -0.000471465793642 0)
(0.561560022825 0.000181334879422 0)
(0.5623545088 0.000134402538841 0)
(0.562026661181 9.7559686876e-05 0)
(0.562210998618 3.04211681096e-05 0)
(0.562139335479 1.48384835976e-05 0)
(0.562178550139 1.66196025573e-06 0)
(0.562161784184 9.06000316507e-07 0)
(0.562169970035 -5.49958319979e-07 0)
(0.56216609222 -7.01400754872e-08 0)
(0.562167848196 -1.75371769105e-07 0)
(0.562166981514 -1.17583500715e-08 0)
(0.562167370499 -2.85846306561e-08 0)
(0.56216718101 3.92014459796e-09 0)
(0.562167268284 -3.3717552103e-09 0)
(0.562167226973 1.93896111936e-09 0)
(0.562167246474 -4.45223478536e-10 0)
(0.562167237399 4.77713867288e-10 0)
(0.562167241719 -1.08855658686e-10 0)
(0.56216723971 9.13440225021e-11 0)
(0.562167240663 -3.18122616847e-11 0)
(0.562167240217 1.68651884012e-11 0)
(0.562167240427 -8.25376166462e-12 0)
(0.562167240328 3.58425281491e-12 0)
(0.562167240375 -1.97166023926e-12 0)
(0.562167240353 7.46820673599e-13 0)
(0.562167240363 -6.17863197685e-13 0)
(0.562167240358 5.7150166761e-14 0)
(0.56216724036 -3.7365776232e-13 0)
(0.562167240359 -1.71314718908e-13 0)
(0.562167240359 -1.63810298766e-13 0)
(0.562167240359 -1.51639639183e-13 0)
(0.56216724036 4.54342411711e-13 0)
(0.56216724036 -1.37957834439e-13 0)
(0.56216724036 -7.84114785304e-14 0)
(0.56216724036 1.85282471719e-14 0)
(0.507830242024 -0.126290687086 0)
(0.585098434007 -0.0634203255037 0)
(0.542416368757 -0.031250146908 0)
(0.55338543124 -0.0101630505055 0)
(0.54342121611 -0.00259247380489 0)
(0.546351311188 -0.000426286844684 0)
(0.544664813973 0.000189436328849 0)
(0.545478983137 0.000123524187165 0)
(0.545173036781 9.28309938155e-05 0)
(0.545362071292 2.70121100007e-05 0)
(0.545294345796 1.39890393806e-05 0)
(0.545333581442 1.22153183811e-06 0)
(0.545317230088 8.94615517665e-07 0)
(0.545325224878 -5.69665285783e-07 0)
(0.545321381266 -4.62866412039e-08 0)
(0.545323081304 -1.72782874704e-07 0)
(0.545322222129 -5.6860242758e-09 0)
(0.545322600444 -2.84587410781e-08 0)
(0.545322413868 4.83118541156e-09 0)
(0.54532249937 -3.5717356805e-09 0)
(0.545322458929 2.0466913077e-09 0)
(0.545322478103 -5.20246537362e-10 0)
(0.545322469233 4.94124940233e-10 0)
(0.54532247348 -1.26226555763e-10 0)
(0.545322471514 9.56824999474e-11 0)
(0.545322472448 -3.50802096406e-11 0)
(0.545322472011 1.81044733444e-11 0)
(0.545322472217 -8.89243390406e-12 0)
(0.54532247212 4.04386985663e-12 0)
(0.545322472166 -1.97344706095e-12 0)
(0.545322472144 6.39921797532e-13 0)
(0.545322472154 -3.87402366133e-13 0)
(0.54532247215 -3.47785783392e-14 0)
(0.545322472152 -2.05747836196e-13 0)
(0.54532247215 -1.85058673981e-13 0)
(0.545322472151 -2.00862905271e-13 0)
(0.545322472151 7.47925956152e-14 0)
(0.545322472151 3.69643638849e-13 0)
(0.545322472151 -1.50577747918e-13 0)
(0.545322472151 -2.25406034947e-13 0)
(0.545322472151 -1.61889185743e-13 0)
(0.504792972345 -0.137450953672 0)
(0.575495188639 -0.0626693590304 0)
(0.52365123698 -0.0292679280754 0)
(0.532589119186 -0.0093046582972 0)
(0.521926941061 -0.00222779068337 0)
(0.524750303105 -0.000372940134462 0)
(0.523105927312 0.000192949694267 0)
(0.523935205594 0.000108298988784 0)
(0.523651028296 8.57605599795e-05 0)
(0.523842851227 2.27220246794e-05 0)
(0.523778896791 1.28276253406e-05 0)
(0.52381781007 7.24738296705e-07 0)
(0.523801897621 8.7572194468e-07 0)
(0.523809659662 -5.79063912671e-07 0)
(0.52380586876 -1.77718864183e-08 0)
(0.523807508026 -1.66832374919e-07 0)
(0.523806661392 1.20609039463e-09 0)
(0.523807028012 -2.78851836546e-08 0)
(0.523806845343 5.74965966415e-09 0)
(0.523806928757 -3.7477996944e-09 0)
(0.523806889363 2.12985396038e-09 0)
(0.523806908127 -5.96330533516e-10 0)
(0.523806899496 5.04008063225e-10 0)
(0.52380690365 -1.43323207419e-10 0)
(0.523806901734 9.93430851363e-11 0)
(0.523806902647 -3.82125405678e-11 0)
(0.52380690222 1.9341362073e-11 0)
(0.523806902421 -9.19509599543e-12 0)
(0.523806902326 4.34472817806e-12 0)
(0.523806902371 -1.95534014236e-12 0)
(0.52380690235 8.8895774058e-13 0)
(0.523806902359 -6.03033397952e-13 0)
(0.523806902355 -4.94052045677e-14 0)
(0.523806902357 -1.69875697344e-13 0)
(0.523806902356 -2.47124134975e-13 0)
(0.523806902356 -2.84745736468e-13 0)
(0.523806902356 -2.244271475e-13 0)
(0.523806902356 7.15131150884e-14 0)
(0.523806902356 1.73435341931e-14 0)
(0.523806902357 1.05493155147e-13 0)
(0.523806902357 -7.39961702374e-14 0)
(0.497510420417 -0.147070535954 0)
(0.559694654682 -0.0600015041062 0)
(0.498496402466 -0.0262399927247 0)
(0.505587453104 -0.0081750419986 0)
(0.49445171313 -0.00179687115322 0)
(0.497189205312 -0.000315931508763 0)
(0.495607663304 0.00019079304274 0)
(0.496444228568 8.92717180979e-05 0)
(0.496181518434 7.66333761325e-05 0)
(0.496373478328 1.77781857898e-05 0)
(0.496313145622 1.14171312761e-05 0)
(0.496351284804 2.04344407067e-07 0)
(0.496335864545 8.51835905485e-07 0)
(0.496343338649 -5.76288020497e-07 0)
(0.496339628407 1.40054165657e-08 0)
(0.496341199785 -1.5767670452e-07 0)
(0.496340372812 8.51208420899e-09 0)
(0.496340726108 -2.68830964231e-08 0)
(0.49634054873 6.61110085771e-09 0)
(0.49634062958 -3.88950430822e-09 0)
(0.496340591485 2.18075914481e-09 0)
(0.496340609712 -6.70079299373e-10 0)
(0.496340601371 5.07244935505e-10 0)
(0.496340605404 -1.58972601086e-10 0)
(0.49634060355 1.01601964402e-10 0)
(0.496340604434 -4.10093175837e-11 0)
(0.496340604021 2.00442947974e-11 0)
(0.496340604215 -9.42886998891e-12 0)
(0.496340604124 4.69356515396e-12 0)
(0.496340604167 -1.98475595908e-12 0)
(0.496340604146 9.22972027464e-13 0)
(0.496340604156 -3.64318851577e-13 0)
(0.496340604151 1.23995396453e-13 0)
(0.496340604153 -5.96941198446e-14 0)
(0.496340604152 -2.37825844053e-13 0)
(0.496340604153 -1.42072111985e-13 0)
(0.496340604153 -3.9718382632e-13 0)
(0.496340604153 -1.29601022466e-13 0)
(0.496340604153 -1.78546802419e-13 0)
(0.496340604153 -6.12132594772e-14 0)
(0.496340604153 -3.92923390259e-13 0)
(0.483609231833 -0.153915841761 0)
(0.535110873014 -0.0551798153416 0)
(0.465114572389 -0.022212086 0)
(0.470660289514 -0.00682719553704 0)
(0.459370490661 -0.00132721981541 0)
(0.462035273456 -0.000260008437191 0)
(0.460541605178 0.000181945219756 0)
(0.461372916813 6.73581328562e-05 0)
(0.461131519301 6.58317531095e-05 0)
(0.461320002532 1.24816546389e-05 0)
(0.461263266244 9.82832141182e-06 0)
(0.461300034111 -2.99222822443e-07 0)
(0.461285213874 8.23524559235e-07 0)
(0.461292323 -5.59099425756e-07 0)
(0.461288736056 4.68680408238e-08 0)
(0.461290228029 -1.45440749187e-07 0)
(0.461289430959 1.56714768803e-08 0)
(0.461289768195 -2.54450854988e-08 0)
(0.461289598104 7.32748411451e-09 0)
(0.461289675636 -3.97533681946e-09 0)
(0.461289639215 2.18800044362e-09 0)
(0.461289656717 -7.32885847833e-10 0)
(0.461289648743 5.00906939838e-10 0)
(0.461289652611 -1.71842784373e-10 0)
(0.461289650836 1.0181466407e-10 0)
(0.461289651684 -4.2672292933e-11 0)
(0.461289651288 2.07633476506e-11 0)
(0.461289651474 -9.46110617589e-12 0)
(0.461289651386 4.81372926119e-12 0)
(0.461289651427 -2.05055562457e-12 0)
(0.461289651408 7.81202503922e-13 0)
(0.461289651417 -4.83029253537e-13 0)
(0.461289651413 8.6018947569e-14 0)
(0.461289651414 -2.34039759403e-13 0)
(0.461289651413 -1.11937605121e-13 0)
(0.461289651414 -2.71673736786e-13 0)
(0.461289651414 -3.99262014145e-13 0)
(0.461289651414 -1.36084089121e-13 0)
(0.461289651414 -3.55793907811e-14 0)
(0.461289651414 -3.21477482357e-13 0)
(0.461289651414 -4.51314836385e-13 0)
(0.459578279279 -0.156228372188 0)
(0.498235703822 -0.0480338640712 0)
(0.421225241944 -0.0173288358046 0)
(0.425631435068 -0.00533678117799 0)
(0.414619801377 -0.000854591030004 0)
(0.417204950332 -0.000209349483329 0)
(0.41582995865 0.000165497730329 0)
(0.416636541631 4.39573910303e-05 0)
(0.416417041915 5.38112348335e-05 0)
(0.416597128584 7.21725389361e-06 0)
(0.416544263903 8.13029326536e-06 0)
(0.416578855555 -7.36510349657e-07 0)
(0.416564838041 7.87393008257e-07 0)
(0.416571468983 -5.24433900325e-07 0)
(0.416568071009 7.75092215319e-08 0)
(0.416569464158 -1.30075210264e-07 0)
(0.41656871205 2.19070184883e-08 0)
(0.416569028556 -2.35027301085e-08 0)
(0.416568868722 7.77360937346e-09 0)
(0.416568941717 -3.96698878537e-09 0)
(0.416568907552 2.13359247571e-09 0)
(0.416568924034 -7.74023985835e-10 0)
(0.41656891655 4.81660144644e-10 0)
(0.416568920189 -1.79268217129e-10 0)
(0.416568918521 9.94726156431e-11 0)
(0.416568919318 -4.30845147398e-11 0)
(0.416568918945 2.0739584392e-11 0)
(0.41656891912 -9.21365515822e-12 0)
(0.416568919037 4.76740089096e-12 0)
(0.416568919076 -2.02053705695e-12 0)
(0.416568919058 8.40558008066e-13 0)
(0.416568919066 -4.7218172822e-13 0)
(0.416568919062 1.0781300545e-13 0)
(0.416568919064 1.96401266511e-14 0)
(0.416568919063 3.19041130319e-13 0)
(0.416568919063 -2.82758107166e-13 0)
(0.416568919064 -3.77633418565e-13 0)
(0.416568919064 5.01045818537e-14 0)
(0.416568919063 2.38177018444e-15 0)
(0.416568919064 -2.49343200587e-13 0)
(0.416568919064 -3.18956647047e-13 0)
(0.420240367896 -0.151568550022 0)
(0.444346485117 -0.0385079465794 0)
(0.364026238487 -0.0118880259716 0)
(0.367747655643 -0.00379821968002 0)
(0.357580303581 -0.000423919141502 0)
(0.360039120262 -0.000165742918564 0)
(0.358822299923 0.000140462935196 0)
(0.359574404713 2.12205447074e-05 0)
(0.359379174142 4.10082163675e-05 0)
(0.359544091935 2.49332507141e-06 0)
(0.359495959645 6.36492307241e-06 0)
(0.359527257192 -1.04128844875e-06 0)
(0.359514404504 7.30596806437e-07 0)
(0.359520383835 -4.66478563219e-07 0)
(0.359517276817 1.00414057003e-07 0)
(0.359518538048 -1.10874350504e-07 0)
(0.359517853522 2.6005917139e-08 0)
(0.359518141357 -2.08135729102e-08 0)
(0.359517996313 7.74145004004e-09 0)
(0.359518062795 -3.7833891412e-09 0)
(0.359518031802 1.98159553167e-09 0)
(0.359518046804 -7.72269476516e-10 0)
(0.359518040007 4.42727362601e-10 0)
(0.359518043315 -1.7713506735e-10 0)
(0.359518041799 9.28920689201e-11 0)
(0.359518042523 -4.1389607911e-11 0)
(0.359518042184 1.96980866035e-11 0)
(0.359518042343 -8.77788030652e-12 0)
(0.359518042267 4.8559841103e-12 0)
(0.359518042303 -1.86731085351e-12 0)
(0.359518042286 6.83958785182e-13 0)
(0.359518042294 -3.62029564712e-13 0)
(0.35951804229 9.36741719121e-14 0)
(0.359518042292 -7.37254322459e-14 0)
(0.359518042291 9.04043273036e-14 0)
(0.359518042291 -2.16554456722e-13 0)
(0.359518042292 -4.21559209218e-13 0)
(0.359518042292 -2.04966922816e-13 0)
(0.359518042291 1.74516076328e-13 0)
(0.359518042292 -1.74219355929e-13 0)
(0.359518042292 -2.06810888163e-13 0)
(0.357968268332 -0.136051008477 0)
(0.367129584923 -0.0268451061334 0)
(0.29011350497 -0.00648377266162 0)
(0.293525475128 -0.00232299635938 0)
(0.284927588092 -9.25547637016e-05 0)
(0.287143391789 -0.000125379689248 0)
(0.286138419157 0.000105625993107 0)
(0.286791057466 2.68800196957e-06 0)
(0.286626002705 2.77539108416e-05 0)
(0.286766275546 -9.58030258852e-07 0)
(0.286724769562 4.51179027635e-06 0)
(0.286751171949 -1.11504641769e-06 0)
(0.286740104826 6.21281012592e-07 0)
(0.286745159928 -3.73633715563e-07 0)
(0.286742502833 1.05779260265e-07 0)
(0.286743576171 -8.57356550543e-08 0)
(0.286742993736 2.59076700719e-08 0)
(0.28674323958 -1.6778590584e-08 0)
(0.286743116363 6.8539725013e-09 0)
(0.286743173133 -3.25810022612e-09 0)
(0.286743146776 1.65988223737e-09 0)
(0.286743159565 -6.88067827747e-10 0)
(0.286743153776 3.68006039399e-10 0)
(0.286743156593 -1.56325465865e-10 0)
(0.2867431553 7.84419957627e-11 0)
(0.286743155916 -3.59656365732e-11 0)
(0.286743155628 1.69568022369e-11 0)
(0.286743155763 -7.63857342424e-12 0)
(0.286743155699 4.18952455017e-12 0)
(0.286743155729 -1.64330767553e-12 0)
(0.286743155715 5.56066735849e-13 0)
(0.286743155721 -2.40575697893e-13 0)
(0.286743155718 -7.99019446763e-14 0)
(0.286743155719 -8.3634015596e-14 0)
(0.286743155718 2.20316280382e-13 0)
(0.286743155719 -2.25498859866e-13 0)
(0.286743155719 -5.36617898978e-13 0)
(0.286743155719 -1.41479767719e-14 0)
(0.286743155719 2.66009877166e-13 0)
(0.286743155719 4.04909793693e-14 0)
(0.286743155719 3.14381325439e-13 0)
(0.261383904871 -0.102230111482 0)
(0.258090326744 -0.0143135484585 0)
(0.195428689928 -0.00220889827871 0)
(0.198566141356 -0.00106787238349 0)
(0.192444659649 7.2685247459e-05 0)
(0.19418376096 -7.89863462673e-05 0)
(0.193468050478 6.19512606294e-05 0)
(0.19395354054 -6.5598388598e-06 0)
(0.193830981308 1.47373361293e-05 0)
(0.193933118065 -2.22731511623e-06 0)
(0.193901870071 2.55486188372e-06 0)
(0.193921022138 -8.53271220822e-07 0)
(0.193912774813 4.18069745139e-07 0)
(0.193916471399 -2.35684214042e-07 0)
(0.193914512433 8.14490295252e-08 0)
(0.19391530438 -5.26582827543e-08 0)
(0.193914877233 1.9215021061e-08 0)
(0.193915059064 -1.07262425015e-08 0)
(0.193914968703 4.69715396758e-09 0)
(0.193915010604 -2.19733102259e-09 0)
(0.193914991227 1.09177239824e-09 0)
(0.193915000643 -4.74941633565e-10 0)
(0.193914996378 2.40761154686e-10 0)
(0.19391499845 -1.06820226017e-10 0)
(0.193914997497 5.19469382409e-11 0)
(0.19391499795 -2.39838718687e-11 0)
(0.193914997738 1.12135770255e-11 0)
(0.193914997837 -5.17339211741e-12 0)
(0.19391499779 2.73741545738e-12 0)
(0.193914997812 -1.16784243762e-12 0)
(0.193914997802 4.2900860513e-13 0)
(0.193914997806 -1.3615008485e-13 0)
(0.193914997804 3.67229524359e-14 0)
(0.193914997805 -1.33636726642e-13 0)
(0.193914997804 1.00554181945e-13 0)
(0.193914997804 8.528527022e-14 0)
(0.193914997805 -2.97776589831e-13 0)
(0.193914997805 2.70516169665e-14 0)
(0.193914997805 1.12707983656e-13 0)
(0.193914997805 3.44207268803e-14 0)
(0.193914997805 7.23256687354e-14 0)
(0.113095983839 -0.039762777207 0)
(0.10559373262 -0.0040414062271 0)
(0.0753206980373 -0.000263626475522 0)
(0.0773212183076 -0.000259727114198 0)
(0.0747911179845 5.25904940595e-05 0)
(0.0756236076721 -2.64594774233e-05 0)
(0.0753165685297 1.91561705851e-05 0)
(0.0755320396173 -4.07546389545e-06 0)
(0.0754759289662 4.21383784482e-06 0)
(0.0755201603561 -1.09956759416e-06 0)
(0.0755057850284 7.77044755533e-07 0)
(0.075514098433 -3.13672132454e-07 0)
(0.0755103863554 1.44097935384e-07 0)
(0.0755120175336 -7.74014203323e-08 0)
(0.075511149992 3.020047056e-08 0)
(0.0755115037399 -1.70058471624e-08 0)
(0.0755113156437 6.97428860979e-09 0)
(0.0755113969247 -3.56632639525e-09 0)
(0.0755113570498 1.62964568963e-09 0)
(0.0755113756952 -7.56430451642e-10 0)
(0.0755113671059 3.69314657546e-10 0)
(0.0755113712796 -1.65686933866e-10 0)
(0.0755113693842 8.13311902808e-11 0)
(0.0755113703013 -3.70729901467e-11 0)
(0.075511369878 1.76237818218e-11 0)
(0.0755113700786 -8.37834543677e-12 0)
(0.0755113699843 3.92493169329e-12 0)
(0.0755113700286 -1.88193515522e-12 0)
(0.0755113700075 9.18911110912e-13 0)
(0.0755113700171 -3.92124136504e-13 0)
(0.0755113700127 1.4215891219e-13 0)
(0.0755113700148 -5.27746271392e-14 0)
(0.0755113700139 7.48719192893e-15 0)
(0.0755113700143 -8.62887206836e-14 0)
(0.0755113700138 1.68947017511e-13 0)
(0.0755113700139 -5.33018761509e-14 0)
(0.0755113700143 -3.83137648966e-14 0)
(0.0755113700143 2.12182592643e-14 0)
(0.075511370014 9.06668120214e-14 0)
(0.0755113700142 -1.09417704795e-13 0)
(0.0755113700142 -3.04967662725e-14 0)
)
;

boundaryField
{
    in
    {
        type            fixedValue;
        value           uniform (0.5 0 0);
    }
    out
    {
        type            zeroGradient;
    }
    top
    {
        type            fixedValue;
        value           uniform (0 0 0);
    }
    bottom
    {
        type            fixedValue;
        value           uniform (0 0 0);
    }
    frontback
    {
        type            empty;
    }
}


// ************************************************************************* //
