/*--------------------------------*- C++ -*----------------------------------*\
| =========                 |                                                 |
| \\      /  F ield         | OpenFOAM: The Open Source CFD Toolbox           |
|  \\    /   O peration     | Version:  2112                                  |
|   \\  /    A nd           | Website:  www.openfoam.com                      |
|    \\/     M anipulation  |                                                 |
\*---------------------------------------------------------------------------*/
FoamFile
{
    version     2.0;
    format      ascii;
    arch        "LSB;label=32;scalar=64";
    class       surfaceScalarField;
    location    "1";
    object      phi;
}
// * * * * * * * * * * * * * * * * * * * * * * * * * * * * * * * * * * * * * //

dimensions      [0 3 -1 0 0 0 0];

oriented        oriented;

internalField   nonuniform List<scalar> 
3280
(
0.00030251178961
0.000917000400458
0.000201875176465
0.000100636614571
0.000190713128657
1.11620506214e-05
0.000183457487516
7.25563860859e-06
0.000184322988461
-8.65500927419e-07
0.000183689101687
6.33887901463e-07
0.000184149560841
-4.60459593273e-07
0.000184075045911
7.45146265169e-08
0.000184181527578
-1.06481383223e-07
0.000184160045373
2.14822274402e-08
0.000184179145753
-1.91005118147e-08
0.000184172195081
6.95070405605e-09
0.000184175523313
-3.32818257438e-09
0.000184173706637
1.81665236282e-09
0.000184174378141
-6.7152027746e-10
0.000184173974536
4.03619554918e-10
0.000184174130758
-1.56222839267e-10
0.000184174047231
8.35213076282e-11
0.000184174084511
-3.72793415899e-11
0.000184174067096
1.74181326305e-11
0.000184174075655
-8.55929261445e-12
0.000184174071868
3.78719817017e-12
0.000184174073756
-1.88495080956e-12
0.000184174072907
8.49780055438e-13
0.000184174073317
-4.09462995048e-13
0.000184174073126
1.91779244592e-13
0.000184174073215
-8.86773992789e-14
0.000184174073173
4.56595499557e-14
0.000184174073193
-2.1336217523e-14
0.000184174073184
1.20502351161e-14
0.000184174073189
-5.00375391758e-15
0.000184174073187
-1.40836874791e-15
0.000184174073187
3.50980341895e-16
0.000184174073187
1.58552450652e-16
0.000184174073186
1.19799525717e-15
0.000184174073186
-2.3993017535e-15
0.000184174073186
1.48902196742e-16
0.000184174073187
-3.39679003221e-15
0.000184174073187
-3.94450689313e-15
0.000184174073186
-2.80440615503e-15
1.33769961028e-15
0.000680514175831
0.0014559984183
0.0005284068212
0.000252743966566
0.000487299793793
5.2269081735e-05
0.000473691257128
2.08641739638e-05
0.000472821047139
4.70814178344e-09
0.000472163308821
1.29162725787e-06
0.00047274571104
-1.04286183097e-06
0.000472786177257
3.40479853179e-08
0.000472942927664
-2.63231642674e-07
0.000472942668342
2.17416660348e-08
0.00047296759253
-4.40248067437e-08
0.00047296205894
1.2484280468e-08
0.000472965286157
-6.55534854719e-09
0.000472963286206
3.81659589589e-09
0.000472963805735
-1.19106870179e-09
0.000472963343389
8.65973645852e-10
0.000472963473195
-2.86026441368e-10
0.000472963384074
1.72640008131e-10
0.000472963419592
-7.28027677718e-11
0.00047296340263
3.43789506875e-11
0.000472963411367
-1.72924315905e-11
0.000472963407818
7.33126683517e-12
0.000472963409758
-3.82796028688e-12
0.00047296340895
1.6568139483e-12
0.000472963409361
-8.23029476137e-13
0.000472963409174
3.79302052257e-13
0.000472963409262
-1.7870518781e-13
0.00047296340922
8.74202269736e-14
0.000472963409239
-3.85972988195e-14
0.00047296340923
1.94451838297e-14
0.000472963409235
-1.22971508956e-14
0.000472963409233
1.37886615024e-15
0.000472963409234
-2.23153392901e-15
0.000472963409234
3.13514051814e-16
0.000472963409232
-3.15126812817e-15
0.000472963409232
-4.16014610881e-15
0.000472963409232
5.98070169037e-16
0.000472963409233
-2.14357636024e-15
0.000472963409233
-6.13291540874e-15
0.000472963409232
-4.91266025367e-15
-1.76780520851e-15
0.00092670185286
0.00174880876216
0.000779201502029
0.000400244312242
0.000718735359563
0.000112735227927
0.000702147323325
3.74522100535e-05
0.000699004164956
3.14786504139e-06
0.00069851665114
1.77914183168e-06
0.000698982593451
-1.50880382271e-06
0.000699162840924
-1.46199921885e-07
0.00069932065291
-4.21043615639e-07
0.000699351625426
-9.23067954033e-09
0.000699374187849
-6.65872912369e-08
0.000699373435643
1.32364331217e-08
0.000699375160646
-8.28030604915e-09
0.000699373829005
5.14825025691e-09
0.000699373902266
-1.26435278899e-09
0.000699373563832
1.2044081008e-09
0.000699373596179
-3.18364780236e-10
0.000699373538535
2.30276397536e-10
0.000699373555201
-8.9472125968e-11
0.000699373546424
4.31550441116e-11
0.000699373551445
-2.23104911543e-11
0.000699373549833
8.94424771437e-12
0.000699373550973
-4.96804517436e-12
0.000699373550589
2.04125390916e-12
0.000699373550818
-1.05329380802e-12
0.000699373550721
4.74120990659e-13
0.000699373550767
-2.24337217413e-13
0.000699373550745
1.09631200559e-13
0.000699373550755
-4.77854396059e-14
0.00069937355075
2.55135560919e-14
0.000699373550753
-1.61245590892e-14
0.000699373550752
1.37179363683e-15
0.000699373550752
-2.42354137948e-15
0.000699373550752
2.42736912791e-15
0.000699373550751
4.05582974319e-16
0.00069937355075
-3.17685741432e-15
0.00069937355075
7.73858881484e-16
0.000699373550751
-3.46307009788e-15
0.000699373550751
-7.56922202403e-15
0.00069937355075
-4.79319499053e-15
-1.36979704253e-15
0.00109320494412
0.00187511601672
0.000965358021084
0.000528091227957
0.000899455656419
0.000178637595961
0.00088119549106
5.57123763815e-05
0.000876532789351
7.8105650026e-06
0.000876031714111
2.28021744838e-06
0.000876389013569
-1.86610269732e-06
0.000876642067452
-3.99254172197e-07
0.000876799263647
-5.78239933113e-07
0.00087684953262
-5.94994639662e-08
0.000876871286519
-8.83412019491e-08
0.000876873717494
1.08053838264e-08
0.000876874673514
-9.23629883162e-09
0.000876873784525
6.03726458472e-09
0.000876873600305
-1.08014930525e-09
0.000876873336656
1.46805305677e-09
0.000876873309537
-2.91233207453e-10
0.000876873269942
2.69870037006e-10
0.00087687327491
-9.44423892382e-11
0.000876873270883
4.7179502133e-11
0.00087687327363
-2.50534744881e-11
0.000876873273169
9.40951507669e-12
0.00087687327383
-5.630024193e-12
0.000876873273702
2.17198886779e-12
0.000876873273823
-1.17251151706e-12
0.000876873273781
5.17768252966e-13
0.000876873273802
-2.47233884666e-13
0.000876873273792
1.1843131913e-13
0.000876873273796
-5.40570515741e-14
0.000876873273793
2.84119802273e-14
0.000876873273795
-1.1118178712e-14
0.000876873273795
3.90947705446e-15
0.000876873273795
-2.23130048904e-15
0.000876873273795
-6.5393876734e-16
0.000876873273793
-2.9891097245e-15
0.000876873273793
-3.26427592475e-15
0.000876873273793
-5.87975579724e-16
0.000876873273794
1.08154454786e-15
0.000876873273794
-6.74649874691e-15
0.000876873273793
-2.82779734316e-15
-9.31970120741e-16
0.00120381210168
0.00189081611569
0.00110245758321
0.000629445737662
0.00103977727235
0.000241317909559
0.00102132931683
7.41603337629e-05
0.00101582899714
1.33108828989e-05
0.00101525178223
2.85743233918e-06
0.00101550432096
-2.1186406755e-06
0.0010157847281
-6.79661570474e-07
0.00101593598745
-7.29499519405e-07
0.00101599673823
-1.20250068853e-07
0.00101601786604
-1.09468964565e-07
0.00101602237343
6.29790558254e-09
0.00101602294846
-9.81131960743e-09
0.00101602238182
6.60393527498e-09
0.00101602205757
-7.55912504797e-10
0.00101602184638
1.67923774454e-09
0.00101602178381
-2.28651939274e-10
0.00101602175543
2.98248278301e-10
0.00101602175298
-9.199479652e-11
0.00101602175177
4.83925584816e-11
0.00101602175305
-2.63270964367e-11
0.00101602175328
9.17577581077e-12
0.00101602175363
-5.98544786105e-12
0.00101602175366
2.14034797707e-12
0.00101602175372
-1.22425435142e-12
0.00101602175371
5.26922581548e-13
0.00101602175372
-2.50577296937e-13
0.00101602175371
1.23001359185e-13
0.00101602175371
-5.51748766619e-14
0.00101602175371
2.70716042683e-14
0.00101602175371
-9.87713599886e-15
0.00101602175371
4.35615672191e-15
0.00101602175371
-2.75809112094e-15
0.00101602175371
9.90745488656e-16
0.00101602175371
-3.16931412362e-15
0.00101602175371
-3.37804852868e-15
0.00101602175371
-3.33360676481e-16
0.00101602175371
2.8436213025e-15
0.00101602175371
-6.33301420745e-15
0.00101602175371
-4.45732694543e-15
-2.12648086441e-15
0.00127539471982
0.00183493359801
0.00120239580173
0.000702444646252
0.00114814203296
0.000295571680263
0.00113083079663
9.14715725888e-05
0.0011250886125
1.90530654106e-05
0.00112443712233
3.5089221201e-06
0.00112459194898
-2.2734665261e-06
0.00112486789056
-9.55603263533e-07
0.00112500718122
-8.68790473188e-07
0.00112507149742
-1.84566129351e-07
0.00112509157108
-1.29542542407e-07
0.00112509729162
5.7728468299e-10
0.00112509769223
-1.02119457448e-08
0.00112509737262
6.92357514518e-09
0.00112509698713
-3.70421893817e-10
0.00112509681807
1.84828053619e-09
0.00112509673678
-1.47350345049e-10
0.001125096716
3.19038641172e-10
0.00112509670898
-8.49842189595e-11
0.00112509670942
4.79570552502e-11
0.00112509670973
-2.66319273832e-11
0.00112509671035
8.55336504991e-12
0.00112509671051
-6.14469808088e-12
0.00112509671063
2.01488334746e-12
0.00112509671064
-1.2371303183e-12
0.00112509671066
5.15208195246e-13
0.00112509671065
-2.46408488589e-13
0.00112509671065
1.24687289342e-13
0.00112509671065
-5.65745301113e-14
0.00112509671065
2.60289635449e-14
0.00112509671065
-4.27722951104e-15
0.00112509671065
4.36203700235e-15
0.00112509671065
-1.53883056846e-15
0.00112509671065
1.69692491874e-16
0.00112509671065
-3.54273863271e-15
0.00112509671065
-2.47761960991e-15
0.00112509671065
1.04748891375e-15
0.00112509671065
2.9719488607e-15
0.00112509671065
7.58794472118e-17
0.00112509671065
-8.35225000518e-16
1.37739564925e-15
0.00132001063557
0.00173443516616
0.0012743421113
0.000748113160876
0.00123134861028
0.000338565182302
0.00121624094367
0.000106579242076
0.00121075059226
2.45434155369e-05
0.00121006192959
4.19758408296e-06
0.00121012915581
-2.34069198629e-06
0.00121037877094
-1.2052183554e-06
0.0012105003134
-9.9033326358e-07
0.00121056274396
-2.46996613436e-07
0.00121058103728
-1.47835741766e-07
0.00121058727797
-5.66347357133e-09
0.00121058759721
-1.05312173709e-08
0.00121058747484
7.04598685019e-09
0.00121058708095
2.34725158049e-11
0.00121058695037
1.97883502841e-09
0.00121058686223
-5.92034910013e-11
0.00121058684732
3.33952083114e-10
0.00121058683772
-7.53797787153e-11
0.0012105868391
4.6572448551e-11
0.00121058683874
-2.62797626285e-11
0.00121058683957
7.72735474545e-12
0.00121058683959
-6.16828240669e-12
0.00121058683977
1.83929715909e-12
0.00121058683975
-1.22134897547e-12
0.00121058683978
4.86655111107e-13
0.00121058683977
-2.36075750807e-13
0.00121058683977
1.2091308543e-13
0.00121058683977
-5.3103474749e-14
0.00121058683977
2.59557647216e-14
0.00121058683977
-2.00841295579e-15
0.00121058683977
4.03612675743e-15
0.00121058683977
-2.12900686118e-15
0.00121058683977
-2.0030881023e-15
0.00121058683977
-6.12694074715e-15
0.00121058683977
-1.66916766767e-15
0.00121058683977
-2.39033034373e-15
0.00121058683977
1.57797510043e-15
0.00121058683977
2.1379617003e-15
0.00121058683977
-1.16790061322e-15
4.8635630442e-17
0.00134618854703
0.00160775882291
0.00132536614973
0.000768935548937
0.0012948440034
0.000369087328716
0.00128272355332
0.000118699695202
0.00127787327803
2.93936899588e-05
0.00127720058315
4.8702780227e-06
0.00127719228335
-2.33239153912e-06
0.00127740114184
-1.41407666275e-06
0.00127749989162
-1.08908336868e-06
0.001277556193
-3.03297969826e-07
0.00127757187228
-1.63514889557e-07
0.00127757807424
-1.18654868904e-08
0.00127757833469
-1.07917117725e-08
0.00127757837513
7.00557713853e-09
0.00127757800748
3.91137261904e-10
0.00127757791539
2.07090792941e-09
0.00127757782881
2.73652804819e-11
0.00127757781921
3.43557265604e-10
0.00127757780836
-6.45263405084e-11
0.00127757781029
4.46282194989e-11
0.00127757780948
-2.54622769617e-11
0.00127757781039
6.81341646025e-12
0.00127757781031
-6.08471313615e-12
0.00127757781051
1.64342807892e-12
0.00127757781047
-1.18563217075e-12
0.00127757781051
4.51867326756e-13
0.00127757781049
-2.24580607293e-13
0.0012775778105
1.15033773406e-13
0.0012775778105
-5.18041819356e-14
0.0012775778105
2.5194131825e-14
0.0012775778105
-4.23748187653e-15
0.0012775778105
4.98143954403e-15
0.0012775778105
-1.91832890682e-15
0.0012775778105
-3.25702871654e-16
0.0012775778105
-8.69089909008e-15
0.0012775778105
-4.97223586271e-15
0.0012775778105
5.83100395968e-16
0.0012775778105
1.82116335691e-15
0.0012775778105
2.41951554407e-15
0.0012775778105
-3.02017368553e-15
2.81274825814e-15
0.00135993285247
0.00146733817428
0.00136088140727
0.000767986985762
0.00134297469134
0.000386994043848
0.00133435306181
0.000127321327729
0.00133043039785
3.33163535189e-05
0.0013298297322
5.47094258702e-06
0.00132975891029
-2.26156914839e-06
0.0013299180652
-1.57323126004e-06
0.00132998999872
-1.16101718348e-06
0.00133003693892
-3.50238216625e-07
0.00133004919797
-1.75773803374e-07
0.00133005491186
-1.75794045279e-08
0.00133005509629
-1.09761927907e-08
0.00133005527373
6.82816264697e-09
0.00133005495445
7.10437871123e-10
0.00133005490238
2.12296425093e-09
0.00133005482334
1.06404157936e-10
0.00133005481907
3.47824681588e-10
0.00133005480792
-5.33728822305e-11
0.00133005481021
4.23275001086e-11
0.00133005480905
-2.43004298573e-11
0.00133005480997
5.88893112993e-12
0.0013300548098
-5.92564120762e-12
0.00133005481001
1.44012289991e-12
0.00133005480996
-1.13866217101e-12
0.00133005481
4.16551687104e-13
0.00133005480999
-2.05975417165e-13
0.00133005480999
1.07653975584e-13
0.00133005480999
-4.27715680113e-14
0.00133005480999
2.58475112192e-14
0.00133005480999
-6.63266551486e-15
0.00133005480999
7.3067648131e-15
0.00133005480999
-4.15456724602e-15
0.00133005480999
1.38456665351e-15
0.00133005480999
-8.70623182078e-15
0.00133005480999
-3.48690267126e-15
0.00133005480999
2.4519668525e-15
0.00133005480999
1.30646461037e-15
0.00133005480999
-8.30327043624e-16
0.00133005480999
4.4311999066e-16
4.02958437054e-15
0.00136546589575
0.00132138448192
0.00138500769895
0.000748445175461
0.00137919228539
0.000392809455844
0.00137434205929
0.000132171556573
0.00137154271622
3.6115696653e-05
0.00137106490594
5.94875173391e-06
0.00137094454666
-2.14120958605e-06
0.00137104911211
-1.67779630268e-06
0.00137109135077
-1.20325607997e-06
0.00137112656961
-3.85457162479e-07
0.00137113471557
-1.8391963251e-07
0.00137113958714
-2.24509683212e-08
0.00137113965971
-1.10488296086e-08
0.00137113995306
6.53482754391e-09
0.0013711396956
9.6792159634e-10
0.00137113968531
2.13323741939e-09
0.00137113961797
1.73733496138e-10
0.00137113961934
3.46462799625e-10
0.00137113960855
-4.2587612749e-11
0.00137113961111
3.97697633736e-11
0.00137113960968
-2.28694944175e-11
0.00137113961056
5.00653287578e-12
0.00137113961032
-5.6887038834e-12
0.00137113961052
1.23517888533e-12
0.00137113961047
-1.07939525881e-12
0.00137113961051
3.75927136462e-13
0.00137113961049
-1.88755647309e-13
0.0013711396105
9.92643802012e-14
0.0013711396105
-4.1131894883e-14
0.0013711396105
2.46194905488e-14
0.0013711396105
-1.01177405031e-14
0.0013711396105
6.83566932999e-15
0.0013711396105
-3.08668817262e-15
0.0013711396105
1.1506741459e-15
0.0013711396105
-8.65533431122e-15
0.0013711396105
-4.5135059562e-15
0.0013711396105
-6.6447438311e-16
0.0013711396105
2.04212234736e-15
0.0013711396105
1.30036870334e-15
0.0013711396105
9.93882773937e-16
4.63728853076e-15
0.00136574924129
0.00117514744359
0.00140086607086
0.000713328340366
0.00140622472686
0.00038745079767
0.00140522086266
0.00013317542312
0.00140365964538
3.76769144184e-05
0.00140334575651
6.26263950755e-06
0.00140318804025
-1.98349325743e-06
0.00140323617914
-1.72593474574e-06
0.00140324700502
-1.21408210578e-06
0.00140326891466
-4.07366957614e-07
0.00140327241767
-1.87422540111e-07
0.00140327617999
-2.62132565176e-08
0.00140327609988
-1.09687736337e-08
0.00140327649091
6.14380404921e-09
0.00140327630254
1.15631667121e-09
0.00140327633529
2.10048252331e-09
0.00140327628245
2.26564908187e-10
0.00140327628976
3.39156872195e-10
0.00140327627982
-3.26409880065e-11
0.00140327628261
3.69824406424e-11
0.00140327628096
-2.12208173408e-11
0.00140327628178
4.18749367799e-12
0.00140327628147
-5.38113254799e-12
0.00140327628167
1.04291397238e-12
0.0014032762816
-1.0079416356e-12
0.00140327628164
3.36819579057e-13
0.00140327628162
-1.71270576265e-13
0.00140327628163
9.117749662e-14
0.00140327628163
-3.40857262274e-14
0.00140327628163
2.17758997226e-14
0.00140327628163
-1.01698909273e-14
0.00140327628163
7.82300567539e-15
0.00140327628163
-3.26402935781e-15
0.00140327628163
3.49262710397e-15
0.00140327628163
-5.78235633755e-15
0.00140327628163
-4.14109603567e-15
0.00140327628163
-9.32754770206e-16
0.00140327628163
3.38114892793e-15
0.00140327628163
3.80162887345e-15
0.00140327628163
1.5803728675e-15
4.84521429807e-15
0.00136284997975
0.00103180966499
0.00141081105405
0.00066536726231
0.00142621841715
0.000372043431977
0.0014289793529
0.000130414489192
0.00142870176491
3.79545032444e-05
0.00142858099661
6.38340683216e-06
0.00142839674368
-1.79924045831e-06
0.00142838894038
-1.71813098955e-06
0.00142836775294
-1.19289473607e-06
0.00142837546099
-4.15075181259e-07
0.00142837398022
-1.8594168952e-07
0.0014283764489
-2.86818793816e-08
0.00142837617888
-1.06988022552e-08
0.0014283766514
5.67127065578e-09
0.00142837653487
1.27287117354e-09
0.00142837661102
2.0243364322e-09
0.00142837657435
2.63219019379e-10
0.00142837658785
3.25657270096e-10
0.00142837657907
-2.38600616995e-11
0.00142837658208
3.39721656357e-11
0.00142837658025
-1.93942163118e-11
0.00142837658099
3.44521406412e-12
0.00142837658063
-5.01295279081e-12
0.0014283765808
8.66409235894e-13
0.00142837658073
-9.30501473644e-13
0.00142837658076
3.00488884953e-13
0.00142837658075
-1.56401280603e-13
0.00142837658076
8.50333406081e-14
0.00142837658075
-2.88813647853e-14
0.00142837658076
2.06242363998e-14
0.00142837658075
-1.12439450795e-14
0.00142837658076
3.67860105169e-15
0.00142837658076
-1.48523087845e-15
0.00142837658075
1.36013111763e-15
0.00142837658075
-3.7188261222e-15
0.00142837658075
-2.12874773739e-15
0.00142837658075
-1.95993208209e-15
0.00142837658075
3.25015725558e-17
0.00142837658076
2.05248873826e-15
0.00142837658075
2.80320859774e-15
6.4784661549e-15
0.00135820132132
0.0008931205432
0.00141661102077
0.000606957560962
0.00144085465011
0.000347799799818
0.00144717903382
0.0001240901067
0.00144817261258
3.69609255937e-05
0.00144826174514
6.29427346899e-06
0.00144806008842
-1.59758402977e-06
0.00144799861793
-1.65666007978e-06
0.00144794586041
-1.14013719834e-06
0.0014479391043
-4.08319261971e-07
0.00144793249817
-1.79335517641e-07
0.00144793356732
-2.97509511173e-08
0.00144793307907
-1.02105836803e-08
0.00144793361862
5.13169702147e-09
0.00144793357324
1.31826778027e-09
0.00144793369209
1.90549789875e-09
0.00144793367232
2.82972109298e-10
0.00144793369209
3.05888294672e-10
0.00144793368467
-1.64297734031e-11
0.00144793368791
3.0731572265e-11
0.00144793368594
-1.74261784027e-11
0.00144793368659
2.79063765756e-12
0.00144793368616
-4.58319781676e-12
0.00144793368632
7.10743565688e-13
0.00144793368624
-8.41750709302e-13
0.00144793368628
2.60202894315e-13
0.00144793368626
-1.35967348016e-13
0.00144793368627
7.55029549013e-14
0.00144793368626
-2.45226411944e-14
0.00144793368627
1.38659699199e-14
0.00144793368627
-8.46223458567e-15
0.00144793368627
3.28010436521e-15
0.00144793368627
1.25488281971e-15
0.00144793368627
1.80579857093e-16
0.00144793368627
-4.45507911985e-16
0.00144793368627
-3.84875149635e-15
0.00144793368626
-5.78424426617e-15
0.00144793368626
9.28573675549e-16
0.00144793368627
-3.25549586914e-16
0.00144793368626
1.94101574195e-15
5.76640046274e-15
0.0013527887877
0.000759843953236
0.0014195875533
0.000540158795303
0.00145144386604
0.000315943484229
0.00146104143046
0.000114492542879
0.0014632462258
3.47561315315e-05
0.00146355004416
5.99045453185e-06
0.00146333829287
-1.38583317525e-06
0.00146322682775
-1.54519460089e-06
0.00146314389724
-1.05720659196e-06
0.00146312298367
-3.87405868387e-07
0.0014631113091
-1.6766094855e-07
0.00146311094698
-2.93887596868e-08
0.00146311022403
-9.48764936432e-09
0.00146311081777
4.53792114211e-09
0.00146311084023
1.29582080526e-09
0.00146311099995
1.74578908441e-09
0.00146311099701
2.85896964242e-10
0.00146311102294
2.79953944213e-10
0.00146311101696
-1.04506553218e-11
0.00146311102043
2.72609962502e-11
0.00146311101834
-1.53320965579e-11
0.00146311101891
2.21619489266e-12
0.00146311101843
-4.09899212332e-12
0.00146311101856
5.68914824847e-13
0.00146311101847
-7.47488740278e-13
0.00146311101851
2.21142189906e-13
0.00146311101849
-1.18374385479e-13
0.0014631110185
7.04762570091e-14
0.0014631110185
-2.000390222e-14
0.0014631110185
1.58398535804e-14
0.0014631110185
-7.97867830722e-15
0.0014631110185
-5.16869813297e-16
0.0014631110185
3.86605709826e-15
0.0014631110185
-1.30260026667e-15
0.0014631110185
1.62894144358e-15
0.0014631110185
-3.21358995671e-15
0.0014631110185
-2.88280353433e-15
0.0014631110185
3.49722043373e-15
0.0014631110185
-2.50082398208e-16
0.0014631110185
3.11610796745e-15
3.61708069172e-15
0.00134728316782
0.000632072981801
0.00142072261672
0.000466719348062
0.00145900125506
0.000277664843181
0.00147151765004
0.000101976147887
0.00147483554701
3.14382359084e-05
0.00147534784786
5.47815334605e-06
0.00147513149805
-1.16948388471e-06
0.00147497481172
-1.3885079995e-06
0.0014748639601
-9.46354812108e-07
0.00147482970567
-3.53151606703e-07
0.00147481320926
-1.5116455839e-07
0.00147481145314
-2.76325604532e-08
0.00147481049217
-8.52668805193e-09
0.00147481112886
3.90119792801e-09
0.00147481121376
1.21093585128e-09
0.00147481141142
1.54813825579e-09
0.00147481142452
2.72792637295e-10
0.00147481145629
2.48170351361e-10
0.00147481145176
-5.90654237856e-12
0.00147481145546
2.35549214045e-11
0.00147481145327
-1.31371134725e-11
0.00147481145376
1.72710109485e-12
0.00147481145322
-3.55809730097e-12
0.00147481145334
4.47877013935e-13
0.00147481145324
-6.41905830595e-13
0.00147481145328
1.83708532985e-13
0.00147481145326
-1.01482333286e-13
0.00147481145327
5.71881113127e-14
0.00147481145327
-1.35239447918e-14
0.00147481145327
9.71713540512e-15
0.00147481145327
-1.71998344778e-15
0.00147481145327
5.96765791656e-16
0.00147481145327
5.14641105516e-15
0.00147481145327
-5.13229636532e-16
0.00147481145327
4.197080764e-17
0.00147481145327
-2.03073099492e-15
0.00147481145327
-1.16419188141e-15
0.00147481145327
3.94291585288e-16
0.00147481145327
9.01425688965e-16
0.00147481145327
-9.3181285028e-16
2.63619134118e-15
0.0013421352976
0.000509449878277
0.00142074040094
0.000388114247881
0.00146430681099
0.000234098430733
0.0014793428602
8.69400981098e-05
0.00148364565139
2.71354460372e-05
0.00148435057212
4.77323252885e-06
0.00148413342292
-9.52335249123e-07
0.00148393715973
-1.19224463598e-06
0.00148380138892
-8.10583796103e-07
0.00148375505994
-3.06822749844e-07
0.00148373416296
-1.30267633399e-07
0.00148373111285
-2.45823917595e-08
0.00148372992384
-7.33766849758e-09
0.00148373059375
3.23125015811e-09
0.00148373073403
1.07066963167e-09
0.00148373096569
1.31648880479e-09
0.00148373099342
2.45057124801e-10
0.00148373103054
2.11050396519e-10
0.00148373102736
-2.72726669485e-12
0.00148373103129
1.96278787119e-11
0.00148373102901
-1.08610452694e-11
0.00148373102943
1.30302855179e-12
0.00148373102884
-2.98111447813e-12
0.00148373102895
3.35189835068e-13
0.00148373102884
-5.33596307792e-13
0.00148373102888
1.53616074703e-13
0.00148373102886
-8.44479629024e-14
0.00148373102887
4.80449625496e-14
0.00148373102887
-1.09765732617e-14
0.00148373102887
1.13887354438e-14
0.00148373102887
5.63911932345e-16
0.00148373102887
4.30290892953e-15
0.00148373102887
2.7253087871e-16
0.00148373102887
2.14548100484e-15
0.00148373102887
1.78027825932e-15
0.00148373102887
-1.92450992058e-16
0.00148373102887
2.34690201429e-15
0.00148373102887
-1.2728843403e-15
0.00148373102887
2.68782107767e-15
0.00148373102887
-2.36599525872e-15
-1.49236547851e-16
0.00133764346211
0.000391318608598
0.00142016929891
0.00030558841547
0.00146795250293
0.00018631522474
0.00148507865416
6.98139458326e-05
0.00149021490106
2.19992003365e-05
0.00149108840181
3.89973190504e-06
0.00149087274428
-7.36678272524e-07
0.00149064323504
-9.62735330012e-07
0.00149048618837
-6.53536905272e-07
0.00149042943828
-2.50072740623e-07
0.00149040471705
-1.05546481718e-07
0.00149040052836
-2.0393651109e-08
0.00149039913372
-5.94300858326e-09
0.00149039982859
2.53635720449e-09
0.00149040001587
8.8338567758e-10
0.00149040027667
1.05569905324e-09
0.00149040031711
2.04616476996e-10
0.00149040035887
1.69285468793e-10
0.00149040035689
-7.57641900239e-13
0.00149040036103
1.54934867745e-11
0.00149040035868
-8.51455123641e-12
0.00149040035904
9.46021162013e-13
0.00149040035842
-2.35768060684e-12
0.00149040035851
2.45573983109e-13
0.00149040035839
-4.20665384968e-13
0.00149040035843
1.17224717196e-13
0.00149040035841
-6.36944566738e-14
0.00149040035842
4.25475010177e-14
0.00149040035841
-4.20444227878e-15
0.00149040035842
9.2048530929e-15
0.00149040035842
1.622142406e-15
0.00149040035842
5.05326510348e-15
0.00149040035842
8.13797102174e-16
0.00149040035842
4.34526987955e-15
0.00149040035842
9.22137247918e-16
0.00149040035842
2.11183141503e-15
0.00149040035842
3.04434744285e-15
0.00149040035842
-4.27991194471e-15
0.00149040035842
2.26148802488e-15
0.00149040035842
-4.96959224847e-15
-1.16530885196e-15
0.00133400103599
0.000276829763635
0.0014193882734
0.000220201183333
0.00147037874542
0.000135324751246
0.00148914558126
5.10471085747e-05
0.00149494638679
1.61983958425e-05
0.00149595778405
2.88833496792e-06
0.00149574463692
-5.23531662437e-07
0.00149548874494
-7.06843381661e-07
0.00149531459529
-4.79387016055e-07
0.00149524939946
-1.84876948814e-07
0.00149522156191
-7.77090281286e-08
0.00149521643701
-1.52687095212e-08
0.00149521487017
-4.37613940438e-09
0.00149521558298
1.82350809778e-09
0.00149521580786
6.58502059794e-10
0.00149521609216
7.71411809249e-10
0.00149521614294
1.53837133993e-10
0.00149521618849
1.23732662154e-10
0.00149521618752
2.12381470554e-13
0.00149521619182
1.11979251667e-11
0.00149521618942
-6.11852064927e-12
0.00149521618973
6.38542193366e-13
0.00149521618908
-1.70741380719e-12
0.00149521618915
1.65935443277e-13
0.00149521618904
-3.03664349037e-13
0.00149521618907
8.24909789745e-14
0.00149521618905
-4.43362735687e-14
0.00149521618906
3.15866227268e-14
0.00149521618906
-2.80492477176e-15
0.00149521618906
1.01579466903e-14
0.00149521618906
2.44432053555e-15
0.00149521618906
2.98346662024e-15
0.00149521618906
-4.14197698308e-15
0.00149521618906
2.24578977766e-15
0.00149521618906
-1.47747760704e-15
0.00149521618906
9.48575056789e-16
0.00149521618906
4.72387676554e-15
0.00149521618906
-5.37526429033e-15
0.00149521618906
-1.23268100656e-15
0.00149521618906
-2.490971891e-15
-3.30301664412e-16
0.00133132975646
0.000165012197619
0.00141866090969
0.00013287003591
0.0014719019722
8.208368781e-05
0.00149184763609
3.1101443012e-05
0.00149813149886
9.91453388219e-06
0.00149924499486
1.77483944437e-06
0.00149903436901
-3.12906253952e-07
0.00149875935615
-4.31830631464e-07
0.0014985726914
-2.92722049271e-07
0.00149850127909
-1.13464642956e-07
0.00149847113848
-4.75685191941e-08
0.0014984653173
-9.44750180281e-09
0.0014984636207
-2.67950978646e-09
0.00149846434554
1.0986562522e-09
0.00149846459782
4.06210189268e-10
0.00149846489937
4.69875836606e-10
0.00149846495778
9.54250428572e-11
0.00149846500613
7.53808643538e-11
0.00149846500591
4.32143021771e-13
0.00149846501033
6.76964695234e-12
0.0014984650079
-3.68398950141e-12
0.00149846500817
3.68747197229e-13
0.0014984650075
-1.03272523297e-12
0.00149846500757
9.66851876085e-14
0.00149846500744
-1.81466483686e-13
0.00149846500748
5.22898337862e-14
0.00149846500746
-2.31336709675e-14
0.00149846500747
1.838911378e-14
0.00149846500746
1.52789939598e-15
0.00149846500747
8.58375241782e-15
0.00149846500747
5.31241695471e-15
0.00149846500747
1.96705366116e-15
0.00149846500747
8.17083298499e-16
0.00149846500747
5.3024292484e-15
0.00149846500747
1.87140381821e-15
0.00149846500747
-6.24616003753e-16
0.00149846500747
1.11297592958e-16
0.00149846500747
-6.13184358302e-15
0.00149846500747
-2.47525081288e-15
0.00149846500747
-4.94658987795e-15
-7.58929541809e-17
0.00132970236447
5.48220223793e-05
0.00141815957919
4.4412827147e-05
0.00147273469751
2.75085691244e-05
0.00149339002775
1.04461109754e-05
0.001499966974
3.33758818815e-06
0.00150114315723
5.98656790076e-07
0.00150093433638
-1.04085759985e-07
0.00150064774183
-1.45236259089e-07
0.00150045344814
-9.8428171685e-08
0.00150037823198
-3.82484360919e-08
0.00150034667835
-1.60149828413e-08
0.00150034042825
-3.19739435421e-09
0.00150033865106
-9.02276910476e-10
0.00150033938278
3.66927355951e-10
0.00150033965171
1.37259448316e-10
0.00150033996379
1.57814113765e-10
0.00150034002689
3.23249658688e-11
0.00150034007696
2.53065758503e-11
0.00150034007719
1.91463197046e-13
0.0015003400817
2.26526121305e-12
0.00150034007925
-1.22832678829e-12
0.0015003400795
1.18660052681e-13
0.00150034007881
-3.45561586419e-13
0.00150034007887
3.67883791957e-14
0.00150034007875
-6.05500955175e-14
0.00150034007878
1.96547292496e-14
0.00150034007876
-2.05293669047e-15
0.00150034007877
5.84681429298e-15
0.00150034007877
1.71366131219e-15
0.00150034007877
5.26556381417e-15
0.00150034007877
6.32483202372e-15
0.00150034007877
3.04168648411e-15
0.00150034007877
5.29328210328e-16
0.00150034007877
3.51506978595e-15
0.00150034007877
1.90716436322e-15
0.00150034007877
-1.43143745368e-15
0.00150034007877
-2.13753003169e-15
0.00150034007877
-6.54018316634e-15
0.00150034007877
-4.04169309915e-15
0.00150034007877
-5.52208539528e-15
-1.4554473177e-15
0.00132915622418
-5.48220129207e-05
0.00141798188093
-4.44128238114e-05
0.00147299902613
-2.75085759212e-05
0.00149389124684
-1.04461115383e-05
0.00150056642018
-3.33758485793e-06
0.00150176373468
-5.98657065765e-07
0.00150155556423
1.04084441659e-07
0.001501265091
1.45236735975e-07
0.00150106823428
9.84287011663e-08
0.00150099173778
3.82481343267e-08
0.00150095970791
1.60148061046e-08
0.00150095331296
3.19755248415e-09
0.00150095150843
9.0228968445e-10
0.0015009522424
-3.67031478545e-10
0.00150095251692
-1.37284044927e-10
0.00150095283253
-1.57795357112e-10
0.00150095289721
-3.23481388115e-11
0.00150095294786
-2.53425389369e-11
0.00150095294825
-2.02396496612e-13
0.00150095295279
-2.26864386375e-12
0.00150095295033
1.22900288663e-12
0.00150095295057
-1.2051265287e-13
0.00150095294987
3.48652763176e-13
0.00150095294994
-2.59236044962e-14
0.00150095294981
6.62571775024e-14
0.00150095294984
-1.03840079048e-14
0.00150095294982
1.62869164955e-14
0.00150095294983
-2.05480284551e-15
0.00150095294983
4.67192540307e-16
0.00150095294983
2.6203684608e-15
0.00150095294983
4.3157681755e-15
0.00150095294983
3.26577921633e-15
0.00150095294983
4.07988732629e-15
0.00150095294983
2.22880131418e-15
0.00150095294983
1.61637090801e-15
0.00150095294983
-4.56640360131e-15
0.00150095294983
5.42009394375e-16
0.00150095294983
-2.53168898291e-15
0.00150095294983
-1.75575059101e-15
0.00150095294983
-9.79817819353e-16
5.52776188107e-16
0.00132970236422
-0.000165012188222
0.00141815957879
-0.000132870033087
0.00147273469775
-8.20836942682e-05
0.00149339002791
-3.11014434043e-05
0.00149996697386
-9.91453076385e-06
0.00150114315719
-1.77483975693e-06
0.00150093433646
3.12905042309e-07
0.00150064774183
4.318310971e-07
0.00150045344811
2.92722526415e-07
0.00150037823199
1.13464354796e-07
0.00150034667837
4.75683620129e-08
0.00150034042824
9.44764683412e-09
0.00150033865105
2.6795177904e-09
0.00150033938278
-1.0987507476e-09
0.00150033965172
-4.06230192625e-10
0.00150033996379
-4.6986389694e-10
0.00150034002689
-9.54481821249e-11
0.00150034007696
-7.54139074347e-11
0.00150034007719
-4.41979663836e-13
0.0015003400817
-6.77569969653e-12
0.00150034007925
3.68097898918e-12
0.0015003400795
-3.73093770428e-13
0.00150034007881
1.0394030707e-12
0.00150034007887
-9.10174458999e-14
0.00150034007875
1.91293897754e-13
0.00150034007878
-4.64134503197e-14
0.00150034007876
3.42298066851e-14
0.00150034007877
-1.45660156354e-14
0.00150034007877
6.47908336869e-15
0.00150034007877
1.78551677547e-15
0.00150034007877
4.46591859986e-15
0.00150034007877
1.23243516179e-15
0.00150034007877
1.08620235425e-15
0.00150034007877
3.10652516079e-15
0.00150034007877
-8.23224501477e-16
0.00150034007877
-1.29094612268e-15
0.00150034007877
-1.77949771825e-15
0.00150034007877
-4.12698587232e-15
0.00150034007877
-1.40591408162e-15
0.00150034007877
1.1904091347e-17
-1.07235447942e-15
0.00133132975595
-0.000276829754378
0.00141866090892
-0.000220201181484
0.00147190197268
-0.000135324757029
0.0014918476364
-5.10471086387e-05
0.00149813149858
-1.61983931282e-05
0.00149924499478
-2.88833534336e-06
0.00149903436915
5.23530653814e-07
0.00149875935615
7.06843824273e-07
0.00149857269133
4.7938739728e-07
0.0014985012791
1.84876690274e-07
0.00149847113851
7.77089155743e-08
0.00149846531728
1.52688240283e-08
0.00149846362069
4.37614105386e-09
0.00149846434555
-1.82359342342e-09
0.00149846459782
-6.58519256431e-10
0.00149846489936
-7.7140451434e-10
0.00149846495778
-1.53863232886e-10
0.00149846500613
-1.23759539377e-10
0.00149846500591
-2.21571377776e-13
0.00149846501033
-1.12051783349e-11
0.0014984650079
6.11182697351e-12
0.00149846500817
-6.41580613373e-13
0.0014984650075
1.71143062443e-12
0.00149846500757
-1.60437109478e-13
0.00149846500744
3.14614931787e-13
0.00149846500748
-7.60175364534e-14
0.00149846500746
5.32276618134e-14
0.00149846500747
-2.62593360079e-14
0.00149846500746
7.64741318448e-15
0.00149846500747
-2.38010894727e-15
0.00149846500747
5.98149144273e-15
0.00149846500747
2.83182825896e-15
0.00149846500747
1.99333657094e-15
0.00149846500747
2.98189068771e-15
0.00149846500747
-1.99001916125e-15
0.00149846500747
-3.41626100984e-15
0.00149846500747
-5.82177696961e-15
0.00149846500747
-3.71734494735e-15
0.00149846500747
7.87029048641e-17
0.00149846500747
9.96720562977e-17
2.3221880679e-15
0.00133400103518
-0.000391318599599
0.00141938827233
-0.000305588414965
0.00147037874612
-0.00018631522956
0.00148914558169
-6.98139454523e-05
0.00149494638639
-2.19991982081e-05
0.00149595778394
-3.89973235602e-06
0.00149574463711
7.3667755933e-07
0.00149548874495
9.62735736463e-07
0.0014953145952
6.53537147757e-07
0.00149524939947
2.50072526005e-07
0.00149522156195
1.05546420508e-07
0.00149521643699
2.03937332274e-08
0.00149521487015
5.94299478975e-09
0.00149521558299
-2.53641213968e-09
0.00149521580786
-8.83397267889e-10
0.00149521609216
-1.05570606566e-09
0.00149521614294
-2.0464447467e-10
0.00149521618849
-1.69309630048e-10
0.00149521618752
7.48903119738e-13
0.00149521619182
-1.55053084855e-11
0.00149521618942
8.51064204546e-12
0.00149521618973
-9.51997974355e-13
0.00149521618908
2.365960538e-12
0.00149521618915
-2.42681864582e-13
0.00149521618904
4.33663255982e-13
0.00149521618907
-1.10899340329e-13
0.00149521618905
7.14216287448e-14
0.00149521618906
-3.36026523083e-14
0.00149521618906
1.28391600691e-14
0.00149521618906
-2.99382435398e-15
0.00149521618906
7.57826722959e-15
0.00149521618906
3.51779862988e-15
0.00149521618906
2.88767795967e-15
0.00149521618906
8.25318273029e-16
0.00149521618906
-1.82430904903e-15
0.00149521618906
-5.15178770008e-16
0.00149521618906
-2.3366823066e-15
0.00149521618906
-4.37842109324e-15
0.00149521618906
3.83015619489e-16
0.00149521618906
2.94235989439e-15
1.87283752653e-16
0.00133764346095
-0.000509449869711
0.00142016929763
-0.000388114248978
0.00146795250382
-0.000234098434333
0.00148507865466
-8.69400972185e-05
0.00149021490056
-2.71354446255e-05
0.00149108840169
-4.77323305458e-06
0.00149087274452
9.52334890746e-07
0.00149064323504
1.19224499057e-06
0.00149048618827
8.10583886872e-07
0.0014904294383
3.06822598572e-07
0.00149040471709
1.30267633767e-07
0.00149040052834
2.45824322355e-08
0.00149039913371
7.33763706889e-09
0.0014903998286
-3.23128607311e-09
0.00149040001587
-1.07067466348e-09
0.00149040027667
-1.31650052443e-09
0.00149040031711
-2.45078072533e-10
0.00149040035887
-2.11069402266e-10
0.00149040035689
2.72151986831e-12
0.00149040036103
-1.96350215173e-11
0.00149040035868
1.08597293582e-11
0.00149040035904
-1.30346890982e-12
0.00149040035842
2.98254286546e-12
0.00149040035851
-3.34204723124e-13
0.00149040035839
5.4528916946e-13
0.00149040035843
-1.47845751683e-13
0.00149040035841
8.8833669255e-14
0.00149040035842
-4.27215170652e-14
0.00149040035842
1.78542762279e-14
0.00149040035842
-3.64864358596e-15
0.00149040035842
1.08848436693e-14
0.00149040035842
4.03269804141e-15
0.00149040035842
2.71519042537e-15
0.00149040035842
-4.66009045851e-16
0.00149040035842
-9.65271364281e-16
0.00149040035842
7.51549603099e-16
0.00149040035842
-2.15842575738e-15
0.00149040035842
-1.04833071975e-17
0.00149040035842
-1.63591768473e-15
0.00149040035842
2.39343820249e-15
-1.32469147358e-15
0.00134213529606
-0.000632072973894
0.00142074039956
-0.000466719350849
0.00146430681207
-0.000277664845381
0.00147934286073
-0.00010197614648
0.00148364565081
-3.14382353138e-05
0.001484350572
-5.47815392677e-06
0.00148413342319
1.1694839216e-06
0.00148393715972
1.38850828139e-06
0.0014838013888
9.46354727619e-07
0.00148375505996
3.53151526576e-07
0.001483734163
1.5116461477e-07
0.00148373111283
2.76325545564e-08
0.00148372992382
8.52664081658e-09
0.00148373059377
-3.90120643569e-09
0.00148373073403
-1.21093969806e-09
0.00148373096568
-1.54816444469e-09
0.00148373099342
-2.72813309936e-10
0.00148373103054
-2.48178799201e-10
0.00148373102736
5.90306372984e-12
0.00148373103129
-2.35670235043e-11
0.00148373102901
1.31360273716e-11
0.00148373102943
-1.72175292206e-12
0.00148373102884
3.56312664389e-12
0.00148373102895
-4.40583471743e-13
0.00148373102884
6.52645139194e-13
0.00148373102888
-1.797908971e-13
0.00148373102886
1.09011805059e-13
0.00148373102887
-4.88059860181e-14
0.00148373102887
2.17495090811e-14
0.00148373102887
-9.09150898458e-15
0.00148373102887
9.53683811707e-15
0.00148373102887
2.8530681758e-15
0.00148373102887
4.51481208394e-15
0.00148373102887
1.16798304883e-15
0.00148373102887
-1.30258247679e-15
0.00148373102887
1.47051677339e-15
0.00148373102887
-2.97610529895e-15
0.00148373102887
3.27488277409e-16
0.00148373102887
-2.24325657297e-15
0.00148373102887
2.09840041963e-15
-1.50270758474e-15
0.00134728316586
-0.000759843946269
0.00142072261536
-0.000540158799722
0.00145900125628
-0.000315943484899
0.00147151765054
-0.000114492541013
0.00147483554638
-3.47561317951e-05
0.00147534784777
-5.99045512719e-06
0.00147513149833
1.38583361167e-06
0.0014749748117
1.54519479255e-06
0.00147486395998
1.05720634872e-06
0.00147482970571
3.87405870611e-07
0.0014748132093
1.67661060592e-07
0.00147481145311
2.93887025766e-08
0.00147481049216
9.48758866994e-09
0.00147481112887
-4.53790548316e-09
0.00147481121376
-1.29582215697e-09
0.00147481141141
-1.74581814225e-09
0.00147481142452
-2.85914019607e-10
0.0014748114563
-2.79955780061e-10
0.00147481145176
1.04437032751e-11
0.00147481145546
-2.72722892298e-11
0.00147481145327
1.53317658888e-11
0.00147481145376
-2.21305992577e-12
0.00147481145322
4.10196614687e-12
0.00147481145335
-5.62272765413e-13
0.00147481145324
7.53683554075e-13
0.00147481145328
-2.15197964014e-13
0.00147481145326
1.27667825188e-13
0.00147481145327
-6.09822633427e-14
0.00147481145327
2.90423841127e-14
0.00147481145327
-1.26163742844e-14
0.00147481145327
1.02939231564e-14
0.00147481145327
5.16700707698e-15
0.00147481145327
1.5230536795e-15
0.00147481145327
-2.91761408153e-16
0.00147481145327
2.12358718239e-15
0.00147481145327
4.83566692489e-15
0.00147481145327
-4.00427476933e-15
0.00147481145327
2.04913650774e-15
0.00147481145327
-1.38662055522e-15
0.00147481145327
-2.15832970741e-15
-3.1959131935e-16
0.0013527887853
-0.000893120537488
0.00141958755208
-0.000606957566773
0.00145144386736
-0.000347799798928
0.00146104143088
-0.000124090104495
0.00146324622516
-3.69609267033e-05
0.0014635500441
-6.29427401217e-06
0.00146333829314
1.59758483444e-06
0.00146322682771
1.65666015313e-06
0.00146314389714
1.14013681313e-06
0.0014631229837
4.08319344076e-07
0.00146311130914
1.7933567289e-07
0.00146311094696
2.97508529215e-08
0.00146311022402
1.02105173921e-08
0.00146311081778
-5.13165388707e-09
0.00146311084024
-1.31826297587e-09
0.00146311099994
-1.90553851305e-09
0.00146311099701
-2.82981563608e-10
0.00146311102294
-3.05881783932e-10
0.00146311101696
1.64258505773e-11
0.00146311102043
-3.07493498709e-11
0.00146311101834
1.74272411571e-11
0.00146311101891
-2.78501935992e-12
0.00146311101843
4.58749365523e-12
0.00146311101857
-7.03409377009e-13
0.00146311101847
8.48006081465e-13
0.00146311101851
-2.50595314699e-13
0.00146311101849
1.45181183352e-13
0.0014631110185
-7.19118829545e-14
0.0014631110185
3.09955620561e-14
0.0014631110185
-1.48427893669e-14
0.0014631110185
7.22419611885e-15
0.0014631110185
2.20784110652e-16
0.0014631110185
2.28474675593e-15
0.0014631110185
1.21796518937e-15
0.0014631110185
-5.33208479795e-16
0.0014631110185
6.85038010999e-16
0.0014631110185
-3.76366384638e-15
0.0014631110185
1.96122679354e-15
0.0014631110185
-7.59857238906e-16
0.0014631110185
-4.92352144316e-15
-9.34740313305e-16
0.00135820131847
-0.00103180966085
0.0014166110198
-0.000665367269138
0.00144085465149
-0.000372043429569
0.00144717903411
-0.000130414486824
0.00144817261195
-3.79545051273e-05
0.00144826174514
-6.38340725958e-06
0.00144806008866
1.7992415755e-06
0.00144799861787
1.71813092993e-06
0.00144794586032
1.19289425063e-06
0.00144793910434
4.15075346437e-07
0.0014479324982
1.85941866984e-07
0.0014479335673
2.86817403903e-08
0.00144793307906
1.06987319912e-08
0.00144793361863
-5.67121046567e-09
0.00144793357324
-1.27287027361e-09
0.00144793369208
-2.02437589959e-09
0.00144793367233
-2.63224869304e-10
0.0014479336921
-3.25645403942e-10
0.00144793368467
2.38525447069e-11
0.00144793368791
-3.3982714558e-11
0.00144793368594
1.93970451192e-11
0.00144793368659
-3.44333767179e-12
0.00144793368616
5.01825104165e-12
0.00144793368632
-8.62925710478e-13
0.00144793368624
9.32541417165e-13
0.00144793368628
-2.91887394337e-13
0.00144793368626
1.64432924589e-13
0.00144793368627
-7.90435818435e-14
0.00144793368626
3.46235694125e-14
0.00144793368627
-1.66599524414e-14
0.00144793368626
6.5335285408e-15
0.00144793368627
-1.79916229922e-15
0.00144793368627
9.55938659331e-16
0.00144793368626
-2.93122525883e-15
0.00144793368626
-9.12843982498e-16
0.00144793368626
1.90132892553e-15
0.00144793368626
-3.96044883696e-15
0.00144793368627
4.08182090782e-15
0.00144793368627
-1.98305571005e-15
0.00144793368627
-3.1005325579e-15
5.09246020207e-16
0.00136284997648
-0.00117514744133
0.00141081105343
-0.000713328347708
0.00142621841853
-0.000387450793875
0.00142897935301
-0.000133175420801
0.00142870176434
-3.76769169422e-05
0.00142858099667
-6.26263973886e-06
0.00142839674388
1.98349459476e-06
0.00142838894031
1.72593454303e-06
0.00142836775288
1.21408156949e-06
0.00142837546103
4.07367189691e-07
0.00142837398023
1.87422718951e-07
0.00142837644888
2.621309297e-08
0.00142837617888
1.0968713224e-08
0.00142837665141
-6.14373016256e-09
0.00142837653487
-1.15632237416e-09
0.00142837661101
-2.10052511943e-09
0.00142837657435
-2.26566257891e-10
0.00142837658785
-3.39142402596e-10
0.00142837657907
3.26336262443e-11
0.00142837658208
-3.69949205843e-11
0.00142837658025
2.12217548932e-11
0.001428376581
-4.18322820425e-12
0.00142837658063
5.38456521889e-12
0.0014283765808
-1.03838801753e-12
0.00142837658073
1.00944723625e-12
0.00142837658077
-3.29292885908e-13
0.00142837658075
1.78611703556e-13
0.00142837658076
-9.03697848918e-14
0.00142837658075
3.74974018322e-14
0.00142837658076
-2.08234817574e-14
0.00142837658075
7.97467824183e-15
0.00142837658076
-3.68345743908e-15
0.00142837658075
3.37072904277e-15
0.00142837658075
-2.30820530371e-15
0.00142837658075
-1.27913586431e-15
0.00142837658075
-7.88778217292e-16
0.00142837658075
-4.99552967179e-15
0.00142837658075
4.89181104825e-15
0.00142837658076
-1.66470504052e-15
0.00142837658075
-2.25850355193e-15
-1.40786462353e-15
0.00136574923766
-0.00132138448179
0.00140086607068
-0.000748445182725
0.0014062247282
-0.000392809450869
0.00140522086259
-0.00013217155455
0.0014036596449
-3.61156996344e-05
0.00140334575664
-5.94875170352e-06
0.00140318804039
2.14121102642e-06
0.00140323617905
1.67779595661e-06
0.00140324700498
1.20325554656e-06
0.0014032689147
3.85457456151e-07
0.00140327241767
1.83919791478e-07
0.00140327617998
2.24507949315e-08
0.00140327609989
1.104878593e-08
0.00140327649091
-6.53475702239e-09
0.00140327630254
-9.67934804311e-10
0.00140327633529
-2.13328252185e-09
0.00140327628246
-1.73737171847e-10
0.00140327628977
-3.46453758325e-10
0.00140327627982
4.2579587418e-11
0.00140327628261
-3.97795080789e-11
0.00140327628096
2.28689134638e-11
0.00140327628178
-5.00162558146e-12
0.00140327628147
5.68800730375e-12
0.00140327628167
-1.22745937659e-12
0.0014032762816
1.08031708554e-12
0.00140327628164
-3.69806606261e-13
0.00140327628162
1.95967253375e-13
0.00140327628163
-9.754170894e-14
0.00140327628163
3.85414195458e-14
0.00140327628163
-2.24091573095e-14
0.00140327628163
8.50034631112e-15
0.00140327628163
-5.16605939903e-15
0.00140327628163
1.30956871418e-15
0.00140327628163
-3.58770202549e-15
0.00140327628163
-3.45519449037e-15
0.00140327628163
-1.52235855537e-15
0.00140327628163
-6.74854438417e-16
0.00140327628163
4.83580442772e-15
0.00140327628163
-1.44339904961e-15
0.00140327628163
-1.29946661931e-15
1.28573687012e-16
0.00136546589183
-0.00146733817642
0.00138500769924
-0.000767986992335
0.00137919228661
-0.000386994037987
0.00137434205902
-0.000127321326238
0.00137154271586
-3.3316356727e-05
0.00137106490613
-5.47094225256e-06
0.00137094454673
2.26157055921e-06
0.001371049112
1.57323077918e-06
0.00137109135077
1.16101671543e-06
0.00137112656964
3.50238537844e-07
0.00137113471555
1.75773922614e-07
0.00137113958713
1.75792348896e-08
0.00137113965972
1.09761768728e-08
0.00137113995306
-6.82809615328e-09
0.00137113969559
-7.10457980856e-10
0.00137113968531
-2.12300167242e-09
0.00137113961798
-1.06402983055e-10
0.00137113961934
-3.47816492407e-10
0.00137113960855
5.33650810529e-11
0.00137113961111
-4.23337301955e-11
0.00137113960968
2.43023371594e-11
0.00137113961056
-5.88323267408e-12
0.00137113961032
5.92553735238e-12
0.00137113961053
-1.43356852898e-12
0.00137113961047
1.14131654697e-12
0.00137113961051
-4.07468957172e-13
0.00137113961049
2.12766995367e-13
0.0013711396105
-1.03967803184e-13
0.00137113961049
4.50465394529e-14
0.0013711396105
-2.42336930505e-14
0.00137113961049
9.67337685786e-15
0.0013711396105
-6.34775136134e-15
0.0013711396105
2.01562680955e-16
0.0013711396105
-2.37105511144e-15
0.0013711396105
-2.32345988846e-15
0.0013711396105
-2.39225160201e-15
0.0013711396105
2.25787010006e-16
0.0013711396105
6.40677532518e-15
0.0013711396105
-1.13275720613e-15
0.0013711396105
-1.60480750071e-15
-1.44870848511e-16
0.0013599328484
-0.00160775882733
0.00136088140805
-0.000768935554228
0.0013429746924
-0.000369087322326
0.00133435306134
-0.000118699694444
0.00133043039762
-2.93936931351e-05
0.00132982973244
-4.87027735502e-06
0.00132975891029
2.3323927772e-06
0.0013299180651
1.41407608102e-06
0.00132998999875
1.08908301976e-06
0.00133003693894
3.03298298074e-07
0.00133004919794
1.63514947631e-07
0.00133005491186
1.18653330444e-08
0.00133005509631
1.07917175158e-08
0.00133005527373
-7.00552438996e-09
0.00133005495444
-3.91162314529e-10
0.00133005490239
-2.07094064727e-09
0.00133005482334
-2.73640159239e-11
0.00133005481908
-3.43553547421e-10
0.00133005480792
6.45214967012e-11
0.00133005481022
-4.46254079393e-11
0.00133005480905
2.54692506405e-11
0.00133005480997
-6.80716411111e-12
0.00133005480981
6.08624352223e-12
0.00133005481001
-1.6449980079e-12
0.00133005480996
1.1876552258e-12
0.00133005481
-4.47449465734e-13
0.00133005480999
2.28281944653e-13
0.00133005480999
-1.12056610287e-13
0.00133005480999
5.06018815285e-14
0.00133005480999
-2.28596296719e-14
0.00133005480999
8.69880026005e-15
0.00133005480999
-6.18760599379e-15
0.00133005480999
-4.93581950046e-16
0.00133005480999
-2.20229144829e-15
0.00133005480999
-2.6392322881e-15
0.00133005480999
-3.69075926932e-15
0.00133005480999
-1.3756459547e-15
0.00133005480999
9.39488027085e-16
0.00133005480999
-1.69812914675e-15
0.00133005480999
-3.18251891338e-16
-8.89901692875e-16
0.00134618854294
-0.00173443517273
0.00132536615096
-0.000748113164384
0.00129484400424
-0.000338565175801
0.0012827235527
-0.000106579242207
0.00127787327795
-2.45434183963e-05
0.00127720058341
-4.197583095e-06
0.00127719228327
2.34069292838e-06
0.00127740114175
1.20521771724e-06
0.00127749989168
9.90333073647e-07
0.00127755619301
2.46996913671e-07
0.00127757187224
1.47835726952e-07
0.00127757807424
5.66335238152e-09
0.0012775783347
1.05312475953e-08
0.00127757837512
-7.04595652266e-09
0.00127757800747
-2.35064726739e-11
0.00127757791539
-1.97885936927e-09
0.00127757782882
5.92115011408e-11
0.00127757781921
-3.33948735455e-10
0.00127757780836
7.537215026e-11
0.0012775778103
-4.65639011016e-11
0.00127757780948
2.62839841733e-11
0.00127757781039
-7.72041246768e-12
0.00127757781031
6.16671867157e-12
0.00127757781051
-1.84362604364e-12
0.00127757781047
1.22597386061e-12
0.00127757781051
-4.83162531142e-13
0.00127757781049
2.40713896535e-13
0.0012775778105
-1.10579653737e-13
0.0012775778105
5.57459615641e-14
0.0012775778105
-2.2374003994e-14
0.0012775778105
9.18182427823e-15
0.0012775778105
-4.80954735545e-15
0.0012775778105
9.71128706498e-16
0.0012775778105
-6.51120247274e-16
0.0012775778105
-1.1028995186e-15
0.0012775778105
-1.4398450958e-15
0.0012775778105
-2.6255344647e-15
0.0012775778105
4.77356173382e-16
0.0012775778105
-1.72207341958e-15
0.0012775778105
-3.52357152669e-16
-4.61712502236e-15
0.00132001063161
-0.00183493360642
0.00127434211294
-0.000702444647635
0.00123134861086
-0.000295571674083
0.00121624094293
-9.14715736632e-05
0.00121075059233
-1.90530676929e-05
0.00121006192986
-3.50892086831e-06
0.00121012915567
2.2734670805e-06
0.00121037877086
9.55602623348e-07
0.00121050031348
8.68790467064e-07
0.00121056274397
1.84566379851e-07
0.00121058103724
1.29542459026e-07
0.00121058727797
-5.77359938707e-10
0.00121058759723
1.02119959849e-08
0.00121058747483
-6.92356776678e-09
0.00121058708094
3.70390350742e-10
0.00121058695038
-1.84828447014e-09
0.00121058686223
1.47355227733e-10
0.00121058684732
-3.19044665166e-10
0.00121058683772
8.49786709454e-11
0.0012105868391
-4.79459558207e-11
0.00121058683875
2.66364544761e-11
0.00121058683957
-8.55328196786e-12
0.00121058683959
6.14554344443e-12
0.00121058683977
-2.01643003893e-12
0.00121058683975
1.23981217505e-12
0.00121058683978
-5.08186347872e-13
0.00121058683977
2.47816989574e-13
0.00121058683977
-1.15454452836e-13
0.00121058683977
5.68613924121e-14
0.00121058683977
-2.47184905264e-14
0.00121058683977
1.13622412669e-14
0.00121058683977
-6.45980336633e-15
0.00121058683977
2.08171554964e-15
0.00121058683977
-2.99283966106e-15
0.00121058683977
-3.84228329824e-15
0.00121058683977
-3.12657012256e-15
0.00121058683977
-4.73735044948e-15
0.00121058683977
-1.54536543517e-15
0.00121058683977
-1.90808128644e-15
0.00121058683977
-2.95965535617e-15
-3.19731170277e-15
0.00127539471613
-0.00189081612545
0.00120239580367
-0.000629445736825
0.00114814203327
-0.000241317904142
0.00113083079583
-7.41603357348e-05
0.00112508861271
-1.33108843965e-05
0.00112443712257
-2.85743092261e-06
0.00112459194879
2.11864078946e-06
0.00112486789051
6.79660980378e-07
0.00112500718131
7.29499693089e-07
0.00112507149741
1.2025023551e-07
0.00112509157104
1.09468821987e-07
0.00112509729163
-6.29793252767e-09
0.00112509769224
9.81139108483e-09
0.00112509737261
-6.60395110811e-09
0.00112509698713
7.55877309721e-10
0.00112509681808
-1.67922882713e-09
0.00112509673678
2.28652816434e-10
0.001125096716
-2.98262408165e-10
0.00112509670899
9.19876704977e-11
0.00112509670942
-4.83817091486e-11
0.00112509670973
2.63309971305e-11
0.00112509671035
-9.17941493333e-12
0.00112509671051
5.98802161099e-12
0.00112509671063
-2.13884238883e-12
0.00112509671064
1.22796808865e-12
0.00112509671066
-5.23390330781e-13
0.00112509671065
2.53425087438e-13
0.00112509671065
-1.12721126765e-13
0.00112509671065
6.11355601858e-14
0.00112509671065
-2.50438707791e-14
0.00112509671065
9.56086452731e-15
0.00112509671065
-5.83761082917e-15
0.00112509671065
1.07146135672e-15
0.00112509671065
-2.74258549577e-18
0.00112509671065
9.70495268439e-16
0.00112509671065
-3.1028367658e-15
0.00112509671065
-2.52902397674e-15
0.00112509671065
8.39772756474e-17
0.00112509671065
1.46864833859e-15
0.00112509671065
-3.77748182788e-15
-5.28474643154e-15
0.00120381209841
-0.0018751160272
0.00110245758533
-0.000528091225108
0.00103977727236
-0.000178637591686
0.00102132931605
-5.57123790641e-05
0.00101582899748
-7.81056560223e-06
0.00101525178242
-2.28021600489e-06
0.00101550432074
1.8661023835e-06
0.00101578472807
3.99253701851e-07
0.00101593598754
5.78240259276e-07
0.00101599673821
5.949953877e-08
0.001016017866
8.83410177139e-08
0.00101602237344
-1.08053576577e-08
0.00101602294847
9.23637137332e-09
0.00101602238181
-6.03730267802e-09
0.00101602205757
1.08012035358e-09
0.00101602184638
-1.46803575792e-09
0.00101602178381
2.91233502778e-10
0.00101602175543
-2.69886380881e-10
0.00101602175298
9.4434976465e-11
0.00101602175177
-4.71727231321e-11
0.00101602175305
2.50603259037e-11
0.00101602175328
-9.41110875005e-12
0.00101602175364
5.62991771963e-12
0.00101602175366
-2.16937923078e-12
0.00101602175372
1.17164852708e-12
0.00101602175371
-5.15151488059e-13
0.00101602175372
2.46054732009e-13
0.00101602175371
-1.0924447515e-13
0.00101602175371
6.003685485e-14
0.00101602175371
-2.55184606728e-14
0.00101602175371
1.05379322259e-14
0.00101602175371
-3.29513824714e-15
0.00101602175371
-2.03571631914e-16
0.00101602175371
-1.09057675995e-15
0.00101602175371
3.98187335241e-15
0.00101602175371
-2.84287677952e-15
0.00101602175371
-6.35405699771e-15
0.00101602175371
-2.64328646942e-15
0.00101602175371
1.57147146295e-15
0.00101602175371
-5.08553021362e-16
-3.48281070557e-15
0.00109320494136
-0.00174880877243
0.000965358023298
-0.000400244308055
0.000899455656153
-0.000112735225033
0.000881195490346
-3.74522130579e-05
0.000876532789773
-3.14786480799e-06
0.000876031714239
-1.77914053391e-06
0.000876389013339
1.50880318398e-06
0.000876642067457
1.46199607013e-07
0.000876799263728
4.2104402623e-07
0.000876849532588
9.23066528403e-09
0.000876871286489
6.65870981027e-08
0.000876873717511
-1.32363697078e-08
0.000876874673519
8.28037431134e-09
0.000876873784514
-5.1482999978e-09
0.000876873600304
1.26432677892e-09
0.00087687333666
-1.20438778118e-09
0.000876873309537
3.18358105689e-10
0.000876873269942
-2.3029124194e-10
0.000876873274912
8.9467497535e-11
0.000876873270886
-4.31449308557e-11
0.000876873273631
2.23142984715e-11
0.00087687327317
-8.94858897749e-12
0.000876873273831
4.96626653311e-12
0.000876873273703
-2.04389696656e-12
0.000876873273823
1.04873139594e-12
0.000876873273781
-4.72054498799e-13
0.000876873273802
2.26637724791e-13
0.000876873273792
-1.0310911844e-13
0.000876873273795
5.34259113899e-14
0.000876873273793
-2.05113152664e-14
0.000876873273794
6.00437542276e-15
0.000876873273794
-3.51937020751e-15
0.000876873273794
-8.01285264729e-16
0.000876873273793
5.84862545497e-16
0.000876873273793
8.46183581832e-16
0.000876873273793
-3.26762026105e-15
0.000876873273795
-6.29382448867e-15
0.000876873273793
-3.95403309353e-16
0.000876873273794
-2.27864750157e-16
0.000876873273795
-1.69502705439e-15
-7.77442822724e-16
0.000926701850633
-0.00145599842699
0.000779201504258
-0.000252743962208
0.000718735359058
-5.22690802213e-05
0.000702147322708
-2.08641767061e-05
0.00069900416544
-4.70736790369e-09
0.000698516651199
-1.2916262736e-06
0.000698982593223
1.04286108373e-06
0.000699162840959
-3.40481381313e-08
0.000699320652978
2.63232034995e-07
0.000699351625385
-2.17417401057e-08
0.000699374187828
4.40246415805e-08
0.000699373435661
-1.24841980832e-08
0.000699375160646
6.55539797808e-09
0.000699373828994
-3.81664603112e-09
0.000699373902267
1.19105181282e-09
0.000699373563835
-8.65955423384e-10
0.000699373596179
2.86014860415e-10
0.000699373538536
-1.72648302492e-10
0.000699373555203
7.28010909178e-11
0.000699373546427
-3.43720466026e-11
0.000699373551445
1.72955354811e-11
0.000699373549834
-7.33892517309e-12
0.000699373550974
3.82726337704e-12
0.00069937355059
-1.65997661827e-12
0.000699373550818
8.18673385195e-13
0.000699373550722
-3.78930359774e-13
0.000699373550768
1.75737881917e-13
0.000699373550745
-8.27150678072e-14
0.000699373550754
4.66796872975e-14
0.00069937355075
-1.89853609836e-14
0.000699373550752
6.8083761792e-15
0.000699373550751
-2.50343582344e-15
0.000699373550752
9.22649154673e-16
0.00069937355075
-2.50208740396e-15
0.00069937355075
2.68663872354e-15
0.000699373550751
-7.86952219664e-16
0.000699373550752
-5.52392635643e-15
0.000699373550751
7.76229660228e-17
0.000699373550751
1.10439950142e-15
0.000699373550752
6.19517975358e-16
3.7143927337e-15
0.000680514174074
-0.000917000405992
0.000528406823373
-0.000100636611581
0.00048729979311
-1.1162050201e-05
0.000473691256626
-7.2556403678e-06
0.000472821047648
8.65501704778e-07
0.000472163308821
-6.33887375664e-07
0.000472745710831
4.60459024766e-07
0.000472786177314
-7.45146557382e-08
0.000472942927717
1.0648164765e-07
0.000472942668297
-2.14823027088e-08
0.000472967592518
1.91004123321e-08
0.000472962058958
-6.95064199886e-09
0.000472965286153
3.32821192539e-09
0.000472963286196
-1.81668415095e-09
0.000472963805738
6.71514520615e-10
0.00047296334339
-4.03605203703e-10
0.000472963473194
1.56217664465e-10
0.000472963384075
-8.35273729994e-11
0.000472963419594
3.72817938269e-11
0.000472963402633
-1.74154911174e-11
0.000472963411367
8.560176523e-12
0.000472963407819
-3.78691717669e-12
0.000472963409759
1.88791643656e-12
0.00047296340895
-8.5076843861e-13
0.000472963409362
4.08810728222e-13
0.000472963409174
-1.90308414261e-13
0.000472963409263
9.21811275493e-14
0.000472963409221
-4.08337178165e-14
0.000472963409238
2.04281711455e-14
0.00047296340923
-8.46583902602e-15
0.000472963409234
1.80301781901e-15
0.000472963409232
-1.15527385615e-15
0.000472963409234
2.72916916534e-16
0.000472963409232
1.02961475941e-15
0.000472963409232
1.02001635395e-15
0.000472963409232
-8.96769044081e-16
0.000472963409234
-2.62912503577e-15
0.000472963409232
3.01610003956e-16
0.000472963409233
1.12093579341e-15
0.000472963409234
2.94459218786e-16
9.85639050793e-16
0.000302511788492
0.000201875178105
0.000190713128028
0.000183457487206
0.000184322988856
0.000183689101654
0.000184149560697
0.000184075045967
0.000184181527609
0.000184160045339
0.00018417914575
0.000184172195094
0.000184175523308
0.00018417370663
0.000184174378143
0.000184173974536
0.000184174130757
0.000184174047231
0.000184174084512
0.000184174067097
0.000184174075655
0.000184174071868
0.000184174073756
0.000184174072908
0.000184174073318
0.000184174073126
0.000184174073216
0.000184174073174
0.000184174073193
0.000184174073184
0.000184174073188
0.000184174073186
0.000184174073188
0.000184174073186
0.000184174073186
0.000184174073186
0.000184174073188
0.000184174073186
0.000184174073186
0.000184174073187
)
;

boundaryField
{
    in
    {
        type            calculated;
        value           nonuniform List<scalar> 
41
(
-0.001219512195
-0.001219512195
-0.0012195121955
-0.001219512195
-0.001219512195
-0.001219512195
-0.0012195121955
-0.001219512195
-0.001219512195
-0.001219512195
-0.0012195121955
-0.001219512195
-0.001219512195
-0.001219512195
-0.0012195121955
-0.001219512195
-0.001219512195
-0.001219512195
-0.0012195121955
-0.001219512195
-0.001219512195
-0.001219512195
-0.0012195121955
-0.001219512195
-0.001219512195
-0.001219512195
-0.0012195121955
-0.001219512195
-0.001219512195
-0.001219512195
-0.0012195121955
-0.001219512195
-0.001219512195
-0.001219512195
-0.0012195121955
-0.001219512195
-0.001219512195
-0.001219512195
-0.0012195121955
-0.001219512195
-0.001219512195
)
;
    }
    out
    {
        type            calculated;
        value           nonuniform List<scalar> 
41
(
0.000184174073186
0.000472963409232
0.00069937355075
0.000876873273793
0.00101602175371
0.00112509671065
0.00121058683977
0.0012775778105
0.00133005480999
0.0013711396105
0.00140327628163
0.00142837658075
0.00144793368626
0.0014631110185
0.00147481145327
0.00148373102887
0.00149040035842
0.00149521618906
0.00149846500747
0.00150034007877
0.00150095294983
0.00150034007877
0.00149846500747
0.00149521618906
0.00149040035842
0.00148373102887
0.00147481145327
0.0014631110185
0.00144793368627
0.00142837658076
0.00140327628163
0.0013711396105
0.00133005480999
0.0012775778105
0.00121058683977
0.00112509671065
0.00101602175371
0.000876873273795
0.000699373550752
0.000472963409233
0.000184174073187
)
;
    }
    top
    {
        type            calculated;
        value           uniform 0;
    }
    bottom
    {
        type            calculated;
        value           uniform 0;
    }
    frontback
    {
        type            empty;
        value           nonuniform List<scalar> 0();
    }
}


// ************************************************************************* //
