/*--------------------------------*- C++ -*----------------------------------*\
| =========                 |                                                 |
| \\      /  F ield         | OpenFOAM: The Open Source CFD Toolbox           |
|  \\    /   O peration     | Version:  2112                                  |
|   \\  /    A nd           | Website:  www.openfoam.com                      |
|    \\/     M anipulation  |                                                 |
\*---------------------------------------------------------------------------*/
FoamFile
{
    version     2.0;
    format      ascii;
    arch        "LSB;label=32;scalar=64";
    class       surfaceScalarField;
    location    "0.2";
    object      phi;
}
// * * * * * * * * * * * * * * * * * * * * * * * * * * * * * * * * * * * * * //

dimensions      [0 3 -1 0 0 0 0];

oriented        oriented;

internalField   nonuniform List<scalar> 
3280
(
0.000302511787145
0.000917000411577
0.000201875179632
0.000100636605713
0.000190713127261
1.11620505745e-05
0.000183457487222
7.25564258612e-06
0.000184322989521
-8.65502488931e-07
0.000183689101657
6.33887036627e-07
0.000184149560759
-4.60458450279e-07
0.000184075046349
7.45147688028e-08
0.000184181527922
-1.06481746829e-07
0.000184160045595
2.14824412987e-08
0.000184179146112
-1.91002655545e-08
0.000184172195508
6.95068939466e-09
0.000184175523719
-3.32814037055e-09
0.000184173707072
1.8167882343e-09
0.000184174378629
-6.71427889041e-10
0.000184173975048
4.0367652976e-10
0.000184174131293
-1.56139790675e-10
0.000184174047796
8.3602659506e-11
0.000184174085105
-3.72106453646e-11
0.000184174067716
1.74832934668e-11
0.000184174076299
-8.49386760197e-12
0.000184174072535
3.84982569381e-12
0.000184174074445
-1.82979155569e-12
0.000184174073618
9.07347570677e-13
0.00018417407405
-3.55518881145e-13
0.000184174073879
2.42775220899e-13
0.000184174073989
-3.80288651124e-14
0.000184174073966
9.14520338076e-14
0.000184174074004
2.7419885899e-14
0.00018417407401
5.18702278757e-14
0.000184174074029
3.54263961586e-14
0.000184174074041
4.06439166463e-14
0.000184174074058
3.43373897341e-14
0.000184174074072
3.10403895591e-14
0.000184174074089
2.40353392927e-14
0.000184174074104
2.2180930607e-14
0.000184174074119
1.91298090566e-14
0.000184174074125
1.62850509146e-14
0.000184174074119
2.52825587162e-14
0.000184174074104
2.72199469696e-14
4.40828083276e-14
0.000680514171923
0.00145599843629
0.000528406825648
0.000252743953896
0.000487299792389
5.22690807234e-05
0.000473691256723
2.08641802139e-05
0.000472821048715
4.70647865796e-09
0.000472163309152
1.29162584211e-06
0.000472745711211
-1.04286007947e-06
0.000472786178143
3.40485277327e-08
0.000472942928537
-2.63232042808e-07
0.000472942669089
2.17420581252e-08
0.000472967593481
-4.40242689115e-08
0.000472962060039
1.24844202737e-08
0.000472965287277
-6.55516521559e-09
0.000472963287398
3.81693598922e-09
0.000472963807035
-1.19078975358e-09
0.00047296334476
8.66189542273e-10
0.000472963474633
-2.85787364551e-10
0.000472963385588
1.7287639495e-10
0.000472963421179
-7.25847230847e-11
0.000472963404285
3.45867994026e-11
0.000472963413084
-1.70915736301e-11
0.000472963409597
7.52859642563e-12
0.000472963411594
-3.64679951508e-12
0.000472963410843
1.83388836819e-12
0.00047296341131
-6.53059200224e-13
0.000472963411177
5.39527910351e-13
0.000472963411318
-2.50200893965e-14
0.000472963411324
2.30834540912e-13
0.00047296341139
1.03814109317e-13
0.000472963411423
1.4764867734e-13
0.000472963411466
1.13078151766e-13
0.000472963411501
1.16575268129e-13
0.000472963411541
9.69552662314e-14
0.00047296341158
8.0815398751e-14
0.000472963411622
6.30436325614e-14
0.000472963411662
5.29461751982e-14
0.000472963411697
4.60169233755e-14
0.000472963411711
4.28579256443e-14
0.000472963411697
7.02973625726e-14
0.000472963411653
8.92736643081e-14
1.29369638923e-13
0.000926701847797
0.00174880878401
0.000779201506915
0.000400244299006
0.000718735358741
0.000112735225378
0.00070214732284
3.74522172197e-05
0.000699004166663
3.14786426199e-06
0.000698516651907
1.7791400342e-06
0.000698982593928
-1.5088019657e-06
0.000699162842113
-1.46198893693e-07
0.000699320654225
-4.21043902634e-07
0.000699351626659
-9.23023353811e-09
0.000699374189297
-6.65865326671e-08
0.000699373437298
1.32367718518e-08
0.000699375162378
-8.27999526028e-09
0.000699373830842
5.1487483065e-09
0.000699373904246
-1.26390075472e-09
0.000699373565927
1.20477503159e-09
0.000699373598378
-3.17984939343e-10
0.000699373540845
2.30654559567e-10
0.00069937355762
-8.91180741966e-11
0.000699373548944
4.34851806977e-11
0.000699373554059
-2.19885644533e-11
0.000699373552539
9.25934542558e-12
0.000699373553766
-4.67661927774e-12
0.000699373553468
2.32333141719e-12
0.00069937355378
-7.83364782414e-13
0.000699373553764
7.3076768016e-13
0.000699373553888
1.90111351331e-14
0.000699373553938
3.39654766442e-13
0.000699373554017
1.7419793481e-13
0.000699373554075
2.30121436646e-13
0.000699373554134
1.82865957228e-13
0.000699373554188
1.83426596802e-13
0.000699373554247
1.54317564815e-13
0.000699373554305
1.22014027657e-13
0.000699373554367
8.75157644408e-14
0.000699373554426
6.84491407559e-14
0.000699373554475
5.61202621858e-14
0.000699373554495
6.56932940192e-14
0.000699373554475
1.20315767756e-13
0.000699373554407
1.73553832268e-13
2.29577811294e-13
0.00109320493758
0.00187511603917
0.000965358026427
0.000528091216927
0.000899455656309
0.000178637591867
0.000881195490405
5.57123830993e-05
0.000876532791107
7.81056560606e-06
0.000876031715315
2.28021557616e-06
0.000876389014316
-1.86610116706e-06
0.000876642068868
-3.99252742589e-07
0.000876799265343
-5.78239983447e-07
0.000876849534275
-5.94990642067e-08
0.000876871288382
-8.83403323203e-08
0.000876873719615
1.08059000968e-08
0.000876874675765
-9.23589234425e-09
0.000876873786904
6.03785469943e-09
0.000876873602855
-1.07956854181e-09
0.000876873339357
1.46853563927e-09
0.000876873312373
-2.90765901762e-10
0.000876873272916
2.70348376154e-10
0.000876873278023
-9.39966749498e-11
0.000876873274125
4.7599245953e-11
0.000876873276992
-2.46522505831e-11
0.000876873276648
9.80062075161e-12
0.000876873277421
-5.25694187127e-12
0.000876873277401
2.52672872005e-12
0.000876873277628
-8.28538296985e-13
0.000876873277688
8.37243840703e-13
0.000876873277807
6.60487335151e-14
0.000876873277888
4.09381986176e-13
0.000876873277978
2.26232957228e-13
0.000876873278055
2.88143050192e-13
0.000876873278129
2.30731616745e-13
0.000876873278198
2.30338103645e-13
0.00087687327827
1.90310316171e-13
0.000876873278343
1.43226059126e-13
0.00087687327842
9.51945403359e-14
0.000876873278493
6.33193536147e-14
0.000876873278553
5.74262964467e-14
0.000876873278576
8.91936619642e-14
0.000876873278551
1.74215529272e-13
0.000876873278466
2.7684726751e-13
3.4449284944e-13
0.0012038120936
0.00189081613668
0.0011024575889
0.000629445729981
0.00103977727302
0.00024131790434
0.001021329316
7.41603392861e-05
0.00101582899887
1.33108849061e-05
0.00101525178384
2.85743067345e-06
0.00101550432195
-2.11863965972e-06
0.00101578472968
-6.79659870268e-07
0.00101593598947
-7.29499283867e-07
0.00101599674025
-1.20249749425e-07
0.00101601786825
-1.09468087004e-07
0.00101602237593
6.29857885386e-09
0.00101602295114
-9.81083839283e-09
0.00101602238466
6.60456968706e-09
0.0010160220606
-7.55247104955e-10
0.00101602184959
1.67980245843e-09
0.00101602178717
-2.28119568364e-10
0.00101602175896
2.98786055384e-10
0.00101602175667
-9.14812333665e-11
0.00101602175561
4.88661147698e-11
0.00101602175703
-2.58683168918e-11
0.0010160217574
9.62581597671e-12
0.00101602175789
-5.56266444158e-12
0.00101602175804
2.55214624353e-12
0.00101602175822
-8.35534598822e-13
0.00101602175833
8.88935366053e-13
0.00101602175845
9.77469276554e-14
0.00101602175856
4.50080353112e-13
0.00101602175866
2.63081289271e-13
0.00101602175875
3.27041191874e-13
0.00101602175883
2.66166136818e-13
0.00101602175891
2.57635813421e-13
0.001016021759
2.10087710675e-13
0.00101602175908
1.46325494493e-13
0.00101602175917
8.5264681563e-14
0.00101602175925
4.90176390858e-14
0.00101602175932
4.83943318529e-14
0.00101602175935
1.07989232196e-13
0.00101602175932
2.37426971816e-13
0.00101602175922
3.91955751692e-13
4.67572448589e-13
0.00127539471038
0.00183493361574
0.00120239580753
0.000702444642413
0.00114814203443
0.000295571674589
0.00113083079568
9.14715764566e-05
0.00112508861412
1.90530685975e-05
0.00112443712429
3.50892092312e-06
0.00112459195021
-2.27346606886e-06
0.00112486789228
-9.55601467172e-07
0.00112500718349
-8.68789932017e-07
0.00112507149975
-1.84565889395e-07
0.00112509157358
-1.2954171424e-07
0.00112509729444
5.78065231862e-10
0.00112509769527
-1.02113937201e-08
0.00112509737584
6.92422390546e-09
0.00112509699055
-3.6971214752e-10
0.0011250968217
1.84890932123e-09
0.00112509674059
-1.46779664043e-10
0.00112509671998
3.19607248586e-10
0.00112509671315
-8.44339784459e-11
0.00112509671376
4.8466127506e-11
0.00112509671423
-2.61379722929e-11
0.001125096715
9.03546934078e-12
0.00112509671531
-5.68804238097e-12
0.00112509671558
2.45698670926e-12
0.00112509671573
-8.18144376379e-13
0.00112509671587
9.015287614e-13
0.001125096716
1.25587834064e-13
0.00112509671612
4.76585529034e-13
0.00112509671623
2.90795512498e-13
0.00112509671633
3.50111056844e-13
0.00112509671642
2.92721899251e-13
0.00112509671651
2.80658733037e-13
0.0011250967166
2.18310311272e-13
0.0011250967167
1.49692934528e-13
0.00112509671679
6.78585898654e-14
0.00112509671688
2.48607746184e-14
0.00112509671696
3.2836890407e-14
0.00112509671699
1.26376351678e-13
0.00112509671695
2.96318498474e-13
0.00112509671685
5.16134192895e-13
5.96011312046e-13
0.00132001062515
0.00173443517917
0.00127434211693
0.000748113160915
0.00123134861249
0.000338565176899
0.00121624094275
0.000106579244075
0.0012107505937
2.45434195399e-05
0.00121006193181
4.19758356313e-06
0.00121012915729
-2.34069202969e-06
0.00121037877276
-1.20521662187e-06
0.00121050031586
-9.90332431454e-07
0.00121056274657
-2.46996407567e-07
0.00121058104003
-1.47835019828e-07
0.00121058728105
-5.66263209338e-09
0.00121058760056
-1.05306085369e-08
0.00121058747837
7.04663338373e-09
0.00121058708469
2.42066005708e-11
0.00121058695435
1.97950772862e-09
0.00121058686641
-5.86112369835e-11
0.00121058685169
3.34534025437e-10
0.00121058684228
-7.48070844507e-11
0.00121058684385
4.71066008176e-11
0.00121058684367
-2.57658767072e-11
0.00121058684467
8.22516992398e-12
0.00121058684485
-5.69365170389e-12
0.00121058684518
2.29771064641e-12
0.00121058684531
-7.88796756115e-13
0.00121058684549
8.86442181113e-13
0.00121058684561
1.44639783714e-13
0.00121058684575
4.82706966087e-13
0.00121058684586
3.05156357673e-13
0.00121058684598
3.63588309938e-13
0.00121058684608
3.07026432336e-13
0.00121058684617
2.87681122712e-13
0.00121058684627
2.1731948953e-13
0.00121058684637
1.38049193331e-13
0.00121058684647
4.63742241246e-14
0.00121058684657
-3.98025730351e-15
0.00121058684665
1.46407424832e-14
0.00121058684667
1.39456701046e-13
0.00121058684664
3.54934397385e-13
0.00121058684653
6.39001512337e-13
7.28154527379e-13
0.00134618853607
0.00160775883022
0.00132536615491
0.00076893555251
0.00129484400625
0.000369087324266
0.00128272355254
0.000118699695327
0.00127787327926
2.93936943591e-05
0.00127720058555
4.87027830456e-06
0.00127719228508
-2.33239195671e-06
0.00127740114375
-1.4140751413e-06
0.00127749989422
-1.08908229916e-06
0.00127755619582
-3.03297766857e-07
0.00127757187523
-1.63514299083e-07
0.00127757807753
-1.18646235432e-08
0.00127757833828
-1.07910481162e-08
0.00127757837892
7.00621070322e-09
0.00127757801149
3.91867069516e-10
0.00127757791965
2.07160209263e-09
0.00127757783329
2.79777079126e-11
0.0012775778239
3.44141381741e-10
0.00127757781325
-6.39454582682e-11
0.00127757781539
4.51719123011e-11
0.00127757781476
-2.49410442882e-11
0.00127757781585
7.32141658338e-12
0.00127757781594
-5.60576189547e-12
0.0012775778163
2.10327983608e-12
0.00127757781643
-7.51165550897e-13
0.00127757781662
8.60430218784e-13
0.00127757781675
1.58379080669e-13
0.00127757781689
4.80082897826e-13
0.00127757781702
3.13653942602e-13
0.00127757781713
3.71007216936e-13
0.00127757781724
3.16762196671e-13
0.00127757781735
2.94665973163e-13
0.00127757781745
2.11581502679e-13
0.00127757781755
1.20711559483e-13
0.00127757781766
2.11534117786e-14
0.00127757781776
-4.02523467989e-14
0.00127757781784
-9.25988518871e-15
0.00127757781787
1.5249066563e-13
0.00127757781783
4.18301081187e-13
0.00127757781773
7.61598352707e-13
8.52890232408e-13
0.00135993284148
0.00146733817535
0.00136088141178
0.000767986992289
0.0013429746947
0.000386994040914
0.00133435306129
0.000127321326166
0.00133043039886
3.3316357902e-05
0.00132982973469
5.47094369001e-06
0.00132975891226
-2.2615697807e-06
0.00132991806719
-1.57323004044e-06
0.0013299900014
-1.16101594679e-06
0.00133003694192
-3.50237965753e-07
0.00133004920111
-1.75773348938e-07
0.00133005491532
-1.75785670398e-08
0.00133005510008
-1.09754908072e-08
0.00133005527774
6.82877944426e-09
0.00133005495868
7.11145228663e-10
0.00133005490687
2.12366032949e-09
0.00133005482806
1.07019731993e-10
0.00133005482402
3.48395988565e-10
0.00133005481308
-5.28003484485e-11
0.00133005481558
4.28743139835e-11
0.00133005481462
-2.37821857604e-11
0.00133005481572
6.39088028613e-12
0.00133005481574
-5.44671668183e-12
0.00133005481612
1.89170202647e-12
0.00133005481624
-7.07969101623e-13
0.00133005481644
8.20077388479e-13
0.00133005481658
1.66352898306e-13
0.00133005481673
4.6805816281e-13
0.00133005481686
3.13420089967e-13
0.00133005481698
3.71523314137e-13
0.0013300548171
3.2129062906e-13
0.0013300548172
2.94772478337e-13
0.00133005481731
2.03043615294e-13
0.00133005481742
1.03719499411e-13
0.00133005481753
-9.90641638027e-15
0.00133005481763
-7.59469696538e-14
0.00133005481771
-3.41260644194e-14
0.00133005481774
1.6546821391e-13
0.00133005481771
4.83649553239e-13
0.0013300548176
8.8906943439e-13
9.71208203931e-13
0.00136546588523
0.00132138447672
0.00138500770262
0.000748445184181
0.00137919228906
0.000392809454814
0.00137434205914
0.000132171553618
0.00137154271704
3.61157006597e-05
0.00137106490843
5.94875359986e-06
0.00137094454885
-2.1412102549e-06
0.0013710491142
-1.67779545344e-06
0.00137109135351
-1.2032547674e-06
0.00137112657276
-3.85456837736e-07
0.00137113471886
-1.83919307606e-07
0.00137113959073
-2.24501899839e-08
0.00137113966365
-1.10481021887e-08
0.00137113995725
6.53543104713e-09
0.00137113970001
9.68601469338e-10
0.00137113968999
2.13392337619e-09
0.0013711396229
1.7434289363e-10
0.00137113962449
3.47020325484e-10
0.00137113961393
-4.2032298779e-11
0.0013711396167
4.03017891193e-11
0.00137113961548
-2.23588491027e-11
0.00137113961656
5.49652096406e-12
0.00137113961651
-5.22155309251e-12
0.00137113961689
1.67367664094e-12
0.00137113961701
-6.62102185627e-13
0.00137113961722
7.67551724544e-13
0.00137113961736
1.73110183693e-13
0.00137113961752
4.52122995279e-13
0.00137113961765
3.11015175715e-13
0.00137113961778
3.67155881633e-13
0.0013711396179
3.18464438879e-13
0.00137113961801
2.8599646124e-13
0.00137113961812
1.9201687188e-13
0.00137113961823
8.35915898199e-14
0.00137113961834
-3.94193390793e-14
0.00137113961844
-1.09921598715e-13
0.00137113961852
-5.8252047784e-14
0.00137113961855
1.79661404567e-13
0.00137113961852
5.40577818224e-13
0.00137113961842
1.0084255179e-12
1.0914689319e-12
0.00136574923172
0.00117514743255
0.00140086607359
0.000713328350437
0.00140622473067
0.000387450798745
0.00140522086293
0.000133175419173
0.00140365964606
3.7676917772e-05
0.00140334575894
6.26264201987e-06
0.00140318804263
-1.98349380482e-06
0.00140323618133
-1.72593426982e-06
0.00140324700779
-1.21408081403e-06
0.00140326891791
-4.07366543178e-07
0.0014032724211
-1.87422321524e-07
0.00140327618369
-2.62125731546e-08
0.00140327610394
-1.0968042099e-08
0.00140327649524
6.14439124134e-09
0.00140327630711
1.15694856034e-09
0.00140327634012
2.1011445698e-09
0.00140327628754
2.27155592221e-10
0.00140327629509
3.39688357794e-10
0.00140327628538
-3.21185152303e-11
0.00140327628839
3.74920354506e-11
0.00140327628695
-2.07302901695e-11
0.00140327628798
4.65889612616e-12
0.00140327628787
-4.931505399e-12
0.00140327628825
1.46515662691e-12
0.00140327628836
-6.10872749016e-13
0.00140327628857
7.11428359677e-13
0.00140327628872
1.74572623457e-13
0.00140327628888
4.29896044342e-13
0.00140327628902
3.00376313342e-13
0.00140327628915
3.53275401047e-13
0.00140327628927
3.11620521454e-13
0.00140327628938
2.77528841477e-13
0.00140327628949
1.77527957898e-13
0.00140327628961
6.22920615838e-14
0.00140327628972
-7.37059175737e-14
0.00140327628982
-1.46029445355e-13
0.0014032762899
-8.43963169972e-14
0.00140327628993
1.88867444758e-13
0.00140327628991
5.99320169109e-13
0.00140327628981
1.12422552452e-12
1.20182120391e-12
0.00136284997151
0.00103180964895
0.00141081105581
0.000665367272847
0.00142621842091
0.00037204343516
0.00142897935361
0.000130414484688
0.00142870176552
3.79545057584e-05
0.00142858099892
6.38340980489e-06
0.00142839674621
-1.799240756e-06
0.00142838894269
-1.7181308573e-06
0.00142836775575
-1.19289354592e-06
0.00142837546432
-4.15074680874e-07
0.00142837398376
-1.85941549648e-07
0.00142837645269
-2.86813051389e-08
0.00142837618303
-1.06980868682e-08
0.00142837665584
5.6718519006e-09
0.00142837653956
1.27345695509e-09
0.00142837661597
2.02496238725e-09
0.00142837657957
2.63783631908e-10
0.00142837659331
3.2615769059e-10
0.00142837658477
-2.33724988264e-11
0.00142837658801
3.44525017952e-11
0.0014283765864
-1.89315911878e-11
0.00142837658735
3.8903678518e-12
0.00142837658718
-4.5891854236e-12
0.00142837658755
1.26582616656e-12
0.00142837658766
-5.58671144753e-13
0.00142837658788
6.50528618639e-13
0.00142837658803
1.7048792142e-13
0.00142837658819
4.04442192353e-13
0.00142837658833
2.91527168319e-13
0.00142837658847
3.39561007485e-13
0.00142837658859
3.04003474109e-13
0.00142837658871
2.65919532205e-13
0.00142837658882
1.59476762354e-13
0.00142837658894
3.57079111052e-14
0.00142837658905
-1.0877194272e-13
0.00142837658915
-1.77693750611e-13
0.00142837658923
-1.07010804103e-13
0.00142837658926
1.94966209196e-13
0.00142837658924
6.50210686034e-13
0.00142837658915
1.22948385888e-12
1.30541505037e-12
0.00135820131473
0.000893120523336
0.00141661102159
0.000606957571122
0.00144085465364
0.000347799804952
0.00144717903498
0.000124090102071
0.00144817261318
3.69609271835e-05
0.00144826174732
6.29427669566e-06
0.00144806009105
-1.59758399207e-06
0.00144799862035
-1.65666023702e-06
0.00144794586323
-1.14013618455e-06
0.00144793910768
-4.0831869722e-07
0.00144793250181
-1.7933542702e-07
0.00144793357119
-2.97505035332e-08
0.00144793308329
-1.02099056577e-08
0.00144793362315
5.13226484658e-09
0.00144793357803
1.31880593983e-09
0.00144793369713
1.9060759972e-09
0.00144793367765
2.83504034467e-10
0.00144793369767
3.06355116017e-10
0.00144793369049
-1.59852206768e-11
0.00144793369396
3.11813564234e-11
0.00144793369221
-1.69910204515e-11
0.00144793369308
3.2057571645e-12
0.00144793369285
-4.18829012113e-12
0.00144793369321
1.07643018736e-12
0.00144793369331
-4.98306467124e-13
0.00144793369353
5.82491557499e-13
0.00144793369368
1.66707547574e-13
0.00144793369385
3.72484699352e-13
0.001447933694
2.7200151028e-13
0.00144793369413
3.22764031624e-13
0.00144793369426
2.91570058297e-13
0.00144793369438
2.53019273023e-13
0.0014479336945
1.45190417049e-13
0.00144793369461
8.16598336335e-15
0.00144793369472
-1.44291400724e-13
0.00144793369482
-2.12624956901e-13
0.0014479336949
-1.32945718134e-13
0.00144793369494
2.03743342566e-13
0.00144793369492
6.98211862197e-13
0.00144793369484
1.32355047857e-12
1.4023629875e-12
0.00135278878294
0.000759843930918
0.00141958755328
0.000540158804328
0.00145144386921
0.000315943490999
0.00146104143201
0.000114492538529
0.00146324622647
3.47561322012e-05
0.00146355004618
5.99045779954e-06
0.00146333829556
-1.38583275862e-06
0.00146322683029
-1.54519496107e-06
0.00146314390008
-1.05720580277e-06
0.00146312298707
-3.87405270635e-07
0.00146311131281
-1.67660883687e-07
0.00146311095092
-2.93884298798e-08
0.0014631102283
-9.48702655362e-09
0.00146311082237
4.53847424869e-09
0.0014631108451
1.29631585473e-09
0.00146311100508
1.74631947552e-09
0.00146311100241
2.86391313301e-10
0.0014631110286
2.80383505528e-10
0.00146311102287
-1.00460990642e-11
0.00146311102658
2.76680812304e-11
0.00146311102471
-1.49363260645e-11
0.0014631110255
2.59507445991e-12
0.00146311102522
-3.73471728515e-12
0.00146311102556
9.10086277865e-13
0.00146311102566
-4.35436801396e-13
0.00146311102588
5.15899809213e-13
0.00146311102604
1.58108104195e-13
0.00146311102621
3.38112736601e-13
0.00146311102635
2.52062089582e-13
0.00146311102649
3.03678368746e-13
0.00146311102662
2.7911413912e-13
0.00146311102674
2.36103404677e-13
0.00146311102686
1.23515260714e-13
0.00146311102697
-1.66560534828e-14
0.00146311102708
-1.74827814228e-13
0.00146311102718
-2.42797891732e-13
0.00146311102726
-1.54260704293e-13
0.0014631110273
2.09669133637e-13
0.00146311102729
7.38783288252e-13
0.00146311102722
1.41200656811e-12
1.49130959988e-12
0.00134728316496
0.000632072958497
0.001420722616
0.000466719355321
0.00145900125776
0.000277664851171
0.00147151765193
0.000101976144149
0.0014748355478
3.14382357455e-05
0.00147534784974
5.47815645143e-06
0.00147513150076
-1.16948310382e-06
0.00147497481437
-1.38850848028e-06
0.00147486396296
-9.4635427775e-07
0.00147482970909
-3.53151012743e-07
0.00147481321302
-1.51164500962e-07
0.00147481145713
-2.76323444945e-08
0.00147481049649
-8.52613823882e-09
0.00147481113352
3.9017287797e-09
0.00147481121869
1.21138486684e-09
0.00147481141661
1.54860868478e-09
0.00147481142999
2.73242588252e-10
0.00147481146203
2.48559607167e-10
0.00147481145774
-5.5517257394e-12
0.00147481146169
2.39180775167e-11
0.00147481145972
-1.27812602456e-11
0.00147481146043
2.06433819054e-12
0.0014748114601
-3.23442795321e-12
0.00147481146043
7.53539505008e-13
0.00147481146052
-3.62315626082e-13
0.00147481146074
4.48819136805e-13
0.0014748114609
1.48145847545e-13
0.00147481146107
3.03090634879e-13
0.00147481146122
2.33836618906e-13
0.00147481146137
2.78912924471e-13
0.0014748114615
2.61501367648e-13
0.00147481146162
2.21720122343e-13
0.00147481146174
1.04669125585e-13
0.00147481146185
-4.30303661981e-14
0.00147481146196
-2.07479207971e-13
0.00147481146205
-2.7521286353e-13
0.00147481146213
-1.76055657521e-13
0.00147481146217
2.12296135184e-13
0.00147481146216
7.72106782607e-13
0.00147481146211
1.48809012109e-12
1.56519459353e-12
0.00134213529659
0.000509449855451
0.00142074039968
0.000388114252921
0.00146430681316
0.000234098439447
0.00147934286234
8.69400952327e-05
0.00148364565235
2.71354451782e-05
0.00148435057387
4.77323530487e-06
0.00148413342561
-9.52334145105e-07
0.00148393716247
-1.19224515335e-06
0.00148380139182
-8.10583528458e-07
0.00148375506335
-3.0682220363e-07
0.00148373416676
-1.30267574522e-07
0.0014837311169
-2.45822678185e-08
0.00148372992819
-7.33720282345e-09
0.00148373059844
3.23174417851e-09
0.001483730739
1.0710671192e-09
0.00148373097093
1.31690132769e-09
0.00148373099894
2.45455988537e-10
0.00148373103633
2.11396070167e-10
0.0014837310334
-2.41823572538e-12
0.00148373103757
1.99433362838e-11
0.00148373103552
-1.05468182292e-11
0.00148373103616
1.6068196624e-12
0.00148373103579
-2.69205241003e-12
0.0014837310361
6.15148163829e-13
0.00148373103619
-2.87508685669e-13
0.00148373103641
3.79871358613e-13
0.00148373103657
1.35074591789e-13
0.00148373103674
2.65217200192e-13
0.0014837310369
2.13589348566e-13
0.00148373103704
2.52260372355e-13
0.00148373103717
2.40461400447e-13
0.0014837310373
1.9909985005e-13
0.00148373103741
8.64290199834e-14
0.00148373103753
-7.01445372332e-14
0.00148373103763
-2.3766962858e-13
0.00148373103773
-3.05547307674e-13
0.0014837310378
-1.91630456647e-13
0.00148373103784
2.13190174923e-13
0.00148373103784
8.03494237664e-13
0.0014837310378
1.54674940026e-12
1.62524077676e-12
0.00133764346281
0.00039131858757
0.00142016929729
0.000305588418014
0.00146795250455
0.000186315233664
0.00148507865645
6.98139439782e-05
0.00149021490222
2.19991989719e-05
0.00149108840348
3.89973423445e-06
0.00149087274692
-7.36676919717e-07
0.00149064323786
-9.62735809116e-07
0.00149048619131
-6.53536884901e-07
0.00149042944168
-2.50072281699e-07
0.00149040472087
-1.05546410039e-07
0.00149040053245
-2.03936055817e-08
0.0014903991381
-5.94263737666e-09
0.00149039983331
2.53680660313e-09
0.00149040002088
8.83746730456e-10
0.00149040028195
1.05605105825e-09
0.00149040032267
2.04960616079e-10
0.0014904003647
1.69586120326e-10
0.00149040036298
-4.92722954365e-13
0.00149040036735
1.5764717675e-11
0.00149040036524
-8.24792785401e-12
0.00149040036582
1.20423370667e-12
0.00149040036541
-2.11197775616e-12
0.00149040036571
4.85902212221e-13
0.00149040036579
-2.08971706838e-13
0.00149040036601
3.09932202709e-13
0.00149040036617
1.22072480346e-13
0.00149040036635
2.26816725646e-13
0.0014904003665
1.90016518105e-13
0.00149040036665
2.24225899914e-13
0.00149040036678
2.18553419505e-13
0.00149040036691
1.81019781293e-13
0.00149040036703
6.71247730079e-14
0.00149040036714
-9.58681627138e-14
0.00149040036724
-2.64471821726e-13
0.00149040036733
-3.32345737255e-13
0.00149040036741
-2.11883365384e-13
0.00149040036745
2.12739559708e-13
0.00149040036746
8.27899316093e-13
0.00149040036742
1.59476026382e-12
1.67631056187e-12
0.00133400103816
0.000276829745517
0.00141938827161
0.000220201183304
0.00147037874652
0.00013532475989
0.00148914558362
5.10471078033e-05
0.00149494638815
1.61983941673e-05
0.00149595778566
2.88833676415e-06
0.0014957446395
-5.23530153709e-07
0.00149548874783
-7.06843770339e-07
0.00149531459827
-4.79387217871e-07
0.00149524940285
-1.84876613804e-07
0.00149522156574
-7.77089493285e-08
0.00149521644112
-1.52687243862e-08
0.00149521487456
-4.37585911079e-09
0.00149521558772
1.82391194178e-09
0.0014952158129
6.58823010996e-10
0.00149521609747
7.71698787498e-10
0.00149521614853
1.54121321676e-10
0.00149521619435
1.23985734097e-10
0.00149521619363
4.28475480386e-13
0.00149521619818
1.14152472907e-11
0.00149521619601
-5.89713582937e-12
0.00149521619654
8.53949105154e-13
0.00149521619611
-1.49678761169e-12
0.00149521619639
3.66937818034e-13
0.00149521619648
-1.27856431095e-13
0.0014952161967
2.41959888575e-13
0.00149521619686
1.03968537291e-13
0.00149521619703
1.85637990615e-13
0.00149521619719
1.62670937833e-13
0.00149521619734
2.00449771579e-13
0.00149521619747
2.00499492592e-13
0.0014952161976
1.59492346825e-13
0.00149521619771
4.88136404206e-14
0.00149521619782
-1.18249467362e-13
0.00149521619792
-2.87662782133e-13
0.00149521619801
-3.58053695799e-13
0.00149521619809
-2.27940019082e-13
0.00149521619813
2.09636899042e-13
0.00149521619814
8.4232106665e-13
0.00149521619813
1.63454262126e-12
1.71303364312e-12
0.0013313297598
0.000165012183242
0.0014186609079
0.000132870033402
0.00147190197283
8.20836957344e-05
0.00149184763844
3.1101443294e-05
0.00149813150042
9.91453209465e-06
0.00149924499646
1.77484067164e-06
0.00149903437152
-3.12904698443e-07
0.00149875935907
-4.31830901771e-07
0.00149857269442
-2.92722431194e-07
0.00149850128248
-1.13464455765e-07
0.00149847114232
-4.75684464957e-08
0.00149846532143
-9.44756241443e-09
0.00149846362512
-2.67932508005e-09
0.00149846435029
1.09899951773e-09
0.00149846460287
4.06487698211e-10
0.0014984649047
4.70105431499e-10
0.00149846496339
9.5644348526e-11
0.00149846501201
7.55847085566e-11
0.00149846501204
6.02578387498e-13
0.00149846501671
6.93926051987e-12
0.00149846501452
-3.51111423313e-12
0.00149846501501
5.3590325292e-13
0.00149846501455
-8.63382795708e-13
0.00149846501483
2.56976138784e-13
0.00149846501491
-4.57719744419e-14
0.00149846501513
1.71759307957e-13
0.00149846501529
8.65643557725e-14
0.00149846501547
1.47679870684e-13
0.00149846501563
1.41136242263e-13
0.00149846501577
1.72291834644e-13
0.00149846501591
1.73877755038e-13
0.00149846501604
1.3365744643e-13
0.00149846501615
2.70141620831e-14
0.00149846501626
-1.38955055952e-13
0.00149846501636
-3.09618110638e-13
0.00149846501645
-3.75063405039e-13
0.00149846501652
-2.43509853227e-13
0.00149846501656
2.070630877e-13
0.00149846501658
8.51164000977e-13
0.00149846501658
1.65807135114e-12
1.73710059399e-12
0.00132970236863
5.48220122464e-05
0.00141815957755
4.44128224226e-05
0.00147273469775
2.75085759747e-05
0.00149339003001
1.04461121969e-05
0.00149996697574
3.33758647098e-06
0.00150114315885
5.98657466326e-07
0.00150093433882
-1.04084258734e-07
0.00150064774477
-1.45236398535e-07
0.00150045345121
-9.8428699353e-08
0.00150037823537
-3.82484130811e-08
0.00150034668218
-1.60149346629e-08
0.0015003404324
-3.19749382457e-09
0.00150033865548
-9.02178978538e-10
0.00150033938752
3.67195629517e-10
0.00150033965678
1.37489378092e-10
0.00150033996913
1.57979659928e-10
0.00150034003251
3.24810242677e-11
0.00150034008285
2.54599896999e-11
0.00150034008334
3.17399719589e-13
0.00150034008809
2.38146947052e-12
0.00150034008588
-1.1054823939e-12
0.00150034008635
2.42481520637e-13
0.00150034008588
-2.21771917855e-13
0.00150034008615
1.47300352607e-13
0.00150034008623
3.80763679973e-14
0.00150034008645
1.00909865842e-13
0.00150034008661
6.97238275899e-14
0.00150034008679
9.79558307242e-14
0.00150034008694
1.13938803608e-13
0.00150034008709
1.45590485426e-13
0.00150034008723
1.51858914182e-13
0.00150034008736
1.10375439423e-13
0.00150034008747
7.54924504297e-15
0.00150034008758
-1.63138999933e-13
0.00150034008768
-3.2894392221e-13
0.00150034008776
-3.88854471559e-13
0.00150034008783
-2.59484951925e-13
0.00150034008787
2.0159363001e-13
0.0015003400879
8.56451453194e-13
0.00150034008791
1.66874066569e-12
1.7489372329e-12
0.00132915622883
-5.48220186248e-05
0.00141798187955
-4.44128303686e-05
0.00147299902608
-2.75085704048e-05
0.00149389124895
-1.04461095453e-05
0.00150056642206
-3.33758636023e-06
0.00150176373633
-5.98656898978e-07
0.00150155556659
1.04085800384e-07
0.00150126509394
1.45236721782e-07
0.00150106823739
9.84280825434e-08
0.00150099174117
3.82479904725e-08
0.00150095971173
1.60148110066e-08
0.00150095331711
3.19741765666e-09
0.00150095151287
9.02297095023e-10
0.00150095224714
-3.66844170078e-10
0.00150095252198
-1.37103686274e-10
0.00150095283788
-1.57684463955e-10
0.00150095290284
-3.22564274242e-11
0.00150095295376
-2.52482064916e-11
0.00150095295441
-1.30733934585e-13
0.00150095295919
-2.20408976531e-12
0.00150095295696
1.30272403155e-12
0.00150095295743
-4.33475681131e-14
0.00150095295695
4.28362500999e-13
0.00150095295722
4.42580486949e-14
0.0015009529573
1.21396879011e-13
0.00150095295752
3.05302246959e-14
0.00150095295768
5.1363565457e-14
0.00150095295786
5.09822234416e-14
0.00150095295801
8.92795263172e-14
0.00150095295817
1.14992218417e-13
0.0015009529583
1.27529066896e-13
0.00150095295843
8.23349349906e-14
0.00150095295855
-1.69393045478e-14
0.00150095295865
-1.80009332863e-13
0.00150095295874
-3.4444505257e-13
0.00150095295882
-4.05949998363e-13
0.00150095295889
-2.65729836414e-13
0.00150095295894
1.91145081637e-13
0.00150095295897
8.52193658198e-13
0.001500952959
1.66879571467e-12
1.74743229807e-12
0.00132970236902
-0.000165012189643
0.00141815957776
-0.000132870040998
0.00147273469751
-8.20836902285e-05
0.00149339002984
-3.11014408512e-05
0.00149996697584
-9.91453194117e-06
0.00150114315891
-1.77484001675e-06
0.00150093433876
3.12906183562e-07
0.00150064774475
4.31831181728e-07
0.00150045345125
2.92721861772e-07
0.00150037823538
1.13464053845e-07
0.00150034668216
4.75683089372e-08
0.00150034043239
9.44749017387e-09
0.00150033865549
2.67944910975e-09
0.00150033938752
-1.09864534383e-09
0.00150033965677
-4.06106794553e-10
0.00150033996914
-4.69811115214e-10
0.00150034003251
-9.54159834691e-11
0.00150034008285
-7.53775705277e-11
0.00150034008334
-4.25489997889e-13
0.00150034008809
-6.76275757129e-12
0.00150034008588
3.70522192713e-12
0.00150034008635
-3.39811782837e-13
0.00150034008588
1.06833166984e-12
0.00150034008615
-6.47567250871e-14
0.00150034008623
2.06000983055e-13
0.00150034008645
-3.75791966939e-14
0.00150034008661
3.34317966854e-14
0.00150034008679
6.02696656233e-15
0.00150034008694
6.17702902798e-14
0.0015003400871
8.38061296796e-14
0.00150034008723
9.8922669284e-14
0.00150034008736
5.76345877636e-14
0.00150034008748
-3.40502787594e-14
0.00150034008758
-1.97218458273e-13
0.00150034008767
-3.55967487452e-13
0.00150034008774
-4.16692568768e-13
0.0015003400878
-2.734797868e-13
0.00150034008786
1.82281076109e-13
0.0015003400879
8.38468465507e-13
0.00150034008794
1.65160049806e-12
1.73648359107e-12
0.0013313297606
-0.000276829751929
0.00141866090828
-0.000220201190235
0.00147190197235
-0.000135324754517
0.00149184763813
-5.10471057613e-05
0.00149813150063
-1.61983939206e-05
0.00149924499658
-2.88833595104e-06
0.00149903437141
5.23531529485e-07
0.00149875935903
7.06843978684e-07
0.00149857269449
4.79386719454e-07
0.0014985012825
1.84876249638e-07
0.00149847114228
7.77087856367e-08
0.00149846532143
1.52686461618e-08
0.00149846362513
4.3760019473e-09
0.00149846435028
-1.82356761062e-09
0.00149846460287
-6.58455601613e-10
0.0014984649047
-7.71404457772e-10
0.0014984649634
-1.53895605027e-10
0.00149846501201
-1.23790147293e-10
0.00149846501204
-2.55574309935e-13
0.00149846501671
-1.12417947911e-11
0.00149846501452
6.08676061598e-12
0.00149846501501
-6.55828612901e-13
0.00149846501455
1.69856524347e-12
0.00149846501483
-1.81963761908e-13
0.00149846501491
2.88752229213e-13
0.00149846501513
-1.04755752622e-13
0.00149846501529
1.95053357749e-14
0.00149846501547
-3.73840990981e-14
0.00149846501563
3.09820149367e-14
0.00149846501578
5.37445104665e-14
0.00149846501592
7.70650248258e-14
0.00149846501604
3.5984073052e-14
0.00149846501616
-5.48510979004e-14
0.00149846501626
-2.10239069158e-13
0.00149846501634
-3.63768485468e-13
0.00149846501641
-4.22103282547e-13
0.00149846501647
-2.82233215434e-13
0.00149846501653
1.67797740413e-13
0.00149846501658
8.17070648818e-13
0.00149846501663
1.62051124247e-12
1.70756911147e-12
0.00133400103943
-0.000391318593925
0.00141938827208
-0.000305588424037
0.0014703787458
-0.000186315228501
0.00148914558321
-6.98139424856e-05
0.00149494638846
-2.19991985868e-05
0.00149595778582
-3.89973320495e-06
0.00149574463935
7.36678132886e-07
0.00149548874779
9.62735916092e-07
0.00149531459837
6.53536485443e-07
0.00149524940287
2.50071961915e-07
0.00149522156569
1.05546205777e-07
0.00149521644111
2.03935290108e-08
0.00149521487458
5.94279839264e-09
0.00149521558771
-2.53647027488e-09
0.00149521581289
-8.83398246638e-10
0.00149521609748
-1.05576040811e-09
0.00149521614854
-2.0473301317e-10
0.00149521619435
-1.69391757709e-10
0.00149521619363
6.59932615721e-13
0.00149521619818
-1.55897458159e-11
0.00149521619601
8.43452873907e-12
0.00149521619654
-1.00926786946e-12
0.00149521619611
2.30682877028e-12
0.00149521619639
-3.03551482232e-13
0.00149521619648
3.65108961883e-13
0.0014952161967
-1.80516558044e-13
0.00149521619686
8.2476893233e-15
0.00149521619704
-7.66702710077e-14
0.00149521619719
3.17796471314e-15
0.00149521619734
2.19918067738e-14
0.00149521619748
4.83032370558e-14
0.00149521619761
1.01042907298e-14
0.00149521619772
-7.30242125063e-14
0.00149521619782
-2.23487107953e-13
0.0014952161979
-3.69638517602e-13
0.00149521619797
-4.27554365424e-13
0.00149521619802
-2.83900378718e-13
0.00149521619808
1.530671568e-13
0.00149521619814
7.87473958695e-13
0.0014952161982
1.57783771558e-12
1.66923476877e-12
0.00133764346463
-0.000509449861589
0.00142016929775
-0.00038811425788
0.00146795250359
-0.000234098434598
0.00148507865599
-8.69400943831e-05
0.00149021490261
-2.71354446171e-05
0.00149108840365
-4.77323404398e-06
0.00149087274674
9.52335155399e-07
0.00149064323784
1.19224514918e-06
0.00149048619143
8.10583254065e-07
0.0014904294417
3.06821933435e-07
0.00149040472081
1.30267323755e-07
0.00149040053244
2.45821959554e-08
0.00149039913811
7.33739215917e-09
0.00149039983329
-3.2314218851e-09
0.00149040002087
-1.07074073107e-09
0.00149040028196
-1.3166133653e-09
0.00149040032268
-2.45224520251e-10
0.0014904003647
-2.11207398331e-10
0.00149040036298
2.57836754908e-12
0.00149040036735
-1.97704109727e-11
0.00149040036524
1.07300625267e-11
0.00149040036582
-1.40939554385e-12
0.00149040036541
2.88361465012e-12
0.00149040036571
-4.35760172946e-13
0.00149040036579
4.39436518343e-13
0.00149040036602
-2.49332985015e-13
0.00149040036617
-9.76316469034e-15
0.00149040036635
-1.19724944389e-13
0.0014904003665
-2.48571581254e-14
0.00149040036666
-1.05054150059e-14
0.00149040036679
2.36252869188e-14
0.00149040036692
-1.44559282708e-14
0.00149040036703
-9.55983086908e-14
0.00149040036713
-2.30906581867e-13
0.00149040036721
-3.73840881849e-13
0.00149040036727
-4.28271089228e-13
0.00149040036732
-2.89540837424e-13
0.00149040036738
1.36700965274e-13
0.00149040036745
7.51672684471e-13
0.00149040036752
1.52100736264e-12
1.61455521125e-12
0.00134213529905
-0.000632072964191
0.0014207404
-0.000466719359157
0.00146430681198
-0.000277664846742
0.00147934286189
-0.00010197614396
0.0014836456528
-3.14382349723e-05
0.00148435057402
-5.47815497086e-06
0.00148413342541
1.16948388499e-06
0.00148393716247
1.38850837222e-06
0.00148380139195
9.46354128892e-07
0.00148375506335
3.53150790106e-07
0.00148373416669
1.51164213417e-07
0.00148373111688
2.76322812798e-08
0.0014837299282
8.52635261577e-09
0.00148373059843
-3.90141455901e-09
0.001483730739
-1.21107352204e-09
0.00148373097094
-1.54832442244e-09
0.00148373099895
-2.73010846778e-10
0.00148373103633
-2.48379896176e-10
0.0014837310334
5.70673110569e-12
0.00148373103757
-2.37520797484e-11
0.00148373103552
1.29621641215e-11
0.00148373103616
-1.87503266627e-12
0.00148373103579
3.42213402684e-12
0.0014837310361
-5.84163456753e-13
0.00148373103619
5.12556388648e-13
0.00148373103641
-3.19450519903e-13
0.00148373103657
-2.31094220537e-14
0.00148373103675
-1.61631354532e-13
0.0014837310369
-5.161056414e-14
0.00148373103705
-4.52626084715e-14
0.00148373103718
-8.31112903409e-16
0.00148373103731
-3.54869454464e-14
0.00148373103742
-1.08075197418e-13
0.00148373103751
-2.4132866796e-13
0.00148373103759
-3.74158322394e-13
0.00148373103765
-4.22638777996e-13
0.0014837310377
-2.87670569375e-13
0.00148373103776
1.20965332617e-13
0.00148373103783
7.08687205471e-13
0.00148373103792
1.45150942189e-12
1.54749800643e-12
0.0013472831681
-0.000759843935856
0.00142072261605
-0.000540158807101
0.00145900125638
-0.000315943487115
0.00147151765158
-0.000114492538947
0.0014748355483
-3.47561311991e-05
0.00147534784983
-5.99045615115e-06
0.00147513150056
1.38583330659e-06
0.0014749748144
1.54519478611e-06
0.00147486396309
1.05720578394e-06
0.00147482970908
3.87405087218e-07
0.00147481321296
1.67660564911e-07
0.00147481145713
2.93883821623e-08
0.00147481049649
9.48725958952e-09
0.0014748111335
-4.53817859019e-09
0.00147481121868
-1.29602529718e-09
0.00147481141662
-1.74603739658e-09
0.00147481143
-2.86160498178e-10
0.00147481146204
-2.80210644867e-10
0.00147481145774
1.01982497648e-11
0.00147481146169
-2.75002006379e-11
0.00147481145972
1.5111439993e-11
0.00147481146043
-2.4112738965e-12
0.0014748114601
3.91626383439e-12
0.00147481146043
-7.4437960005e-13
0.00147481146052
5.77478376505e-13
0.00147481146074
-3.89504597805e-13
0.0014748114609
-3.6062290268e-14
0.00147481146107
-1.98904649305e-13
0.00147481146123
-7.38269144147e-14
0.00147481146138
-7.64282135133e-14
0.00147481146151
-2.98598049038e-14
0.00147481146164
-5.74451869895e-14
0.00147481146175
-1.2635285264e-13
0.00147481146184
-2.47821267858e-13
0.00147481146191
-3.71039283779e-13
0.00147481146196
-4.16448680172e-13
0.00147481146201
-2.87653632306e-13
0.00147481146207
1.01875364351e-13
0.00147481146215
6.61167173122e-13
0.00147481146225
1.36932920847e-12
1.47053004794e-12
0.0013527887868
-0.000893120527165
0.00141958755296
-0.000606957573003
0.00145144386766
-0.00034779980172
0.00146104143181
-0.000124090102977
0.00146324622698
-3.69609259514e-05
0.00146355004619
-6.2942749593e-06
0.00146333829538
1.59758430744e-06
0.00146322683036
1.6566600286e-06
0.0014631439002
1.14013627358e-06
0.00146312298705
4.08318538152e-07
0.00146311131276
1.79335095022e-07
0.00146311095091
2.97504795904e-08
0.0014631102283
1.02101534752e-08
0.00146311082235
-5.1319893103e-09
0.00146311084509
-1.31853159033e-09
0.00146311100509
-1.90580179588e-09
0.00146311100243
-2.83274579559e-10
0.00146311102861
-3.06184985694e-10
0.00146311102287
1.61323411956e-11
0.00146311102658
-3.10174693453e-11
0.00146311102471
1.71661520898e-11
0.0014631110255
-3.02701967123e-12
0.00146311102522
4.35936649152e-12
0.00146311102556
-9.21268627116e-13
0.00146311102566
6.37971331232e-13
0.00146311102588
-4.584461868e-13
0.00146311102603
-4.79522592249e-14
0.00146311102621
-2.34428768292e-13
0.00146311102636
-9.96076520713e-14
0.00146311102651
-1.04787404257e-13
0.00146311102664
-5.80209088003e-14
0.00146311102676
-8.25512917836e-14
0.00146311102687
-1.4096194694e-13
0.00146311102696
-2.50324009131e-13
0.00146311102703
-3.60962292735e-13
0.00146311102708
-4.06230042383e-13
0.00146311102713
-2.83969606525e-13
0.00146311102719
8.40501804001e-14
0.00146311102727
6.08039054268e-13
0.00146311102738
1.27363171987e-12
1.38679036418e-12
0.00135820131928
-0.00103180965131
0.00141661102079
-0.000665367274091
0.00144085465198
-0.00037204343267
0.00144717903498
-0.000130414485894
0.00144817261368
-3.79545043091e-05
0.00144826174723
-6.3834080907e-06
0.0014480600909
1.7992408703e-06
0.00144799862047
1.71813066136e-06
0.00144794586333
1.19289372308e-06
0.00144793910765
4.15074535273e-07
0.00144793250177
1.85941220158e-07
0.00144793357118
2.86813097647e-08
0.00144793308327
1.06983376535e-08
0.00144793362313
-5.67159638729e-09
0.00144793357803
-1.27319459586e-09
0.00144793369715
-2.02469528135e-09
0.00144793367766
-2.63561567111e-10
0.00144793369768
-3.25994652152e-10
0.00144793369049
2.35153299423e-11
0.00144793369396
-3.42979185977e-11
0.00144793369221
1.90973818951e-11
0.00144793369308
-3.72340639279e-12
0.00144793369285
4.75473821163e-12
0.00144793369321
-1.10869393802e-12
0.00144793369331
6.93424290612e-13
0.00144793369353
-5.24386722755e-13
0.00144793369368
-5.3390561022e-14
0.00144793369385
-2.69334003271e-13
0.001447933694
-1.2364526147e-13
0.00144793369415
-1.3209827167e-13
0.00144793369428
-8.35071640193e-14
0.0014479336944
-1.02536428646e-13
0.00144793369451
-1.52216680356e-13
0.00144793369459
-2.52862645121e-13
0.00144793369466
-3.53438297607e-13
0.00144793369471
-3.92926676824e-13
0.00144793369475
-2.767273488e-13
0.00144793369481
6.46870521952e-14
0.0014479336949
5.52055014941e-13
0.00144793369502
1.17026652758e-12
1.29078561077e-12
0.00136284997669
-0.00117514743312
0.00141081105446
-0.000713328351374
0.0014262184192
-0.000387450797045
0.00142897935385
-0.000133175420461
0.00142870176596
-3.76769161587e-05
0.00142858099873
-6.26264044769e-06
0.00142839674611
1.98349376205e-06
0.00142838894285
1.72593413217e-06
0.00142836775582
1.214081035e-06
0.00142837546427
4.073663881e-07
0.00142837398374
1.8742201501e-07
0.00142837645269
2.62126063776e-08
0.001428376183
1.09682857064e-08
0.00142837665582
-6.14416097281e-09
0.00142837653956
-1.15670057437e-09
0.00142837661598
-2.10088703772e-09
0.00142837657958
-2.26943120454e-10
0.00142837659332
-3.3953241639e-10
0.00142837658478
3.22577456601e-11
0.00142837658801
-3.7339455448e-11
0.0014283765864
2.08858377907e-11
0.00142837658735
-4.49551091825e-12
0.00142837658718
5.09344836526e-12
0.00142837658755
-1.31428947754e-12
0.00142837658766
7.44853542289e-13
0.00142837658788
-5.89656000272e-13
0.00142837658803
-5.87917009613e-14
0.00142837658819
-3.01101714963e-13
0.00142837658834
-1.41293775333e-13
0.00142837658848
-1.56258287887e-13
0.00142837658861
-1.04007818865e-13
0.00142837658873
-1.27940248284e-13
0.00142837658884
-1.68354078216e-13
0.00142837658892
-2.50450454683e-13
0.00142837658898
-3.4084946136e-13
0.00142837658903
-3.76085086003e-13
0.00142837658907
-2.67101535972e-13
0.00142837658913
4.29452765417e-14
0.00142837658922
4.94214708943e-13
0.00142837658935
1.06057498286e-12
1.18556686712e-12
0.00136574923739
-0.00132138447527
0.00140086607168
-0.00074844518518
0.001406224729
-0.000392809453909
0.00140522086342
-0.000132171554755
0.00140365964642
-3.61156989567e-05
0.00140334575864
-5.94875227551e-06
0.0014031880426
2.14121012276e-06
0.00140323618153
1.67779541345e-06
0.00140324700783
1.20325499753e-06
0.00140326891786
3.85456675627e-07
0.00140327242109
1.83919053738e-07
0.00140327618369
2.24502563725e-08
0.00140327610391
1.10483287256e-08
0.00140327649522
-6.53521813904e-09
0.00140327630711
-9.68363891114e-10
0.00140327634013
-2.13367992404e-09
0.00140327628755
-1.74146970669e-10
0.0014032762951
-3.46869488546e-10
0.00140327628539
4.21697605566e-11
0.00140327628839
-4.01546109683e-11
0.00140327628695
2.25109477602e-11
0.00140327628797
-5.3401934399e-12
0.00140327628786
5.37292187006e-12
0.00140327628825
-1.53451696458e-12
0.00140327628836
7.88143493435e-13
0.00140327628857
-6.5177112075e-13
0.00140327628872
-5.92903974717e-14
0.00140327628888
-3.32384415891e-13
0.00140327628902
-1.61186793743e-13
0.00140327628916
-1.78292857327e-13
0.00140327628929
-1.21779133593e-13
0.00140327628941
-1.41673736705e-13
0.00140327628951
-1.76573270916e-13
0.00140327628959
-2.50791492367e-13
0.00140327628965
-3.23849669366e-13
0.00140327628969
-3.53395541837e-13
0.00140327628973
-2.57730302095e-13
0.00140327628979
2.35330776621e-14
0.00140327628989
4.32389776254e-13
0.00140327629002
9.47080118419e-13
1.07173103805e-12
0.00136546589121
-0.00146733817176
0.00138500770017
-0.000767986993729
0.00137919228751
-0.000386994040737
0.00137434205985
-0.000127321326904
0.00137154271728
-3.33163562242e-05
0.00137106490806
-5.4709427102e-06
0.00137094454889
2.2615696292e-06
0.00137104911441
1.57323012405e-06
0.00137109135352
1.16101614454e-06
0.0013711265727
3.50237790227e-07
0.00137113471887
1.75773164342e-07
0.00137113959072
1.75786531496e-08
0.00137113966361
1.09756892762e-08
0.00137113995723
-6.82857993439e-09
0.00137113970002
-7.10918815503e-10
0.00137113969
-2.12343088274e-09
0.00137113962291
-1.06835369111e-10
0.0013711396245
-3.48250054663e-10
0.00137113961394
5.29327248314e-11
0.00137113961671
-4.27341284507e-11
0.00137113961547
2.39192096201e-11
0.00137113961656
-6.24577043569e-12
0.00137113961651
5.58403797213e-12
0.0013711396169
-1.75755723379e-12
0.00137113961701
8.27912830863e-13
0.00137113961722
-7.09335370579e-13
0.00137113961736
-5.9277041578e-14
0.00137113961752
-3.5541769897e-13
0.00137113961766
-1.71236235418e-13
0.00137113961779
-1.98514147555e-13
0.00137113961792
-1.40999339804e-13
0.00137113961804
-1.59957329443e-13
0.00137113961814
-1.80983118839e-13
0.00137113961821
-2.47777528025e-13
0.00137113961827
-3.0548821371e-13
0.00137113961831
-3.27843461074e-13
0.00137113961834
-2.45452194904e-13
0.0013711396184
5.2617540081e-15
0.0013711396185
3.68443059273e-13
0.00137113961864
8.23204289327e-13
9.52515860546e-13
0.00135993284754
-0.00160775882455
0.00136088140889
-0.000768935554748
0.00134297469335
-0.000369087324681
0.00133435306218
-0.000118699695475
0.00133043039895
-2.93936928412e-05
0.00132982973427
-4.87027771878e-06
0.00132975891238
2.33239187064e-06
0.00132991806742
1.41407534279e-06
0.00132999000138
1.08908243028e-06
0.00133003694187
3.03297584908e-07
0.00133004920113
1.6351419988e-07
0.0013300549153
1.1864726223e-08
0.00133005510003
1.07912124059e-08
0.00133005527773
-7.00601840036e-09
0.00133005495869
-3.91650277287e-10
0.00133005490688
-2.07139269731e-09
0.00133005482807
-2.78106879504e-11
0.00133005482403
-3.43997166699e-10
0.00133005481309
6.40791482088e-11
0.00133005481558
-4.50430178068e-11
0.00133005481461
2.50702881893e-11
0.00133005481572
-7.18251303036e-12
0.00133005481574
5.73347370661e-12
0.00133005481612
-1.97875542683e-12
0.00133005481625
8.66736090323e-13
0.00133005481644
-7.62206781296e-13
0.00133005481658
-5.62173026334e-14
0.00133005481673
-3.73765145568e-13
0.00133005481687
-1.80094026367e-13
0.001330054817
-2.14492200221e-13
0.00133005481712
-1.58515874237e-13
0.00133005481723
-1.67471906975e-13
0.00133005481733
-1.84502823738e-13
0.0013300548174
-2.39569160839e-13
0.00133005481745
-2.87344410491e-13
0.00133005481749
-3.05163672111e-13
0.00133005481753
-2.23622471933e-13
0.00133005481759
-9.46089354646e-15
0.00133005481768
3.05501934076e-13
0.00133005481782
6.99364423419e-13
8.2974346903e-13
0.00134618854197
-0.00173443517165
0.00132536615168
-0.000748113164228
0.0012948440052
-0.000338565177699
0.00128272355353
-0.00010657924349
0.00127787327918
-2.45434183372e-05
0.00127720058513
-4.19758338989e-06
0.00127719228527
2.3406920867e-06
0.00127740114396
1.20521692761e-06
0.00127749989416
9.90332466545e-07
0.00127755619578
2.4699624532e-07
0.00127757187526
1.47835004257e-07
0.00127757807751
5.66273391871e-09
0.00127757833823
1.05307346403e-08
0.00127757837891
-7.04645475915e-09
0.00127757801151
-2.399822887e-11
0.00127757791966
-1.97932191912e-09
0.0012775778333
5.87618926903e-11
0.00127757782391
-3.34398028825e-10
0.00127757781326
7.49301507105e-11
0.00127757781538
-4.69861078524e-11
0.00127757781475
2.58860125228e-11
0.00127757781584
-8.09923963393e-12
0.00127757781593
5.80998468306e-12
0.0012775778163
-2.18234256242e-12
0.00127757781643
8.96106698847e-13
0.00127757781662
-7.95435524938e-13
0.00127757781675
-4.98835738124e-14
0.00127757781689
-3.81400599914e-13
0.00127757781702
-1.81788137311e-13
0.00127757781715
-2.26097189313e-13
0.00127757781726
-1.66161457864e-13
0.00127757781737
-1.7591092387e-13
0.00127757781747
-1.84588201671e-13
0.00127757781754
-2.25509699125e-13
0.00127757781758
-2.64899603086e-13
0.00127757781762
-2.75094527146e-13
0.00127757781765
-2.03562162975e-13
0.00127757781771
-2.59360383565e-14
0.0012775778178
2.42090988809e-13
0.00127757781795
5.74888247505e-13
6.98900845184e-13
0.00132001063062
-0.00183493360678
0.00127434211353
-0.00070244464699
0.00123134861179
-0.000295571675508
0.00121624094376
-9.14715750838e-05
0.00121075059346
-1.9053067858e-05
0.00121006193143
-3.50892110912e-06
0.00121012915754
2.27346632468e-06
0.00121037877293
9.55601824291e-07
0.00121050031579
8.68789848997e-07
0.00121056274655
1.84565755887e-07
0.00121058104006
1.29541784736e-07
0.00121058728102
-5.77966949618e-10
0.00121058760052
1.02114846716e-08
0.00121058747837
-6.92405468306e-09
0.0012105870847
3.69902507168e-10
0.00121058695436
-1.84875117125e-09
0.00121058686642
1.46911232469e-10
0.00121058685171
-3.19480295268e-10
0.00121058684229
8.45528467249e-11
0.00121058684385
-4.83592603147e-11
0.00121058684367
2.62444600265e-11
0.00121058684466
-8.92286615889e-12
0.00121058684485
5.79162706207e-12
0.00121058684518
-2.34953634407e-12
0.00121058684532
9.20284248272e-13
0.00121058684549
-8.16581987313e-13
0.00121058684561
-3.69698643884e-14
0.00121058684575
-3.81825340953e-13
0.00121058684587
-1.81148287154e-13
0.00121058684599
-2.28616807156e-13
0.0012105868461
-1.69988879108e-13
0.0012105868462
-1.77712314042e-13
0.00121058684629
-1.79843673251e-13
0.00121058684636
-2.09549074146e-13
0.0012105868464
-2.37067089763e-13
0.00121058684643
-2.4115228439e-13
0.00121058684647
-1.80370141364e-13
0.00121058684652
-3.6217605882e-14
0.00121058684661
1.80676864703e-13
0.00121058684675
4.50419072453e-13
5.72882802096e-13
0.0012753947152
-0.00189081612686
0.00120239580413
-0.00062944573584
0.00114814203412
-0.000241317905101
0.00113083079662
-7.41603371807e-05
0.00112508861374
-1.33108847525e-05
0.00112443712399
-2.8574311342e-06
0.00112459195049
2.11864014655e-06
0.0011248678924
6.7966022071e-07
0.00112500718341
7.29499089336e-07
0.00112507149975
1.20249677811e-07
0.0011250915736
1.09468216393e-07
0.0011250972944
-6.29850653665e-09
0.00112509769524
9.81089842113e-09
0.00112509737584
-6.6044043733e-09
0.00112509699056
7.5541839467e-10
0.00112509682171
-1.67967352114e-09
0.0011250967406
2.28233234726e-10
0.00112509672
-2.98673795916e-10
0.00112509671316
9.1587530967e-11
0.00112509671376
-4.87687512083e-11
0.00112509671422
2.59629331435e-11
0.001125096715
-9.52579056146e-12
0.00112509671531
5.65633710965e-12
0.00112509671558
-2.45538800909e-12
0.00112509671573
9.25354620506e-13
0.00112509671587
-8.11249391361e-13
0.00112509671599
-2.04292462871e-14
0.00112509671611
-3.70191495026e-13
0.00112509671623
-1.70076570451e-13
0.00112509671634
-2.2043983706e-13
0.00112509671644
-1.65279452272e-13
0.00112509671654
-1.75595003182e-13
0.00112509671662
-1.68900526219e-13
0.00112509671668
-1.86681817591e-13
0.00112509671673
-2.05912348258e-13
0.00112509671675
-2.00738799248e-13
0.00112509671678
-1.57323352213e-13
0.00112509671683
-4.58019748241e-14
0.00112509671692
1.2606463856e-13
0.00112509671705
3.35355435548e-13
4.45510676095e-13
0.00120381209758
-0.00187511602922
0.00110245758568
-0.000528091223873
0.00103977727312
-0.000178637592212
0.00102132931678
-5.57123804357e-05
0.00101582899838
-7.81056609128e-06
0.00101525178366
-2.28021618334e-06
0.00101550432224
1.8661018712e-06
0.00101578472975
3.99253021496e-07
0.0010159359894
5.78239701031e-07
0.00101599674027
5.94990629535e-08
0.00101601786826
8.8340504917e-08
0.00101602237589
-1.08058647598e-08
0.00101602295111
9.23592853281e-09
0.00101602238466
-6.03770900503e-09
0.00101602206061
1.07971106459e-09
0.0010160218496
-1.46843441192e-09
0.00101602178719
2.90859805699e-10
0.00101602175897
-2.70250865584e-10
0.00101602175667
9.4084399181e-11
0.00101602175561
-4.75179184103e-11
0.00101602175703
2.47288544244e-11
0.00101602175739
-9.71696772205e-12
0.00101602175788
5.33224207791e-12
0.00101602175804
-2.45403483403e-12
0.00101602175822
9.03599434088e-13
0.00101602175833
-7.74322520976e-13
0.00101602175845
4.03456669285e-15
0.00101602175855
-3.41829722915e-13
0.00101602175866
-1.48332920103e-13
0.00101602175876
-2.03425671079e-13
0.00101602175885
-1.49239941471e-13
0.00101602175894
-1.61057131293e-13
0.00101602175901
-1.49896542179e-13
0.00101602175907
-1.56507885399e-13
0.00101602175911
-1.69619526508e-13
0.00101602175913
-1.6210137806e-13
0.00101602175916
-1.23735648709e-13
0.0010160217592
-4.74401698573e-14
0.00101602175928
7.81238646024e-14
0.00101602175941
2.22706521073e-13
3.26953269321e-13
0.00109320494066
-0.00174880877459
0.000965358023531
-0.000400244306674
0.000899455656774
-0.000112735225184
0.000881195490981
-3.74522142481e-05
0.000876532790537
-3.1478653482e-06
0.000876031715257
-1.7791406699e-06
0.000876389014592
1.50880282159e-06
0.000876642068868
1.46199054519e-07
0.000876799265285
4.21043554096e-07
0.000876849534313
9.2302906886e-09
0.000876871288388
6.65867007388e-08
0.000876873719573
-1.32367791854e-08
0.000876874675745
8.28000785832e-09
0.00087687378691
-5.14862735276e-09
0.000876873602862
1.26400010065e-09
0.000876873339369
-1.20471546353e-09
0.000876873312389
3.18053152711e-10
0.00087687327293
-2.3058309294e-10
0.000876873278028
8.91806045456e-11
0.000876873274123
-4.34263311486e-11
0.000876873276987
2.20439457899e-11
0.000876873276642
-9.20035618855e-12
0.000876873277416
4.72679558762e-12
0.0008768732774
-2.27503945699e-12
0.000876873277627
8.28957793115e-13
0.000876873277687
-6.86108922443e-13
0.000876873277804
2.69447074069e-14
0.000876873277885
-2.90124900007e-13
0.000876873277978
-1.16042069755e-13
0.000876873278062
-1.73336852265e-13
0.000876873278144
-1.27283575158e-13
0.000876873278219
-1.35705448061e-13
0.000876873278284
-1.20112941689e-13
0.000876873278333
-1.2085075858e-13
0.000876873278366
-1.27561045309e-13
0.000876873278387
-1.21502979282e-13
0.00087687327841
-9.2076509575e-14
0.000876873278447
-4.44908461336e-14
0.000876873278514
3.84371110692e-14
0.000876873278626
1.31990437363e-13
2.14365826171e-13
0.000926701850045
-0.00145599842882
0.000779201504372
-0.000252743960846
0.000718735359527
-5.22690801136e-05
0.000702147323223
-2.08641775921e-05
0.000699004166036
-4.7078347953e-09
0.00069851665197
-1.29162634787e-06
0.000698982594184
1.04286088541e-06
0.000699162842051
-3.40485179418e-08
0.00069932065418
2.63231704286e-07
0.000699351626712
-2.17419805611e-08
0.000699374189293
4.40243865193e-08
0.000699373437256
-1.24844784892e-08
0.000699375162369
6.55514783328e-09
0.000699373830849
-3.81686449188e-09
0.000699373904251
1.19083651738e-09
0.000699373565938
-8.66170299736e-10
0.000699373598394
2.85818216731e-10
0.000699373540857
-1.72842604689e-10
0.000699373557624
7.26092020166e-11
0.000699373548943
-3.45576492754e-11
0.000699373554055
1.71150750393e-11
0.000699373552533
-7.50791888959e-12
0.000699373553762
3.66344832961e-12
0.000699373553466
-1.81170059855e-12
0.000699373553779
6.73677963472e-13
0.000699373553763
-5.19517213643e-13
0.000699373553885
4.85348554529e-14
0.000699373553935
-2.05324651693e-13
0.000699373554016
-7.27759997293e-14
0.000699373554079
-1.21221011108e-13
0.000699373554146
-8.55194469735e-14
0.000699373554205
-9.34899945929e-14
0.000699373554258
-8.2064378875e-14
0.000699373554297
-8.06516368996e-14
0.000699373554323
-7.90878163909e-14
0.00069937355434
-7.55513049578e-14
0.000699373554358
-5.71795036804e-14
0.000699373554388
-3.41427805947e-14
0.000699373554441
1.71167836464e-14
0.000699373554531
5.65407815766e-14
1.17350701529e-13
0.00068051417359
-0.000917000407092
0.000528406823378
-0.000100636610415
0.000487299793414
-1.1162049947e-05
0.000473691256986
-7.25564086162e-06
0.00047282104804
8.65501444582e-07
0.000472163309308
-6.33887344686e-07
0.000472745711449
4.60459002101e-07
0.000472786178029
-7.45148104857e-08
0.000472942928501
1.06481516945e-07
0.000472942669155
-2.14823756024e-08
0.00047296759347
1.91003320399e-08
0.000472962059999
-6.95074609435e-09
0.000472965287277
3.32812313784e-09
0.000472963287407
-1.81675493035e-09
0.000472963807035
6.71439501911e-10
0.000472963344768
-4.03682426465e-10
0.000472963474646
1.56149682196e-10
0.000472963385598
-8.35904657818e-11
0.000472963421183
3.72178745182e-11
0.000472963404284
-1.74757309149e-11
0.000472963413081
8.49728729199e-12
0.000472963409592
-3.8470514725e-12
0.00047296341159
1.83125042662e-12
0.000472963410841
-9.01222094157e-13
0.000472963411309
3.5709701643e-13
0.000472963411176
-2.37409186246e-13
0.000472963411315
4.63748856192e-14
0.000472963411322
-8.20347606192e-14
0.000472963411388
-1.91341401634e-14
0.000472963411425
-4.41696800087e-14
0.000472963411473
-2.72615569198e-14
0.000472963411511
-3.09796000157e-14
0.000472963411548
-2.41223308431e-14
0.000472963411574
-2.58814985242e-14
0.000472963411593
-2.41091889652e-14
0.000472963411604
-2.40845431857e-14
0.000472963411616
-1.51111625646e-14
0.000472963411635
-1.18158421751e-14
0.000472963411672
4.27900418371e-15
0.00047296341173
1.72226166907e-14
4.39934659994e-14
0.000302511788182
0.000201875178039
0.000190713128151
0.000183457487366
0.000184322989002
0.000183689101819
0.000184149560921
0.000184075046236
0.000184181527899
0.000184160045651
0.000184179146101
0.000184172195481
0.000184175523724
0.000184173707079
0.000184174378626
0.000184173975051
0.000184174131299
0.000184174047801
0.000184174085107
0.000184174067716
0.000184174076298
0.000184174072532
0.000184174074443
0.000184174073617
0.000184174074048
0.000184174073878
0.000184174073988
0.000184174073964
0.000184174074002
0.000184174074011
0.000184174074032
0.000184174074045
0.00018417407406
0.000184174074071
0.000184174074078
0.000184174074082
0.000184174074087
0.000184174074094
0.000184174074108
0.000184174074129
)
;

boundaryField
{
    in
    {
        type            calculated;
        value           nonuniform List<scalar> 
41
(
-0.001219512195
-0.001219512195
-0.0012195121955
-0.001219512195
-0.001219512195
-0.001219512195
-0.0012195121955
-0.001219512195
-0.001219512195
-0.001219512195
-0.0012195121955
-0.001219512195
-0.001219512195
-0.001219512195
-0.0012195121955
-0.001219512195
-0.001219512195
-0.001219512195
-0.0012195121955
-0.001219512195
-0.001219512195
-0.001219512195
-0.0012195121955
-0.001219512195
-0.001219512195
-0.001219512195
-0.0012195121955
-0.001219512195
-0.001219512195
-0.001219512195
-0.0012195121955
-0.001219512195
-0.001219512195
-0.001219512195
-0.0012195121955
-0.001219512195
-0.001219512195
-0.001219512195
-0.0012195121955
-0.001219512195
-0.001219512195
)
;
    }
    out
    {
        type            calculated;
        value           nonuniform List<scalar> 
41
(
0.000184174074067
0.000472963411579
0.000699373554314
0.00087687327836
0.00101602175911
0.00112509671673
0.00121058684642
0.00127757781761
0.00133005481749
0.00137113961831
0.00140327628971
0.00142837658906
0.00144793369475
0.00146311102714
0.00147481146204
0.00148373103774
0.00149040036738
0.0014952161981
0.00149846501656
0.00150034008791
0.00150095295901
0.00150034008796
0.00149846501667
0.00149521619825
0.00149040036759
0.00148373103799
0.00147481146234
0.00146311102748
0.00144793369513
0.00142837658946
0.00140327629014
0.00137113961877
0.00133005481796
0.00127757781808
0.00121058684689
0.00112509671719
0.00101602175954
0.000876873278747
0.000699373554637
0.000472963411815
0.000184174074171
)
;
    }
    top
    {
        type            calculated;
        value           uniform 0;
    }
    bottom
    {
        type            calculated;
        value           uniform 0;
    }
    frontback
    {
        type            empty;
        value           nonuniform List<scalar> 0();
    }
}


// ************************************************************************* //
