/*--------------------------------*- C++ -*----------------------------------*\
| =========                 |                                                 |
| \\      /  F ield         | OpenFOAM: The Open Source CFD Toolbox           |
|  \\    /   O peration     | Version:  2112                                  |
|   \\  /    A nd           | Website:  www.openfoam.com                      |
|    \\/     M anipulation  |                                                 |
\*---------------------------------------------------------------------------*/
FoamFile
{
    version     2.0;
    format      ascii;
    arch        "LSB;label=32;scalar=64";
    class       volVectorField;
    location    "0.2";
    object      U;
}
// * * * * * * * * * * * * * * * * * * * * * * * * * * * * * * * * * * * * * //

dimensions      [0 1 -1 0 0 0 0];

internalField   nonuniform List<vector> 
1681
(
(0.1130959837 0.039762777403 0)
(0.105593732641 0.00404140601725 0)
(0.0753206981107 0.000263626495048 0)
(0.0773212182205 0.000259727190132 0)
(0.0747911181109 -5.25905229538e-05 0)
(0.0756236077969 2.64594681521e-05 0)
(0.0753165685493 -1.91561504977e-05 0)
(0.0755320397113 4.075467359e-06 0)
(0.0754759291047 -4.21384043612e-06 0)
(0.075520160473 1.09957311861e-06 0)
(0.0755057851566 -7.77039446457e-07 0)
(0.075514098592 3.13674144058e-07 0)
(0.0755103865243 -1.440950706e-07 0)
(0.075512017709 7.74053316581e-08 0)
(0.0755111501825 -3.01970583774e-08 0)
(0.0755115039442 1.70086417299e-08 0)
(0.0755113158584 -6.97143684922e-09 0)
(0.0755113971505 3.56911264472e-09 0)
(0.0755113572874 -1.62684770658e-09 0)
(0.0755113759437 7.59137147393e-10 0)
(0.0755113673648 -3.66665486283e-10 0)
(0.0755113715483 1.68138646157e-10 0)
(0.0755113696621 -7.91944838469e-11 0)
(0.0755113705882 3.91722437002e-11 0)
(0.0755113701739 -1.54603395429e-11 0)
(0.0755113703831 1.03635831721e-11 0)
(0.0755113702972 -1.89453531038e-12 0)
(0.0755113703494 3.75636031249e-12 0)
(0.0755113703361 8.06235868123e-13 0)
(0.075511370353 2.108610464e-12 0)
(0.0755113703546 1.32807130224e-12 0)
(0.0755113703626 1.56534132827e-12 0)
(0.0755113703676 1.23080574199e-12 0)
(0.0755113703743 1.0929749722e-12 0)
(0.0755113703804 9.63065777461e-13 0)
(0.0755113703873 7.53502172515e-13 0)
(0.0755113703937 8.58543244895e-13 0)
(0.0755113703987 6.02237581472e-13 0)
(0.075511370398 9.11562680736e-13 0)
(0.075511370396 9.32329276345e-13 0)
(0.0755113703793 1.61912520108e-12 0)
(0.261383904798 0.102230112101 0)
(0.258090326749 0.0143135478773 0)
(0.195428690027 0.00220889830666 0)
(0.198566141396 0.00106787261822 0)
(0.192444659862 -7.26853114191e-05 0)
(0.194183761213 7.89863122756e-05 0)
(0.193468050637 -6.19511985834e-05 0)
(0.193953540798 6.55986090217e-06 0)
(0.193830981636 -1.47373401501e-05 0)
(0.193933118395 2.22733279269e-06 0)
(0.193901870435 -2.55484102327e-06 0)
(0.193921022557 8.5328230991e-07 0)
(0.193912775264 -4.18057654062e-07 0)
(0.193916471876 2.35699954952e-07 0)
(0.193914512946 -8.14351777858e-08 0)
(0.193915304927 5.2670439799e-08 0)
(0.193914877809 -1.92029285731e-08 0)
(0.193915059669 1.07382781276e-08 0)
(0.193914969338 -4.6855440074e-09 0)
(0.193915011268 2.20887619142e-09 0)
(0.193914991919 -1.08077974238e-09 0)
(0.19391500136 4.85167281872e-10 0)
(0.193914997119 -2.31342091158e-10 0)
(0.193914999214 1.16139321072e-10 0)
(0.193914998285 -4.31637307744e-11 0)
(0.19391499876 3.28470607757e-11 0)
(0.19391499857 -3.13264650791e-12 0)
(0.19391499869 1.32687039919e-11 0)
(0.193914998663 5.02597263329e-12 0)
(0.193914998703 7.94334568557e-12 0)
(0.193914998709 5.83565718706e-12 0)
(0.193914998729 6.35619184031e-12 0)
(0.193914998742 5.22747165692e-12 0)
(0.193914998759 4.44199042541e-12 0)
(0.193914998775 3.52897973512e-12 0)
(0.193914998793 3.19123127023e-12 0)
(0.193914998809 2.71502047245e-12 0)
(0.193914998821 2.39253409119e-12 0)
(0.193914998819 3.7658955996e-12 0)
(0.193914998813 4.32423642172e-12 0)
(0.193914998773 6.58266979396e-12 0)
(0.357968268337 0.136051009333 0)
(0.367129584867 0.0268451054276 0)
(0.290113505097 0.00648377269459 0)
(0.293525475358 0.00232299667085 0)
(0.284927588328 9.25547073705e-05 0)
(0.287143392128 0.000125379652221 0)
(0.286138419471 -0.00010562590351 0)
(0.286791057862 -2.6879561237e-06 0)
(0.286626003181 -2.77539052255e-05 0)
(0.286766276062 9.5806098503e-07 0)
(0.286724770131 -4.51175194823e-06 0)
(0.286751172586 1.11507232926e-06 0)
(0.286740105515 -6.21255716011e-07 0)
(0.286745160663 3.7366401974e-07 0)
(0.286742503619 -1.05751022684e-07 0)
(0.286743577005 8.57612705443e-08 0)
(0.286742994616 -2.5882939901e-08 0)
(0.286743240504 1.68027533811e-08 0)
(0.286743117332 -6.83054258494e-09 0)
(0.286743174145 3.28093648677e-09 0)
(0.286743147829 -1.63813143684e-09 0)
(0.286743160656 7.08403653852e-10 0)
(0.286743154903 -3.48737845503e-10 0)
(0.286743157755 1.75027700187e-10 0)
(0.286743156498 -6.05987796438e-11 0)
(0.286743157148 5.29490840544e-11 0)
(0.286743156892 -5.16324789172e-13 0)
(0.286743157058 2.36499181218e-11 0)
(0.286743157023 1.13481695582e-11 0)
(0.28674315708 1.55820113186e-11 0)
(0.28674315709 1.21993436084e-11 0)
(0.28674315712 1.25781389589e-11 0)
(0.286743157139 1.04401798164e-11 0)
(0.286743157164 8.56875485288e-12 0)
(0.286743157188 6.41037362233e-12 0)
(0.286743157214 5.25724975386e-12 0)
(0.286743157237 4.35970572467e-12 0)
(0.286743157254 4.43319697656e-12 0)
(0.286743157252 7.56622966229e-12 0)
(0.286743157242 1.0241686099e-11 0)
(0.286743157186 1.4257825321e-11 0)
(0.42024036788 0.151568550953 0)
(0.444346484991 0.0385079459072 0)
(0.364026238693 0.0118880259957 0)
(0.367747656011 0.00379822000099 0)
(0.35758030383 0.000423919125121 0)
(0.360039120682 0.000165742886701 0)
(0.358822300371 -0.000140462839124 0)
(0.359574405223 -2.12204763949e-05 0)
(0.359379174742 -4.10081970113e-05 0)
(0.35954409261 -2.49328735672e-06 0)
(0.359495960388 -6.3648719035e-06 0)
(0.359527258011 1.0413283604e-06 0)
(0.359514405393 -7.30560570229e-07 0)
(0.359520384788 4.66519870403e-07 0)
(0.359517277831 -1.00373337655e-07 0)
(0.359518539123 1.10911452785e-07 0)
(0.359517854656 -2.5970777381e-08 0)
(0.359518142548 2.08480869663e-08 0)
(0.359517997561 -7.70854741035e-09 0)
(0.359518064097 3.81515914978e-09 0)
(0.359518033156 -1.95103002196e-09 0)
(0.359518048206 8.01459515973e-10 0)
(0.359518041456 -4.15008268603e-10 0)
(0.359518044809 2.03692312752e-10 0)
(0.359518043338 -6.75566198821e-11 0)
(0.359518044104 6.56595358059e-11 0)
(0.359518043806 3.51045320863e-12 0)
(0.359518044004 3.13098342278e-11 0)
(0.359518043966 1.67198004209e-11 0)
(0.359518044034 2.16234015813e-11 0)
(0.359518044049 1.72808616889e-11 0)
(0.359518044086 1.71771889105e-11 0)
(0.35951804411 1.44072851165e-11 0)
(0.359518044142 1.11091578688e-11 0)
(0.359518044172 7.96457446851e-12 0)
(0.359518044204 5.60812833028e-12 0)
(0.359518044232 4.86249129747e-12 0)
(0.359518044253 6.42771801886e-12 0)
(0.35951804425 1.20245787104e-11 0)
(0.359518044237 1.81237812788e-11 0)
(0.35951804417 2.32868072402e-11 0)
(0.45957827917 0.156228373113 0)
(0.49823570362 0.0480338634787 0)
(0.421225242256 0.0173288358266 0)
(0.425631435529 0.00533678147834 0)
(0.414619801636 0.000854591053062 0)
(0.417204950828 0.000209349461135 0)
(0.415829959209 -0.000165497635452 0)
(0.416636542237 -4.39573067865e-05 0)
(0.416417042622 -5.38112045277e-05 0)
(0.416597129392 -7.21721306834e-06 0)
(0.41654426479 -8.13023492243e-06 0)
(0.416578856528 7.36560082423e-07 0)
(0.416564839099 -7.87349409832e-07 0)
(0.416571470116 5.24482711139e-07 0)
(0.416568072214 -7.74604431662e-08 0)
(0.416569465435 1.30120098159e-07 0)
(0.416568713396 -2.18650183782e-08 0)
(0.416569029969 2.35438038449e-08 0)
(0.416568870202 -7.73449025324e-09 0)
(0.416568943261 4.00495786731e-09 0)
(0.416568909156 -2.09747561785e-09 0)
(0.416568925696 8.09100164577e-10 0)
(0.416568918266 -4.48563759167e-10 0)
(0.416568921959 2.11305083272e-10 0)
(0.416568920343 -6.8913886711e-11 0)
(0.416568921189 7.17584605995e-11 0)
(0.416568920865 6.74375127274e-12 0)
(0.416568921085 3.58508040176e-11 0)
(0.416568921045 2.0375103727e-11 0)
(0.416568921123 2.56287748913e-11 0)
(0.416568921141 2.09496786128e-11 0)
(0.416568921183 2.04905458552e-11 0)
(0.416568921212 1.67477200148e-11 0)
(0.416568921248 1.21256116189e-11 0)
(0.416568921283 7.59411172871e-12 0)
(0.416568921319 4.75512463841e-12 0)
(0.416568921352 4.47183801739e-12 0)
(0.416568921375 8.10343636453e-12 0)
(0.416568921371 1.68792169388e-11 0)
(0.416568921355 2.73829549264e-11 0)
(0.416568921281 3.32506628921e-11 0)
(0.483609231619 0.153915842581 0)
(0.535110872734 0.0551798148605 0)
(0.4651145728 0.0222120860378 0)
(0.47066029005 0.00682719578967 0)
(0.459370490931 0.00132721987247 0)
(0.462035274012 0.000260008434135 0)
(0.46054160583 -0.000181945131886 0)
(0.461372917499 -6.73580409178e-05 0)
(0.461131520096 -6.58317129023e-05 0)
(0.461320003452 -1.24816131861e-05 0)
(0.461263267253 -9.82826057495e-06 0)
(0.461300035211 2.99278511473e-07 0)
(0.461285215071 -8.23476463123e-07 0)
(0.461292324284 5.59152333212e-07 0)
(0.461288737421 -4.68140868629e-08 0)
(0.461290229473 1.45490468014e-07 0)
(0.461289432481 -1.56256424267e-08 0)
(0.461289769793 2.54901420059e-08 0)
(0.461289599777 -7.2839320067e-09 0)
(0.46128967738 4.01710042496e-09 0)
(0.461289641027 -2.14814890726e-09 0)
(0.461289658594 7.71443422852e-10 0)
(0.461289650681 -4.64390567414e-10 0)
(0.461289654609 2.07138774882e-10 0)
(0.461289652892 -6.7966289318e-11 0)
(0.461289653796 7.40719754326e-11 0)
(0.461289653453 9.38056030683e-12 0)
(0.46128965369 3.81900990062e-11 0)
(0.461289653649 2.29467606721e-11 0)
(0.461289653734 2.78617066657e-11 0)
(0.461289653755 2.31113964693e-11 0)
(0.461289653801 2.2306046508e-11 0)
(0.461289653833 1.78660065441e-11 0)
(0.461289653873 1.23990451498e-11 0)
(0.461289653911 6.47108327525e-12 0)
(0.461289653952 3.14545882922e-12 0)
(0.461289653986 3.41698683191e-12 0)
(0.461289654011 9.6399568243e-12 0)
(0.461289654007 2.1779209743e-11 0)
(0.46128965399 3.73193786624e-11 0)
(0.461289653912 4.35981555437e-11 0)
(0.497510420114 0.147070536582 0)
(0.559694654335 0.0600015037561 0)
(0.498496402956 0.026239992801 0)
(0.505587453702 0.00817504218501 0)
(0.49445171341 0.0017968712337 0)
(0.497189205913 0.000315931534431 0)
(0.495607664033 -0.000190792963048 0)
(0.496444229323 -8.9271627091e-05 0)
(0.496181519301 -7.66333271485e-05 0)
(0.49637347934 -1.77781435285e-05 0)
(0.496313146733 -1.14170714656e-05 0)
(0.49635128601 -2.04285730847e-07 0)
(0.496335865857 -8.5178442818e-07 0)
(0.496343340059 5.76343141695e-07 0)
(0.496339629903 -1.39487587588e-08 0)
(0.496341201367 1.5772939442e-07 0)
(0.49634037448 -8.46354698511e-09 0)
(0.496340727859 2.69303149106e-08 0)
(0.496340550562 -6.56515520281e-09 0)
(0.496340631491 3.93320751668e-09 0)
(0.496340593469 -2.13859892245e-09 0)
(0.496340611767 7.10819124398e-10 0)
(0.496340603493 -4.68768406134e-10 0)
(0.496340607591 1.96061692866e-10 0)
(0.496340605799 -6.60906409591e-11 0)
(0.496340606745 7.38917396594e-11 0)
(0.496340606389 1.12470231029e-11 0)
(0.496340606639 3.97009339714e-11 0)
(0.496340606598 2.46770101832e-11 0)
(0.496340606688 2.94105719202e-11 0)
(0.496340606711 2.46240368018e-11 0)
(0.496340606761 2.34690189618e-11 0)
(0.496340606796 1.81562130079e-11 0)
(0.496340606838 1.19056553055e-11 0)
(0.496340606879 4.89033876804e-12 0)
(0.496340606922 1.09176254893e-12 0)
(0.496340606958 1.80713317734e-12 0)
(0.496340606984 1.08663208199e-11 0)
(0.49634060698 2.65602619116e-11 0)
(0.496340606962 4.72678692618e-11 0)
(0.496340606882 5.42851269973e-11 0)
(0.504792971983 0.137450954041 0)
(0.575495188247 0.0626693588166 0)
(0.52365123752 0.0292679282106 0)
(0.532589119835 0.00930465840893 0)
(0.521926941356 0.00222779077558 0)
(0.524750303739 0.000372940195049 0)
(0.523105928104 -0.00019294962144 0)
(0.523935206408 -0.000108298906422 0)
(0.523651029222 -8.57605044789e-05 0)
(0.523842852313 -2.27219808469e-05 0)
(0.523778897985 -1.28275692967e-05 0)
(0.523817811363 -7.24679611617e-07 0)
(0.523801899027 -8.75667632907e-07 0)
(0.523809661174 5.79120196121e-07 0)
(0.523805870365 1.78296389554e-08 0)
(0.523807509722 1.66886544791e-07 0)
(0.523806663181 -1.15576407149e-09 0)
(0.52380702989 2.79333026185e-08 0)
(0.523806847307 -5.70252487737e-09 0)
(0.523806930804 3.79269702454e-09 0)
(0.523806891489 -2.08677875527e-09 0)
(0.523806910328 6.3848315374e-10 0)
(0.523806901769 -4.64818468193e-10 0)
(0.523806905992 1.80947282663e-10 0)
(0.523806904144 -6.32440502647e-11 0)
(0.523806905121 7.2076651757e-11 0)
(0.523806904756 1.24040058336e-11 0)
(0.523806905015 3.9636953373e-11 0)
(0.523806904974 2.54908451865e-11 0)
(0.523806905069 3.01969364484e-11 0)
(0.523806905094 2.56624536207e-11 0)
(0.523806905146 2.41074217592e-11 0)
(0.523806905183 1.77316113014e-11 0)
(0.523806905227 1.06418494016e-11 0)
(0.52380690527 2.80028609255e-12 0)
(0.523806905315 -1.7506475858e-12 0)
(0.523806905352 1.92568255382e-13 0)
(0.523806905379 1.21546367867e-11 0)
(0.523806905375 3.17902201091e-11 0)
(0.523806905356 5.75298469454e-11 0)
(0.523806905277 6.48357870802e-11 0)
(0.507830241644 0.126290687153 0)
(0.585098433596 0.0634203254251 0)
(0.542416369315 0.0312501471175 0)
(0.553385431925 0.0101630505404 0)
(0.543421216429 0.00259247389802 0)
(0.546351311845 0.000426286943766 0)
(0.544664814811 -0.000189436260343 0)
(0.545478984001 -0.000123524119311 0)
(0.545173037756 -9.28309331382e-05 0)
(0.545362072437 -2.70120638636e-05 0)
(0.545294347059 -1.39889887482e-05 0)
(0.545333582806 -1.22147536119e-06 0)
(0.545317231571 -8.94559638017e-07 0)
(0.545325226474 5.69721889951e-07 0)
(0.545321382959 4.6344006303e-08 0)
(0.545323083094 1.72836987161e-07 0)
(0.545322224016 5.73686231561e-09 0)
(0.545322602426 2.85068291534e-08 0)
(0.54532241594 -4.7842785615e-09 0)
(0.545322501528 3.61648368051e-09 0)
(0.545322461171 -2.00354232387e-09 0)
(0.545322480425 5.62130748073e-10 0)
(0.545322471631 -4.54550096439e-10 0)
(0.54532247595 1.63821835658e-10 0)
(0.545322474054 -5.98509571497e-11 0)
(0.545322475057 6.90584337663e-11 0)
(0.545322474684 1.33654550498e-11 0)
(0.545322474951 3.89531146558e-11 0)
(0.545322474911 2.5698101187e-11 0)
(0.545322475008 3.05887354939e-11 0)
(0.545322475035 2.62392969334e-11 0)
(0.54532247509 2.41478207693e-11 0)
(0.545322475128 1.70732539243e-11 0)
(0.545322475174 9.2098982921e-12 0)
(0.545322475218 4.72719491182e-13 0)
(0.545322475264 -4.73595010945e-12 0)
(0.545322475302 -1.86194693003e-12 0)
(0.545322475329 1.3111396261e-11 0)
(0.545322475326 3.70817512151e-11 0)
(0.545322475308 6.76649256231e-11 0)
(0.54532247523 7.48578140577e-11 0)
(0.508222046596 0.114412203679 0)
(0.590400234632 0.0625170775286 0)
(0.556258688741 0.0322084274436 0)
(0.569334973903 0.0107187788197 0)
(0.560213583273 0.00287128398974 0)
(0.563271566396 0.000471465930163 0)
(0.561560023696 -0.000181334812911 0)
(0.562354509708 -0.00013440248832 0)
(0.562026662198 -9.75596242005e-05 0)
(0.56221099981 -3.04211185351e-05 0)
(0.562139336797 -1.48384396691e-05 0)
(0.562178551561 -1.66190821211e-06 0)
(0.562161785728 -9.05944242513e-07 0)
(0.562169971698 5.50014441666e-07 0)
(0.562166093986 7.01957627059e-08 0)
(0.562167850061 1.75425008088e-07 0)
(0.562166983482 1.18086338669e-08 0)
(0.562167372565 2.86319410612e-08 0)
(0.562167183169 -3.87446020977e-09 0)
(0.562167270534 3.41561572062e-09 0)
(0.562167229311 -1.89621923306e-09 0)
(0.562167248894 4.86525049615e-10 0)
(0.562167239898 -4.38563429162e-10 0)
(0.562167244294 1.46240406756e-10 0)
(0.562167242358 -5.62882299128e-11 0)
(0.56216724338 6.51427778734e-11 0)
(0.562167243002 1.40764039258e-11 0)
(0.562167243275 3.79188745933e-11 0)
(0.562167243235 2.56387606873e-11 0)
(0.562167243335 3.03596984858e-11 0)
(0.562167243364 2.63007268252e-11 0)
(0.56216724342 2.38216307612e-11 0)
(0.56216724346 1.62281573525e-11 0)
(0.562167243507 7.76073468442e-12 0)
(0.562167243552 -2.06568126822e-12 0)
(0.562167243598 -7.74720226858e-12 0)
(0.562167243637 -3.84088252012e-12 0)
(0.562167243664 1.41626996026e-11 0)
(0.562167243661 4.20707300367e-11 0)
(0.562167243644 7.79465977967e-11 0)
(0.562167243569 8.47137796183e-11 0)
(0.507042510369 0.102346113369 0)
(0.592783716826 0.0602176641189 0)
(0.566340322126 0.0322065128802 0)
(0.581509248127 0.010958504875 0)
(0.573309943109 0.00305171321251 0)
(0.576513098572 0.000504649981845 0)
(0.574790313586 -0.000169694114003 0)
(0.575562805419 -0.000140675109745 0)
(0.575213251305 -9.97591019613e-05 0)
(0.575391581635 -3.2788816875e-05 0)
(0.575315860291 -1.53251491742e-05 0)
(0.575354796688 -2.02057242137e-06 0)
(0.575337627605 -9.06477862058e-07 0)
(0.575345971604 5.21597216602e-07 0)
(0.575342072051 8.85719237069e-08 0)
(0.57534388027 1.74519412286e-07 0)
(0.575343009787 1.67796806694e-08 0)
(0.575343408809 2.82810715901e-08 0)
(0.575343217236 -3.01843333753e-09 0)
(0.575343306158 3.19457839771e-09 0)
(0.5753432642 -1.77036196453e-09 0)
(0.575343284052 4.15075047347e-10 0)
(0.575343274878 -4.1748717163e-10 0)
(0.575343279336 1.28787419576e-10 0)
(0.575343277365 -5.24548924505e-11 0)
(0.575343278404 6.09174243114e-11 0)
(0.57534327802 1.43163479198e-11 0)
(0.575343278299 3.63775216667e-11 0)
(0.575343278259 2.51836285387e-11 0)
(0.575343278362 2.96165202126e-11 0)
(0.575343278391 2.58951618448e-11 0)
(0.575343278449 2.32123851647e-11 0)
(0.57534327849 1.53799621101e-11 0)
(0.575343278538 6.08927187236e-12 0)
(0.575343278583 -4.71192875464e-12 0)
(0.575343278629 -1.05075447207e-11 0)
(0.575343278668 -5.82339383124e-12 0)
(0.575343278695 1.49675650301e-11 0)
(0.575343278693 4.66093214394e-11 0)
(0.575343278677 8.76601382407e-11 0)
(0.575343278607 9.40059392916e-11 0)
(0.505008101692 0.0904223741764 0)
(0.593252428183 0.0567595935413 0)
(0.573575727823 0.0313313764733 0)
(0.590751731611 0.0108833418273 0)
(0.583500461329 0.00312742899102 0)
(0.586860118537 0.000522934357665 0)
(0.585136865556 -0.000155467504002 0)
(0.585886649183 -0.00014229951584 0)
(0.58551597559 -9.93358430083e-05 0)
(0.585687487637 -3.40149287179e-05 0)
(0.585607668824 -1.54130942639e-05 0)
(0.585646141396 -2.27904085873e-06 0)
(0.585628577399 -8.92822630425e-07 0)
(0.585637052237 4.85874013039e-07 0)
(0.585633139141 1.01089003889e-07 0)
(0.585634996016 1.70049007502e-07 0)
(0.585634124195 2.04710301618e-08 0)
(0.585634532531 2.74290161647e-08 0)
(0.585634339334 -2.24784288325e-09 0)
(0.585634429646 2.95470386616e-09 0)
(0.585634387058 -1.6290642083e-09 0)
(0.585634407132 3.48863003859e-10 0)
(0.585634397801 -3.91627173752e-10 0)
(0.585634402308 1.11752781484e-10 0)
(0.585634400307 -4.81364996888e-11 0)
(0.58563440136 5.58622424935e-11 0)
(0.585634400971 1.42898139213e-11 0)
(0.585634401254 3.42298750005e-11 0)
(0.585634401215 2.43512394714e-11 0)
(0.585634401319 2.84810360946e-11 0)
(0.58563440135 2.51082838838e-11 0)
(0.585634401409 2.22275579093e-11 0)
(0.585634401451 1.37478620288e-11 0)
(0.5856344015 4.0248142017e-12 0)
(0.585634401545 -7.58396237482e-12 0)
(0.585634401591 -1.32052058914e-11 0)
(0.58563440163 -7.68399424776e-12 0)
(0.585634401657 1.59227502836e-11 0)
(0.585634401656 5.12864189031e-11 0)
(0.585634401642 9.66013761791e-11 0)
(0.585634401577 1.02956581468e-10 0)
(0.502592180731 0.0788323272192 0)
(0.592529974212 0.0523534615943 0)
(0.578679941763 0.0296809249157 0)
(0.597724724076 0.0105055993479 0)
(0.591404747255 0.0030973055816 0)
(0.594925498552 0.000524434763794 0)
(0.593209740779 -0.000139477900551 0)
(0.593937244837 -0.0001393984156 0)
(0.593546444956 -9.62851709512e-05 0)
(0.593710754627 -3.4053425246e-05 0)
(0.593626898814 -1.50824096859e-05 0)
(0.593664784621 -2.42549787359e-06 0)
(0.59364683703 -8.62206252236e-07 0)
(0.593655419742 4.44097719683e-07 0)
(0.593651498674 1.07682270084e-07 0)
(0.593653400622 1.62025640346e-07 0)
(0.593652529252 2.27875518238e-08 0)
(0.593652946275 2.6062176688e-08 0)
(0.59365275188 -1.5834859599e-09 0)
(0.59365284344 2.69615011592e-09 0)
(0.593652800308 -1.475355912e-09 0)
(0.59365282057 2.89262383121e-10 0)
(0.593652811098 -3.60904216872e-10 0)
(0.593652815646 9.57714986946e-11 0)
(0.593652813617 -4.35141196843e-11 0)
(0.593652814682 5.05117283202e-11 0)
(0.593652814289 1.37425305347e-11 0)
(0.593652814576 3.19752464085e-11 0)
(0.593652814536 2.32645651802e-11 0)
(0.593652814643 2.71749212123e-11 0)
(0.593652814674 2.44698428892e-11 0)
(0.593652814735 2.13938712296e-11 0)
(0.593652814777 1.25105873673e-11 0)
(0.593652814827 1.70953236777e-12 0)
(0.593652814872 -1.03052844821e-11 0)
(0.593652814917 -1.59125139214e-11 0)
(0.593652814955 -9.71770413618e-12 0)
(0.593652814982 1.63722207665e-11 0)
(0.593652814983 5.55353152751e-11 0)
(0.593652814971 1.04831230091e-10 0)
(0.593652814912 1.11448724149e-10 0)
(0.500103458967 0.0676714565472 0)
(0.591134448961 0.0471816211544 0)
(0.582208505822 0.027356274703 0)
(0.602946451659 0.00984601127972 0)
(0.597507347113 0.00296451866076 0)
(0.601187061024 0.000508283838376 0)
(0.599484183144 -0.00012240056565 0)
(0.600190665777 -0.000132222683151 0)
(0.59978112341 -9.06845264301e-05 0)
(0.599938216838 -3.29073586474e-05 0)
(0.599850490636 -1.43297336427e-05 0)
(0.599887722215 -2.45439975377e-06 0)
(0.599869408749 -8.12748648959e-07 0)
(0.599878079633 3.97386247065e-07 0)
(0.599874154303 1.08529585781e-07 0)
(0.599876097424 1.50552820973e-07 0)
(0.599875227688 2.37053319775e-08 0)
(0.599875652709 2.4181055466e-08 0)
(0.599875457445 -1.0365684848e-09 0)
(0.599875550121 2.41812066371e-09 0)
(0.599875506522 -1.31111760547e-09 0)
(0.599875526941 2.36255549457e-10 0)
(0.599875517345 -3.25726891558e-10 0)
(0.599875521928 8.11227320662e-11 0)
(0.599875519874 -3.83470821355e-11 0)
(0.599875520949 4.52290039759e-11 0)
(0.599875520552 1.33095811003e-11 0)
(0.599875520842 2.92715441184e-11 0)
(0.599875520802 2.16034712766e-11 0)
(0.599875520911 2.55569604236e-11 0)
(0.599875520942 2.3449881662e-11 0)
(0.599875521004 2.01464535199e-11 0)
(0.599875521047 1.10668833433e-11 0)
(0.599875521097 -3.30920718521e-13 0)
(0.599875521142 -1.32124911277e-11 0)
(0.599875521186 -1.87481220639e-11 0)
(0.599875521224 -1.18934315049e-11 0)
(0.59987552125 1.69499892134e-11 0)
(0.599875521253 5.9003604289e-11 0)
(0.599875521243 1.12429073995e-10 0)
(0.599875521191 1.19029951132e-10 0)
(0.497739842337 0.0569695751142 0)
(0.589433815603 0.0413995249002 0)
(0.584589977856 0.0244570865034 0)
(0.606820373055 0.00893146116404 0)
(0.602185553189 0.00273573003905 0)
(0.606015850195 0.000474565606165 0)
(0.604328916892 -0.00010475900314 0)
(0.605016246666 -0.000121123901487 0)
(0.604589704803 -8.26856437026e-05 0)
(0.604739890268 -3.06240162755e-05 0)
(0.604648565275 -1.31677649327e-05 0)
(0.604685124648 -2.36609078114e-06 0)
(0.604666471105 -7.43625441971e-07 0)
(0.604675213124 3.46726839458e-07 0)
(0.604671285942 1.03998470254e-07 0)
(0.604673265917 1.35826408957e-07 0)
(0.60467239851 2.32615489183e-08 0)
(0.604672830747 2.18030901592e-08 0)
(0.604672634869 -6.09862827202e-10 0)
(0.604672728529 2.1202248145e-09 0)
(0.604672684533 -1.13816428507e-09 0)
(0.604672705084 1.89711305573e-10 0)
(0.604672695379 -2.86637430804e-10 0)
(0.604672699989 6.80097832063e-11 0)
(0.604672697914 -3.28548691126e-11 0)
(0.604672698998 3.96554440195e-11 0)
(0.604672698597 1.28020930464e-11 0)
(0.60467269889 2.63288586016e-11 0)
(0.604672698851 2.00533619854e-11 0)
(0.60467269896 2.39701273911e-11 0)
(0.604672698993 2.23534805032e-11 0)
(0.604672699055 1.88217103162e-11 0)
(0.604672699099 9.52345015343e-12 0)
(0.604672699149 -2.43488528561e-12 0)
(0.604672699193 -1.55498192639e-11 0)
(0.604672699236 -2.13967488735e-11 0)
(0.604672699273 -1.36306112951e-11 0)
(0.604672699299 1.72533151207e-11 0)
(0.604672699304 6.21043163246e-11 0)
(0.604672699297 1.19064571704e-10 0)
(0.604672699252 1.25473211886e-10 0)
(0.495625386553 0.0467120996381 0)
(0.587686898661 0.0351384889255 0)
(0.586152014259 0.0210789960519 0)
(0.609658219889 0.00779318852339 0)
(0.605731099607 0.00242037414311 0)
(0.60969807726 0.000424215149727 0)
(0.608028115865 -8.69309118434e-05 0)
(0.608698615278 -0.000106533328332 0)
(0.608257135977 -7.25061370325e-05 0)
(0.608401000146 -2.72900615152e-05 0)
(0.608306446501 -1.16242509595e-05 0)
(0.608342359468 -2.16634099696e-06 0)
(0.608323400239 -6.55118589711e-07 0)
(0.608332198596 2.92977249347e-07 0)
(0.608328271048 9.4607300174e-08 0)
(0.608330283116 1.18130222883e-07 0)
(0.608329418331 2.15488329838e-08 0)
(0.608329856899 1.89620950132e-08 0)
(0.608329660598 -2.99419792882e-10 0)
(0.608329755108 1.80295161548e-09 0)
(0.608329710781 -9.57778423748e-10 0)
(0.60832973144 1.49118273987e-10 0)
(0.608329721642 -2.43690719187e-10 0)
(0.608329726275 5.5784440395e-11 0)
(0.608329724181 -2.67541097164e-11 0)
(0.608329725272 3.39633122583e-11 0)
(0.608329724868 1.17114355598e-11 0)
(0.608329725164 2.33152277473e-11 0)
(0.608329725124 1.82540680356e-11 0)
(0.608329725235 2.19359856225e-11 0)
(0.608329725268 2.05242201184e-11 0)
(0.608329725331 1.7197321661e-11 0)
(0.608329725375 7.7020173636e-12 0)
(0.608329725425 -4.58023043044e-12 0)
(0.608329725468 -1.82435096575e-11 0)
(0.608329725511 -2.39574960759e-11 0)
(0.608329725547 -1.51289113119e-11 0)
(0.608329725573 1.75913705903e-11 0)
(0.608329725579 6.48131327949e-11 0)
(0.608329725575 1.24728038685e-10 0)
(0.608329725538 1.31132832906e-10 0)
(0.49383562911 0.0368548726696 0)
(0.586073531309 0.0285091263892 0)
(0.587141981702 0.0173124902359 0)
(0.611697971895 0.00646542432304 0)
(0.608366970144 0.0020300474364 0)
(0.612452045454 0.000358900606296 0)
(0.610798346278 -6.91613212035e-05 0)
(0.611454676765 -8.89452830115e-05 0)
(0.611000596293 -6.04207265167e-05 0)
(0.611138962214 -2.30265161255e-05 0)
(0.611041638402 -9.74054439427e-06 0)
(0.61107696871 -1.86578775483e-06 0)
(0.611057746475 -5.48579859694e-07 0)
(0.611066588266 2.36873015372e-07 0)
(0.611062661173 8.09950548065e-08 0)
(0.611064700149 9.78283076165e-08 0)
(0.61106383795 1.87050947831e-08 0)
(0.61106428186 1.57077345075e-08 0)
(0.611064085279 -9.58700387269e-11 0)
(0.611064180497 1.46796047841e-09 0)
(0.611064135902 -7.71558153274e-10 0)
(0.611064156648 1.14048126893e-10 0)
(0.611064146773 -1.97647088939e-10 0)
(0.611064151424 4.48841714413e-11 0)
(0.611064149315 -2.0505905362e-11 0)
(0.611064150412 2.82992147396e-11 0)
(0.611064150006 1.0437987467e-11 0)
(0.611064150303 2.01539958675e-11 0)
(0.611064150263 1.64345151935e-11 0)
(0.611064150375 1.95500945151e-11 0)
(0.611064150408 1.86413906041e-11 0)
(0.611064150472 1.55794384922e-11 0)
(0.611064150516 6.30006059386e-12 0)
(0.611064150566 -6.83435087218e-12 0)
(0.611064150609 -2.08029524988e-11 0)
(0.61106415065 -2.62912947666e-11 0)
(0.611064150685 -1.64565449678e-11 0)
(0.61106415071 1.75352034861e-11 0)
(0.611064150719 6.71102262527e-11 0)
(0.611064150718 1.29067790153e-10 0)
(0.611064150689 1.3560130686e-10 0)
(0.492414884412 0.0273343890714 0)
(0.584716517652 0.0216050126682 0)
(0.587742956853 0.0132427623448 0)
(0.61311770506 0.00498438650286 0)
(0.610260268082 0.00157799354039 0)
(0.61444105967 0.000280897975321 0)
(0.612801487105 -5.1580474078e-05 0)
(0.613446561403 -6.89035324501e-05 0)
(0.612982442691 -4.67521890518e-05 0)
(0.613116328088 -1.79835303941e-05 0)
(0.613016768042 -7.56981724028e-06 0)
(0.613051611223 -1.47928509692e-06 0)
(0.613032176078 -4.26336170437e-07 0)
(0.613041049974 1.79036081368e-07 0)
(0.613037123674 6.38962536858e-08 0)
(0.613039183996 7.53536054934e-08 0)
(0.613038324083 1.490796167e-08 0)
(0.613038772254 1.21049077822e-08 0)
(0.613038575496 1.57562728689e-11 0)
(0.613038671272 1.11756579312e-09 0)
(0.613038626471 -5.80743490109e-10 0)
(0.613038647284 8.35178107214e-11 0)
(0.613038637349 -1.48580084781e-10 0)
(0.613038642013 3.48085327633e-11 0)
(0.613038639892 -1.38312572767e-11 0)
(0.613038640993 2.26112618687e-11 0)
(0.613038640585 9.19677546459e-12 0)
(0.613038640883 1.69482077207e-11 0)
(0.613038640844 1.46361636578e-11 0)
(0.613038640956 1.76485283921e-11 0)
(0.61303864099 1.7159694275e-11 0)
(0.613038641054 1.3857189362e-11 0)
(0.613038641099 4.75140917659e-12 0)
(0.613038641148 -8.94066628542e-12 0)
(0.61303864119 -2.27035416639e-11 0)
(0.61303864123 -2.83710440634e-11 0)
(0.613038641264 -1.80942368667e-11 0)
(0.613038641289 1.74267604791e-11 0)
(0.6130386413 6.85002666272e-11 0)
(0.613038641302 1.32822104171e-10 0)
(0.613038641282 1.3921384952e-10 0)
(0.491387937779 0.0180748061562 0)
(0.583697376307 0.0145063522607 0)
(0.588085843027 0.00895021629229 0)
(0.614046038952 0.00338756348083 0)
(0.61153187628 0.0010786714253 0)
(0.615783084962 0.000192964779184 0)
(0.614154393845 -3.42246662605e-05 0)
(0.614791306175 -4.69896747604e-05 0)
(0.614319889704 -3.18620709028e-05 0)
(0.614450464843 -1.23349144476e-05 0)
(0.614349263052 -5.17500797926e-06 0)
(0.614383739883 -1.02517190088e-06 0)
(0.614364148054 -2.9154391707e-07 0)
(0.614373043971 1.19991490613e-07 0)
(0.614369118463 4.41185898915e-08 0)
(0.614371194261 5.11974848147e-08 0)
(0.614370336129 1.03673052085e-08 0)
(0.614370787401 8.22950121739e-09 0)
(0.614370590538 5.51127761782e-11 0)
(0.614370686719 7.54865351226e-10 0)
(0.614370641771 -3.86205353096e-10 0)
(0.614370662631 5.66177417318e-11 0)
(0.614370652653 -9.72255676448e-11 0)
(0.614370657327 2.56284447071e-11 0)
(0.614370655197 -7.18426867182e-12 0)
(0.6143706563 1.70157636443e-11 0)
(0.614370655891 7.94412830597e-12 0)
(0.614370656191 1.35801887205e-11 0)
(0.614370656151 1.25363049127e-11 0)
(0.614370656264 1.53262723354e-11 0)
(0.614370656298 1.54258385988e-11 0)
(0.614370656363 1.20891865959e-11 0)
(0.614370656408 2.98981483446e-12 0)
(0.614370656457 -1.05704906542e-11 0)
(0.614370656498 -2.44981059675e-11 0)
(0.614370656536 -2.99901417452e-11 0)
(0.614370656568 -1.92985832102e-11 0)
(0.614370656593 1.71484705708e-11 0)
(0.614370656607 6.95007593497e-11 0)
(0.614370656612 1.35282223921e-10 0)
(0.614370656601 1.41730835627e-10 0)
(0.490767780444 0.00899268147481 0)
(0.583067292167 0.00728348108352 0)
(0.588258192736 0.00451137549327 0)
(0.614569734588 0.00171321264946 0)
(0.612263454777 0.000547391076726 0)
(0.616557724844 9.82155440224e-05 0)
(0.614935878426 -1.7058813547e-05 0)
(0.615567846035 -2.38128059402e-05 0)
(0.615091999736 -1.61411990898e-05 0)
(0.615220544581 -6.27245056917e-06 0)
(0.615118339768 -2.62655962828e-06 0)
(0.615152589359 -5.24465689514e-07 0)
(0.615132901642 -1.48011636836e-07 0)
(0.615141810404 6.01861967287e-08 0)
(0.615137885457 2.25256147476e-08 0)
(0.615139970635 2.58949863913e-08 0)
(0.61513911363 5.31771469997e-09 0)
(0.615139566786 4.16667739615e-09 0)
(0.61513936987 4.44007086497e-11 0)
(0.615139466295 3.83241645547e-10 0)
(0.61513942126 -1.89580613367e-10 0)
(0.615139442148 3.16998963653e-11 0)
(0.615139432143 -4.46958208537e-11 0)
(0.615139436823 1.65080312299e-11 0)
(0.615139434688 -2.52415610107e-13 0)
(0.615139435793 1.10921977244e-11 0)
(0.615139435383 6.44633739022e-12 0)
(0.615139435683 1.00090821933e-11 0)
(0.615139435643 1.04614971379e-11 0)
(0.615139435757 1.29867986406e-11 0)
(0.615139435792 1.34349888577e-11 0)
(0.615139435857 1.00992642754e-11 0)
(0.615139435901 1.5136890149e-12 0)
(0.61513943595 -1.2450798766e-11 0)
(0.61513943599 -2.63491253624e-11 0)
(0.615139436027 -3.1401830405e-11 0)
(0.615139436058 -2.06657128194e-11 0)
(0.615139436082 1.67155782963e-11 0)
(0.615139436098 7.0091533361e-11 0)
(0.615139436106 1.36779882954e-10 0)
(0.615139436104 1.4319935642e-10 0)
(0.490560470563 -2.61273906394e-10 0)
(0.582854288696 -3.20335210392e-10 0)
(0.588310197001 2.25242791347e-10 0)
(0.61473884923 1.06262289274e-10 0)
(0.612502173776 6.83647859112e-12 0)
(0.616810931335 2.43427461671e-11 0)
(0.615191418944 6.20367780383e-11 0)
(0.615821730502 1.30090365913e-11 0)
(0.615344399044 -2.4561816137e-11 0)
(0.615472259739 -1.74008210648e-11 0)
(0.615369717563 -5.40555704149e-12 0)
(0.615403890158 -3.23476547139e-12 0)
(0.615384170163 4.81236206669e-12 0)
(0.615393083144 1.44016513057e-11 0)
(0.615389158399 1.56213901232e-11 0)
(0.615391246719 1.20441612165e-11 0)
(0.6153903901 9.48614612262e-12 0)
(0.615390843888 8.65149674762e-12 0)
(0.615390646955 7.4698947891e-12 0)
(0.615390743462 7.27762441662e-12 0)
(0.615390698398 8.03200289984e-12 0)
(0.615390719295 7.97807110129e-12 0)
(0.615390709282 8.39705766093e-12 0)
(0.615390713963 7.62865811882e-12 0)
(0.615390711826 6.46389984395e-12 0)
(0.615390712932 5.38078746963e-12 0)
(0.615390712522 5.03728335478e-12 0)
(0.615390712822 6.26400461143e-12 0)
(0.615390712782 8.3758271257e-12 0)
(0.615390712896 1.06584821977e-11 0)
(0.615390712931 1.13835599137e-11 0)
(0.615390712996 7.91479361917e-12 0)
(0.615390713041 -4.18358104942e-13 0)
(0.615390713089 -1.41054462519e-11 0)
(0.615390713128 -2.75614926201e-11 0)
(0.615390713164 -3.27211975314e-11 0)
(0.615390713193 -2.16653811578e-11 0)
(0.615390713217 1.6104048919e-11 0)
(0.615390713235 7.02238477274e-11 0)
(0.615390713246 1.37137488632e-10 0)
(0.615390713254 1.4367615934e-10 0)
(0.490767780439 -0.00899268199781 0)
(0.583067292245 -0.00728348171051 0)
(0.588258192772 -0.00451137504505 0)
(0.614569734517 -0.00171321244526 0)
(0.612263454761 -0.000547391061263 0)
(0.616557724867 -9.82154918241e-05 0)
(0.614935878433 1.70589354868e-05 0)
(0.615567846027 2.3812830161e-05 0)
(0.615091999738 1.61411517438e-05 0)
(0.615220544588 6.27241674073e-06 0)
(0.615118339767 2.62654809909e-06 0)
(0.615152589355 5.24459631828e-07 0)
(0.615132901642 1.48021875166e-07 0)
(0.615141810404 -6.0157372213e-08 0)
(0.615137885457 -2.24943020156e-08 0)
(0.615139970635 -2.58706387476e-08 0)
(0.615139113631 -5.2992931701e-09 0)
(0.615139566787 -4.14958644537e-09 0)
(0.61513936987 -2.92992480285e-11 0)
(0.615139466295 -3.68848682681e-10 0)
(0.61513942126 2.05573802889e-10 0)
(0.615139442148 -1.53929106591e-11 0)
(0.615139432143 6.16756209246e-11 0)
(0.615139436822 -9.02602872899e-13 0)
(0.615139434688 1.33943738681e-11 0)
(0.615139435793 -8.65070264074e-14 0)
(0.615139435383 3.3999776145e-12 0)
(0.615139435683 2.34713941246e-12 0)
(0.615139435643 6.03294677688e-12 0)
(0.615139435757 8.16887099242e-12 0)
(0.615139435792 9.2954247733e-12 0)
(0.615139435858 5.73750749232e-12 0)
(0.615139435903 -2.09146228631e-12 0)
(0.61513943595 -1.54076621389e-11 0)
(0.615139435988 -2.87552951932e-11 0)
(0.615139436022 -3.38259091124e-11 0)
(0.61513943605 -2.22380063742e-11 0)
(0.615139436073 1.53801509047e-11 0)
(0.615139436093 6.94433443451e-11 0)
(0.615139436108 1.36608625261e-10 0)
(0.615139436125 1.43122571444e-10 0)
(0.491387937772 -0.0180748066792 0)
(0.58369737646 -0.0145063528483 0)
(0.588085843094 -0.00895021585196 0)
(0.614046038811 -0.00338756330046 0)
(0.61153187625 -0.00107867140479 0)
(0.615783085007 -0.000192964717359 0)
(0.614154393857 3.42247816175e-05 0)
(0.614791306158 4.69896944153e-05 0)
(0.614319889709 3.18620280593e-05 0)
(0.614450464855 1.23348831779e-05 0)
(0.61434926305 5.1749950866e-06 0)
(0.614383739875 1.02516567811e-06 0)
(0.614364148053 2.91555155687e-07 0)
(0.614373043971 -1.19962854359e-07 0)
(0.614369118461 -4.40880069675e-08 0)
(0.614371194261 -5.11732460171e-08 0)
(0.614370336131 -1.03488930879e-08 0)
(0.614370787403 -8.21293981839e-09 0)
(0.614370590539 -4.06433398567e-11 0)
(0.614370686719 -7.40517554038e-10 0)
(0.614370641771 4.0202640563e-10 0)
(0.614370662631 -4.0156041051e-11 0)
(0.614370652653 1.13943957404e-10 0)
(0.614370657326 -1.00080586358e-11 0)
(0.614370655197 2.0186265435e-11 0)
(0.614370656301 -5.76620182681e-12 0)
(0.614370655891 2.17981044513e-12 0)
(0.614370656191 -1.18424171129e-12 0)
(0.614370656151 3.83679044966e-12 0)
(0.614370656265 5.88306485326e-12 0)
(0.6143706563 7.32432231102e-12 0)
(0.614370656366 3.72601348454e-12 0)
(0.61437065641 -3.60665750006e-12 0)
(0.614370656457 -1.65378422139e-11 0)
(0.614370656494 -2.93537384524e-11 0)
(0.614370656526 -3.4357753657e-11 0)
(0.614370656552 -2.26436729529e-11 0)
(0.614370656575 1.44152514225e-11 0)
(0.614370656598 6.80280553101e-11 0)
(0.614370656616 1.34421250432e-10 0)
(0.614370656641 1.41328331961e-10 0)
(0.49241488441 -0.0273343895904 0)
(0.584716517879 -0.0216050131947 0)
(0.58774295694 -0.013242761918 0)
(0.613117704854 -0.00498438635987 0)
(0.610260268044 -0.00157799351116 0)
(0.614441059733 -0.000280897898977 0)
(0.61280148712 5.15805786654e-05 0)
(0.61344656138 6.89035452651e-05 0)
(0.612982442699 4.67521529848e-05 0)
(0.613116328105 1.79835020895e-05 0)
(0.613016768038 7.56980167863e-06 0)
(0.613051611213 1.47927888499e-06 0)
(0.613032176075 4.26348877143e-07 0)
(0.613041049973 -1.79008096877e-07 0)
(0.613037123671 -6.38668928819e-08 0)
(0.613039183996 -7.53293776537e-08 0)
(0.613038324086 -1.48892190587e-08 0)
(0.613038772256 -1.20888981472e-08 0)
(0.613038575497 -1.94118826273e-12 0)
(0.613038671272 -1.10320165379e-09 0)
(0.613038626471 5.96154007877e-10 0)
(0.613038647284 -6.74120322068e-11 0)
(0.613038637349 1.64750761989e-10 0)
(0.613038642013 -1.97162251421e-11 0)
(0.613038639892 2.68562677904e-11 0)
(0.613038640993 -1.18487700511e-11 0)
(0.613038640585 9.48491672084e-13 0)
(0.613038640883 -4.85308222929e-12 0)
(0.613038640844 1.37624582731e-12 0)
(0.613038640957 3.17945836755e-12 0)
(0.613038640993 5.04736548372e-12 0)
(0.613038641059 1.87584777922e-12 0)
(0.613038641103 -5.40131387423e-12 0)
(0.613038641149 -1.78408190488e-11 0)
(0.613038641184 -3.01597922642e-11 0)
(0.613038641215 -3.48397330628e-11 0)
(0.61303864124 -2.32258589467e-11 0)
(0.613038641262 1.32981398343e-11 0)
(0.613038641287 6.59688516313e-11 0)
(0.613038641308 1.31401665156e-10 0)
(0.613038641342 1.3880129215e-10 0)
(0.493835629122 -0.0368548731754 0)
(0.586073531604 -0.028509126839 0)
(0.587141981796 -0.0173124898298 0)
(0.611697971631 -0.00646542422683 0)
(0.608366970106 -0.0020300473951 0)
(0.612452045532 -0.000358900512726 0)
(0.610798346293 6.91614116732e-05 0)
(0.611454676739 8.89452874253e-05 0)
(0.611000596306 6.04206992906e-05 0)
(0.611138962234 2.30264915848e-05 0)
(0.611041638396 9.74052564683e-06 0)
(0.611076968697 1.86578149438e-06 0)
(0.611057746472 5.485943782e-07 0)
(0.611066588265 -2.3684597243e-07 0)
(0.61106266117 -8.09673986873e-08 0)
(0.611064700149 -9.78043952072e-08 0)
(0.611063837954 -1.86861021092e-08 0)
(0.611064281864 -1.56921420738e-08 0)
(0.611064085281 1.09463861737e-10 0)
(0.611064180497 -1.45382981911e-09 0)
(0.611064135902 7.86793315541e-10 0)
(0.611064156648 -9.81043546283e-11 0)
(0.611064146773 2.13513347712e-10 0)
(0.611064151424 -3.0139687538e-11 0)
(0.611064149315 3.32461037563e-11 0)
(0.611064150412 -1.76213816166e-11 0)
(0.611064150006 3.54305913037e-14 0)
(0.611064150303 -8.10287000022e-12 0)
(0.611064150263 -8.69201869326e-13 0)
(0.611064150376 4.69358295256e-13 0)
(0.611064150412 2.97104827673e-12 0)
(0.611064150477 2.58555493098e-14 0)
(0.611064150521 -6.90786058481e-12 0)
(0.611064150566 -1.88903545573e-11 0)
(0.611064150601 -3.06122155742e-11 0)
(0.61106415063 -3.5044361865e-11 0)
(0.611064150653 -2.36048847704e-11 0)
(0.611064150675 1.19988150621e-11 0)
(0.611064150701 6.3105275079e-11 0)
(0.611064150726 1.27182265267e-10 0)
(0.611064150768 1.3491246868e-10 0)
(0.495625386588 -0.0467121001146 0)
(0.587686899019 -0.0351384892904 0)
(0.586152014345 -0.0210789956747 0)
(0.609658219576 -0.0077931884785 0)
(0.605731099576 -0.0024203740868 0)
(0.609698077346 -0.000424215038452 0)
(0.608028115877 8.69309851228e-05 0)
(0.608698615252 0.000106533324621 0)
(0.608257135995 7.25061193438e-05 0)
(0.608401000168 2.72900407861e-05 0)
(0.608306446494 1.16242290041e-05 0)
(0.608342359455 2.16633555964e-06 0)
(0.608323400235 6.55134866347e-07 0)
(0.608332198593 -2.92951040791e-07 0)
(0.608328271045 -9.45810475754e-08 0)
(0.608330283117 -1.18106775139e-07 0)
(0.608329418335 -2.15299907064e-08 0)
(0.608329856903 -1.8946842151e-08 0)
(0.6083296606 3.12520137041e-10 0)
(0.608329755108 -1.78910296556e-09 0)
(0.608329710781 9.72663585349e-10 0)
(0.608329731439 -1.33224446974e-10 0)
(0.608329721641 2.59459252362e-10 0)
(0.608329726275 -4.14012481201e-11 0)
(0.608329724182 3.9198594122e-11 0)
(0.608329725272 -2.32992849338e-11 0)
(0.608329724869 -1.32986977847e-12 0)
(0.608329725164 -1.1477234873e-11 0)
(0.608329725124 -3.13544078997e-12 0)
(0.608329725237 -2.33063127768e-12 0)
(0.608329725272 9.20965239055e-13 0)
(0.608329725337 -2.0978817217e-12 0)
(0.608329725381 -8.36632147673e-12 0)
(0.608329725426 -1.95999095317e-11 0)
(0.608329725459 -3.0865239413e-11 0)
(0.608329725486 -3.50212820919e-11 0)
(0.608329725508 -2.3651805493e-11 0)
(0.608329725529 1.05297346399e-11 0)
(0.608329725557 6.01271522551e-11 0)
(0.608329725585 1.22213700925e-10 0)
(0.608329725635 1.29839479627e-10 0)
(0.497739842402 -0.0569695755396 0)
(0.589433816013 -0.0413995251798 0)
(0.584589977919 -0.0244570861643 0)
(0.606820372703 -0.00893146116893 0)
(0.602185553173 -0.00273572996607 0)
(0.606015850285 -0.000474565480016 0)
(0.604328916898 0.000104759058189 0)
(0.605016246643 0.000121123890947 0)
(0.604589704826 8.26856359382e-05 0)
(0.604739890288 3.06239991537e-05 0)
(0.604648565267 1.31677402495e-05 0)
(0.604685124635 2.36608631666e-06 0)
(0.6046664711 7.43643562703e-07 0)
(0.60467521312 -3.46701858841e-07 0)
(0.604671285939 -1.03973713121e-07 0)
(0.604673265919 -1.35803326409e-07 0)
(0.604672398515 -2.32426467973e-08 0)
(0.604672830752 -2.17885734857e-08 0)
(0.604672634871 6.22240156315e-10 0)
(0.60467272853 -2.10640071309e-09 0)
(0.604672684533 1.15286309244e-09 0)
(0.604672705083 -1.74227784568e-10 0)
(0.604672695378 3.01799948754e-10 0)
(0.604672699989 -5.41711842943e-11 0)
(0.604672697914 4.48074563401e-11 0)
(0.604672698998 -2.91307334658e-11 0)
(0.604672698597 -2.40100489441e-12 0)
(0.60467269889 -1.48395389208e-11 0)
(0.604672698851 -5.12548111689e-12 0)
(0.604672698963 -4.88052314972e-12 0)
(0.604672698998 -1.20660359393e-12 0)
(0.604672699063 -3.82184940837e-12 0)
(0.604672699106 -9.60864152055e-12 0)
(0.60467269915 -1.98775927491e-11 0)
(0.604672699181 -3.05442750101e-11 0)
(0.604672699207 -3.44351280648e-11 0)
(0.604672699228 -2.36232026063e-11 0)
(0.604672699248 8.99746806798e-12 0)
(0.604672699278 5.63063851998e-11 0)
(0.604672699308 1.15918460259e-10 0)
(0.604672699366 1.23771950319e-10 0)
(0.500103459066 -0.0676714568958 0)
(0.591134449412 -0.0471816213576 0)
(0.582208505849 -0.0273562744112 0)
(0.602946451279 -0.00984601132771 0)
(0.59750734712 -0.00296451857024 0)
(0.60118706111 -0.000508283702538 0)
(0.599484183142 0.000122400602713 0)
(0.600190665761 0.000132222668801 0)
(0.59978112344 9.06845282503e-05 0)
(0.599938216857 3.29073443063e-05 0)
(0.599850490626 1.43297074123e-05 0)
(0.599887722202 2.4543969978e-06 0)
(0.599869408743 8.12768013431e-07 0)
(0.599878079628 -3.97362699414e-07 0)
(0.5998741543 -1.08506367863e-07 0)
(0.599876097426 -1.50529983291e-07 0)
(0.599875227693 -2.36863821621e-08 0)
(0.599875652713 -2.4166937751e-08 0)
(0.599875457448 1.04886865997e-09 0)
(0.599875550122 -2.40440985381e-09 0)
(0.599875506522 1.3254214622e-09 0)
(0.59987552694 -2.21275736996e-10 0)
(0.599875517344 3.40322236469e-10 0)
(0.599875521927 -6.77669735708e-11 0)
(0.599875519874 4.981724779e-11 0)
(0.59987552095 -3.47906295531e-11 0)
(0.599875520552 -3.56033168836e-12 0)
(0.599875520842 -1.80158724299e-11 0)
(0.599875520803 -7.28466198745e-12 0)
(0.599875520913 -7.47541295287e-12 0)
(0.599875520948 -3.75310193176e-12 0)
(0.599875521013 -5.69150920076e-12 0)
(0.599875521056 -1.11648382385e-11 0)
(0.599875521098 -2.04154710316e-11 0)
(0.599875521129 -3.02655064405e-11 0)
(0.599875521153 -3.38734327297e-11 0)
(0.599875521172 -2.35802630374e-11 0)
(0.599875521192 7.73991995884e-12 0)
(0.599875521224 5.2205308058e-11 0)
(0.599875521256 1.08657291752e-10 0)
(0.599875521321 1.17356513628e-10 0)
(0.502592180865 -0.078832327463 0)
(0.592529974687 -0.0523534617374 0)
(0.578679941744 -0.029680924679 0)
(0.597724723681 -0.0105055994273 0)
(0.591404747289 -0.00309730547445 0)
(0.594925498628 -0.000524434625492 0)
(0.593209740766 0.000139477920456 0)
(0.59393724483 0.000139398400104 0)
(0.593546444991 9.62851808874e-05 0)
(0.593710754641 3.40534125061e-05 0)
(0.593626898802 1.50823832702e-05 0)
(0.593664784609 2.42549700813e-06 0)
(0.593646837023 8.62226428283e-07 0)
(0.593655419735 -4.44075923565e-07 0)
(0.59365149867 -1.07660111775e-07 0)
(0.593653400625 -1.62003406881e-07 0)
(0.593652529258 -2.2769065593e-08 0)
(0.59365294628 -2.60487463783e-08 0)
(0.593652751883 1.59553077616e-09 0)
(0.593652843441 -2.68304977856e-09 0)
(0.593652800307 1.48918843498e-09 0)
(0.593652820568 -2.750602302e-10 0)
(0.593652811097 3.74916076399e-10 0)
(0.593652815646 -8.30816320734e-11 0)
(0.593652813618 5.46648509102e-11 0)
(0.593652814683 -4.03292925047e-11 0)
(0.593652814289 -4.27893186793e-12 0)
(0.593652814576 -2.06761837504e-11 0)
(0.593652814537 -9.18322878564e-12 0)
(0.593652814646 -9.6782865289e-12 0)
(0.593652814681 -5.7606500467e-12 0)
(0.593652814744 -7.6608930944e-12 0)
(0.593652814787 -1.20206340602e-11 0)
(0.593652814828 -2.05515588111e-11 0)
(0.593652814858 -2.93060674471e-11 0)
(0.59365281488 -3.28031323442e-11 0)
(0.593652814899 -2.29310236436e-11 0)
(0.593652814917 6.16121955309e-12 0)
(0.59365281495 4.76120098162e-11 0)
(0.593652814984 1.0035673174e-10 0)
(0.593652815056 1.10022699642e-10 0)
(0.505008101855 -0.0904223742887 0)
(0.593252428666 -0.0567595936466 0)
(0.573575727756 -0.0313313762974 0)
(0.590751731214 -0.0108833419223 0)
(0.583500461391 -0.00312742886915 0)
(0.586860118597 -0.000522934225857 0)
(0.585136865534 0.000155467509784 0)
(0.585886649189 0.000142299503165 0)
(0.58551597563 9.93358578986e-05 0)
(0.585687487646 3.40149162355e-05 0)
(0.585607668812 1.54130687915e-05 0)
(0.585646141386 2.27904219633e-06 0)
(0.585628577391 8.92842543359e-07 0)
(0.585637052229 -4.85854083447e-07 0)
(0.585633139138 -1.0106795854e-07 0)
(0.58563499602 -1.70027471552e-07 0)
(0.585634124201 -2.04532716765e-08 0)
(0.585634532536 -2.74159240062e-08 0)
(0.585634339338 2.25937214781e-09 0)
(0.585634429647 -2.94217507507e-09 0)
(0.585634387057 1.64230476722e-09 0)
(0.585634407131 -3.3536621643e-10 0)
(0.5856343978 4.04933907115e-10 0)
(0.585634402308 -9.90767634629e-11 0)
(0.585634400307 5.90645682017e-11 0)
(0.585634401361 -4.58149037034e-11 0)
(0.585634400971 -4.79279523473e-12 0)
(0.585634401254 -2.34935486996e-11 0)
(0.585634401215 -1.09236942994e-11 0)
(0.585634401323 -1.18354964436e-11 0)
(0.585634401357 -7.73677694663e-12 0)
(0.58563440142 -9.5715631202e-12 0)
(0.585634401461 -1.3166465619e-11 0)
(0.585634401502 -2.06898851546e-11 0)
(0.58563440153 -2.85461027006e-11 0)
(0.585634401551 -3.16635308995e-11 0)
(0.585634401568 -2.22989257339e-11 0)
(0.585634401586 4.29938050725e-12 0)
(0.58563440162 4.30718764636e-11 0)
(0.585634401656 9.15086910693e-11 0)
(0.585634401733 1.01642071608e-10 0)
(0.50704251055 -0.102346113329 0)
(0.592783717297 -0.0602176642135 0)
(0.566340322013 -0.0322065127674 0)
(0.581509247742 -0.0109585049677 0)
(0.573309943198 -0.00305171308132 0)
(0.576513098613 -0.000504649865339 0)
(0.574790313557 0.000169694109987 0)
(0.575562805437 0.000140675102845 0)
(0.575213251348 9.97591190505e-05 0)
(0.575391581639 3.27888040105e-05 0)
(0.575315860279 1.53251268462e-05 0)
(0.57535479668 2.02057629694e-06 0)
(0.575337627596 9.06496839689e-07 0)
(0.575345971595 -5.21578893605e-07 0)
(0.575342072049 -8.8551838874e-08 0)
(0.575343880274 -1.74498907845e-07 0)
(0.575343009793 -1.6762818713e-08 0)
(0.575343408815 -2.82684494539e-08 0)
(0.57534321724 3.02957878746e-09 0)
(0.575343306159 -3.1823971003e-09 0)
(0.575343264199 1.7830290511e-09 0)
(0.57534328405 -4.02004959311e-10 0)
(0.575343274877 4.30261204881e-10 0)
(0.575343279335 -1.16668952294e-10 0)
(0.575343277366 6.30088490095e-11 0)
(0.575343278405 -5.0981437745e-11 0)
(0.57534327802 -4.85118502032e-12 0)
(0.575343278298 -2.59779199972e-11 0)
(0.575343278259 -1.23920665205e-11 0)
(0.575343278365 -1.3661004954e-11 0)
(0.575343278398 -9.18048196867e-12 0)
(0.57534327846 -1.10447169826e-11 0)
(0.575343278501 -1.41471883299e-11 0)
(0.575343278541 -2.06313394425e-11 0)
(0.575343278568 -2.73318164863e-11 0)
(0.575343278587 -3.00203417649e-11 0)
(0.575343278603 -2.15756502796e-11 0)
(0.57534327862 2.81101739001e-12 0)
(0.575343278655 3.80986660082e-11 0)
(0.575343278692 8.24459047238e-11 0)
(0.575343278774 9.26690055902e-11 0)
(0.508222046777 -0.114412203472 0)
(0.590400235072 -0.0625170776414 0)
(0.556258688591 -0.0322084273916 0)
(0.56933497354 -0.0107187788917 0)
(0.560213583383 -0.00287128385654 0)
(0.563271566415 -0.000471465836914 0)
(0.561560023662 0.00018133480411 0)
(0.562354509738 0.000134402489815 0)
(0.562026662241 9.75596404947e-05 0)
(0.56221099981 3.04211050988e-05 0)
(0.562139336786 1.48384220845e-05 0)
(0.562178551555 1.6619142652e-06 0)
(0.562161785717 9.05961403681e-07 0)
(0.562169971688 -5.49997369856e-07 0)
(0.562166093984 -7.01767886651e-08 0)
(0.562167850066 -1.75405776441e-07 0)
(0.562166983488 -1.17930568861e-08 0)
(0.56216737257 -2.86196053908e-08 0)
(0.562167183173 3.88534058305e-09 0)
(0.562167270535 -3.40377488421e-09 0)
(0.562167229309 1.90805482572e-09 0)
(0.562167248892 -4.74050726557e-10 0)
(0.562167239896 4.50443382678e-10 0)
(0.562167244293 -1.34900680785e-10 0)
(0.562167242359 6.6465671039e-11 0)
(0.562167243381 -5.58339927883e-11 0)
(0.562167243002 -4.8814569627e-12 0)
(0.562167243274 -2.83484963376e-11 0)
(0.562167243235 -1.3576142789e-11 0)
(0.562167243339 -1.55107337706e-11 0)
(0.562167243371 -1.09781821383e-11 0)
(0.562167243432 -1.24688106397e-11 0)
(0.562167243472 -1.46761707578e-11 0)
(0.56216724351 -2.04584539645e-11 0)
(0.562167243536 -2.58933296089e-11 0)
(0.562167243554 -2.78601305148e-11 0)
(0.562167243569 -2.06396962965e-11 0)
(0.562167243585 1.07265262452e-12 0)
(0.56216724362 3.28613837369e-11 0)
(0.562167243658 7.26520090266e-11 0)
(0.562167243744 8.31394295494e-11 0)
(0.507830241806 -0.126290686779 0)
(0.585098433987 -0.0634203255844 0)
(0.542416369144 -0.0312501471184 0)
(0.553385431594 -0.0101630505744 0)
(0.543421216552 -0.00259247377236 0)
(0.546351311842 -0.000426286879253 0)
(0.544664814778 0.00018943625312 0)
(0.545478984042 0.000123524130114 0)
(0.545173037798 9.28309459617e-05 0)
(0.545362072433 2.70120496795e-05 0)
(0.545294347049 1.39889773279e-05 0)
(0.5453335828 1.22148303215e-06 0)
(0.545317231559 8.94574532245e-07 0)
(0.545325226463 -5.69705931772e-07 0)
(0.545321382958 -4.63257134172e-08 0)
(0.545323083099 -1.7281903558e-07 0)
(0.545322224023 -5.72236798214e-09 0)
(0.545322602431 -2.84949100128e-08 0)
(0.545322415944 4.7955147608e-09 0)
(0.54532250153 -3.60526122492e-09 0)
(0.545322461169 2.01458163964e-09 0)
(0.545322480423 -5.50285544995e-10 0)
(0.545322471629 4.65555939694e-10 0)
(0.54532247595 -1.5353968886e-10 0)
(0.545322474055 6.95165322054e-11 0)
(0.545322475057 -6.05039745229e-11 0)
(0.545322474684 -4.75808903581e-12 0)
(0.54532247495 -3.0136797651e-11 0)
(0.545322474911 -1.45722592816e-11 0)
(0.545322475012 -1.71772716541e-11 0)
(0.545322475043 -1.23764495253e-11 0)
(0.545322475102 -1.33150981805e-11 0)
(0.545322475141 -1.50406912273e-11 0)
(0.545322475178 -2.00363808916e-11 0)
(0.545322475202 -2.45433535524e-11 0)
(0.545322475219 -2.60810677133e-11 0)
(0.545322475233 -1.92292550618e-11 0)
(0.545322475248 -3.20892120582e-13 0)
(0.545322475283 2.76827732251e-11 0)
(0.545322475321 6.23793503812e-11 0)
(0.54532247541 7.30970974128e-11 0)
(0.504792972105 -0.137450953511 0)
(0.575495188572 -0.0626693590472 0)
(0.523651237345 -0.0292679282511 0)
(0.532589119541 -0.00930465839175 0)
(0.521926941482 -0.00222779066882 0)
(0.524750303716 -0.000372940162481 0)
(0.523105928075 0.000192949621903 0)
(0.523935206456 0.000108298926124 0)
(0.52365102926 8.57605107082e-05 0)
(0.523842852306 2.27219674502e-05 0)
(0.523778897977 1.28275645975e-05 0)
(0.523817811358 7.24687800214e-07 0)
(0.523801899014 8.75679844756e-07 0)
(0.523809661163 -5.79105115154e-07 0)
(0.523805870365 -1.7812322738e-08 0)
(0.523807509727 -1.66870383266e-07 0)
(0.523806663188 1.16894487328e-09 0)
(0.523807029896 -2.79220444248e-08 0)
(0.523806847311 5.71316504268e-09 0)
(0.523806930805 -3.78231705902e-09 0)
(0.523806891488 2.09684199448e-09 0)
(0.523806910326 -6.2768524045e-10 0)
(0.523806901768 4.74856583927e-10 0)
(0.523806905992 -1.71027287126e-10 0)
(0.523806904144 7.23535638933e-11 0)
(0.523806905121 -6.40652662881e-11 0)
(0.523806904756 -4.45951948237e-12 0)
(0.523806905014 -3.1108019772e-11 0)
(0.523806904974 -1.50171355157e-11 0)
(0.523806905072 -1.8239300939e-11 0)
(0.523806905101 -1.35006035841e-11 0)
(0.523806905158 -1.42280777285e-11 0)
(0.523806905195 -1.52163124795e-11 0)
(0.523806905231 -1.92403549298e-11 0)
(0.523806905254 -2.26495680539e-11 0)
(0.52380690527 -2.38713343125e-11 0)
(0.523806905283 -1.75565036509e-11 0)
(0.523806905297 -1.47579159274e-12 0)
(0.523806905331 2.2402312954e-11 0)
(0.523806905369 5.24020064714e-11 0)
(0.52380690546 6.27994321599e-11 0)
(0.497510420174 -0.147070535923 0)
(0.559694654585 -0.0600015040747 0)
(0.4984964028 -0.0262399928627 0)
(0.50558745345 -0.00817504210942 0)
(0.494451713527 -0.00179687115734 0)
(0.497189205875 -0.000315931531752 0)
(0.495607664013 0.000190792976309 0)
(0.496444229375 8.92716526844e-05 0)
(0.496181519333 7.6633325651e-05 0)
(0.496373479332 1.77781322692e-05 0)
(0.496313146728 1.141707357e-05 0)
(0.496351286005 2.04293689164e-07 0)
(0.496335865844 8.51793533703e-07 0)
(0.496343340049 -5.76328714567e-07 0)
(0.496339629904 1.39650455885e-08 0)
(0.496341201373 -1.57715288624e-07 0)
(0.496340374487 8.47516985624e-09 0)
(0.496340727866 -2.69196628245e-08 0)
(0.496340550566 6.57510397504e-09 0)
(0.496340631492 -3.92397728279e-09 0)
(0.496340593468 2.1479362906e-09 0)
(0.496340611765 -7.01133993764e-10 0)
(0.496340603492 4.77822655171e-10 0)
(0.49634060759 -1.86751427386e-10 0)
(0.4963406058 7.47198871766e-11 0)
(0.496340606745 -6.65190349662e-11 0)
(0.496340606389 -3.59850269752e-12 0)
(0.496340606638 -3.15768572774e-11 0)
(0.496340606598 -1.50963215111e-11 0)
(0.496340606691 -1.89084893417e-11 0)
(0.496340606718 -1.39206130397e-11 0)
(0.496340606772 -1.46463235983e-11 0)
(0.496340606808 -1.51630703447e-11 0)
(0.496340606842 -1.81369756826e-11 0)
(0.496340606863 -2.0649187127e-11 0)
(0.496340606878 -2.12496789261e-11 0)
(0.49634060689 -1.58225790029e-11 0)
(0.496340606903 -2.72833666891e-12 0)
(0.496340606936 1.71891520307e-11 0)
(0.496340606972 4.20206689159e-11 0)
(0.496340607063 5.21601889164e-11 0)
(0.483609231603 -0.153915841832 0)
(0.535110872904 -0.0551798152758 0)
(0.465114572683 -0.0222120860998 0)
(0.470660289839 -0.00682719565522 0)
(0.459370491029 -0.00132721983696 0)
(0.462035273963 -0.000260008456273 0)
(0.460541605821 0.000181945161433 0)
(0.46137291755 6.73580683315e-05 0)
(0.461131520121 6.58317027621e-05 0)
(0.461320003445 1.24816055883e-05 0)
(0.46126326725 9.82826837915e-06 0)
(0.461300035206 -2.99271533641e-07 0)
(0.461285215058 8.23482985941e-07 0)
(0.461292324276 -5.59138662613e-07 0)
(0.461288737423 4.6828804057e-08 0)
(0.461290229479 -1.4547845153e-07 0)
(0.461289432488 1.56356603818e-08 0)
(0.4612897698 -2.54802867022e-08 0)
(0.461289599781 7.29319504607e-09 0)
(0.461289677381 -4.00864305437e-09 0)
(0.461289641025 2.15656266035e-09 0)
(0.461289658591 -7.62628098999e-10 0)
(0.461289650679 4.7249005182e-10 0)
(0.461289654609 -1.98712560366e-10 0)
(0.461289652893 7.60339773516e-11 0)
(0.461289653796 -6.72656818209e-11 0)
(0.461289653453 -2.54909623999e-12 0)
(0.461289653689 -3.12281303014e-11 0)
(0.461289653649 -1.45945720011e-11 0)
(0.461289653737 -1.85887814635e-11 0)
(0.461289653761 -1.38992714956e-11 0)
(0.461289653812 -1.46231508802e-11 0)
(0.461289653845 -1.4405329439e-11 0)
(0.461289653877 -1.6297400538e-11 0)
(0.461289653897 -1.83027886999e-11 0)
(0.46128965391 -1.81014245794e-11 0)
(0.461289653921 -1.38112728509e-11 0)
(0.461289653933 -3.4469030737e-12 0)
(0.461289653964 1.24568327631e-11 0)
(0.461289653998 3.19849172438e-11 0)
(0.461289654087 4.17070699833e-11 0)
(0.459578279073 -0.156228372327 0)
(0.49823570371 -0.0480338639819 0)
(0.421225242191 -0.0173288358679 0)
(0.425631435362 -0.0053367812943 0)
(0.414619801706 -0.000854591064959 0)
(0.417204950775 -0.000209349499939 0)
(0.415829959214 0.000165497681707 0)
(0.416636542282 4.39573311527e-05 0)
(0.416417042639 5.38111867543e-05 0)
(0.416597129388 7.21721068065e-06 0)
(0.416544264789 8.13024656665e-06 0)
(0.416578856522 -7.36555301588e-07 0)
(0.416564839087 7.8735391332e-07 0)
(0.41657147011 -5.24469738055e-07 0)
(0.416568072216 7.74731391926e-08 0)
(0.41656946544 -1.30110419825e-07 0)
(0.416568713403 2.18737847117e-08 0)
(0.416569029976 -2.3534896116e-08 0)
(0.416568870206 7.7423534721e-09 0)
(0.416568943261 -3.99749665535e-09 0)
(0.416568909154 2.10455688922e-09 0)
(0.416568925693 -8.01224819376e-10 0)
(0.416568918264 4.55550671398e-10 0)
(0.416568921958 -2.04499660704e-10 0)
(0.416568920343 7.56770351808e-11 0)
(0.416568921189 -6.58841046181e-11 0)
(0.416568920864 -8.05587843335e-13 0)
(0.416568921084 -2.96431487184e-11 0)
(0.416568921044 -1.32073494928e-11 0)
(0.416568921125 -1.76575823373e-11 0)
(0.416568921146 -1.3117529921e-11 0)
(0.416568921192 -1.40272702394e-11 0)
(0.416568921222 -1.33025232712e-11 0)
(0.416568921251 -1.41474406489e-11 0)
(0.416568921269 -1.55589375146e-11 0)
(0.416568921282 -1.48986464783e-11 0)
(0.416568921291 -1.15410346712e-11 0)
(0.416568921301 -4.00430241302e-12 0)
(0.41656892133 8.09110851053e-12 0)
(0.41656892136 2.27075659602e-11 0)
(0.416568921445 3.15465520586e-11 0)
(0.42024036772 -0.151568550194 0)
(0.444346485006 -0.0385079464701 0)
(0.364026238682 -0.0118880260011 0)
(0.367747655894 -0.0037982197871 0)
(0.357580303863 -0.000423919184075 0)
(0.360039120631 -0.000165742931789 0)
(0.358822300392 0.000140462898444 0)
(0.359574405259 2.12204931612e-05 0)
(0.35937917475 4.10081735668e-05 0)
(0.359544092609 2.49328950649e-06 0)
(0.359495960388 6.36488496375e-06 0)
(0.359527258003 -1.04132662011e-06 0)
(0.359514405383 7.3056301616e-07 0)
(0.359520384784 -4.66509122278e-07 0)
(0.359517277833 1.00383254269e-07 0)
(0.359518539128 -1.10904521554e-07 0)
(0.359517854663 2.59775039099e-08 0)
(0.359518142554 -2.08412718415e-08 0)
(0.359517997565 7.71499660838e-09 0)
(0.359518064098 -3.8095218168e-09 0)
(0.359518033154 1.95634943699e-09 0)
(0.359518048204 -7.95646954932e-10 0)
(0.359518041454 4.20120891077e-10 0)
(0.359518044809 -1.98648413274e-10 0)
(0.359518043337 7.25356514418e-11 0)
(0.359518044104 -6.11476680686e-11 0)
(0.359518043806 1.42596504661e-12 0)
(0.359518044003 -2.62926958704e-11 0)
(0.359518043965 -1.1044870535e-11 0)
(0.359518044036 -1.56615878125e-11 0)
(0.359518044053 -1.1626685929e-11 0)
(0.359518044094 -1.24702263887e-11 0)
(0.359518044119 -1.13953334029e-11 0)
(0.359518044145 -1.16199770912e-11 0)
(0.35951804416 -1.2301968387e-11 0)
(0.359518044171 -1.16472680553e-11 0)
(0.359518044179 -9.12211068759e-12 0)
(0.359518044188 -4.03965403177e-12 0)
(0.359518044212 4.3957267482e-12 0)
(0.359518044239 1.4145814799e-11 0)
(0.359518044315 2.18833781773e-11 0)
(0.357968268184 -0.136051008641 0)
(0.367129584812 -0.0268451060199 0)
(0.290113505105 -0.00648377266371 0)
(0.293525475326 -0.00232299644521 0)
(0.284927588316 -9.25548052497e-05 0)
(0.287143392071 -0.000125379697767 0)
(0.286138419514 0.000105625969829 0)
(0.286791057888 2.68796342015e-06 0)
(0.286626003176 2.77538778608e-05 0)
(0.286766276065 -9.58055346176e-07 0)
(0.286724770134 4.5117633642e-06 0)
(0.286751172576 -1.11507505394e-06 0)
(0.286740105506 6.21255620843e-07 0)
(0.286745160662 -3.73656329635e-07 0)
(0.286742503621 1.05756744038e-07 0)
(0.286743577009 -8.57581213588e-08 0)
(0.286742994622 2.58869768666e-08 0)
(0.28674324051 -1.67985064577e-08 0)
(0.286743117336 6.83421823525e-09 0)
(0.286743174145 -3.27737548083e-09 0)
(0.286743147827 1.64123950159e-09 0)
(0.286743160654 -7.05430518954e-10 0)
(0.286743154901 3.51407512582e-10 0)
(0.286743157754 -1.72097298653e-10 0)
(0.286743156497 6.32357156894e-11 0)
(0.286743157147 -5.04716885569e-11 0)
(0.286743156891 3.42467202092e-12 0)
(0.286743157056 -2.0622052754e-11 0)
(0.286743157022 -7.67432693984e-12 0)
(0.28674315708 -1.22557291894e-11 0)
(0.286743157093 -8.82687494052e-12 0)
(0.286743157126 -9.50980015847e-12 0)
(0.286743157146 -8.27966280257e-12 0)
(0.286743157166 -8.20616401476e-12 0)
(0.286743157179 -8.47254534654e-12 0)
(0.286743157188 -8.01047979269e-12 0)
(0.286743157194 -6.16172418169e-12 0)
(0.286743157201 -3.42304207164e-12 0)
(0.286743157221 1.88169032676e-12 0)
(0.286743157241 7.09280583282e-12 0)
(0.286743157305 1.3219252172e-11 0)
(0.261383904753 -0.102230111607 0)
(0.258090326634 -0.0143135483459 0)
(0.195428690003 -0.00220889826295 0)
(0.198566141491 -0.0010678724426 0)
(0.192444659801 7.26852170275e-05 0)
(0.19418376114 -7.89863464343e-05 0)
(0.193468050706 6.19512519497e-05 0)
(0.193953540814 -6.55986084234e-06 0)
(0.193830981615 1.47373173113e-05 0)
(0.193933118402 -2.22732727445e-06 0)
(0.193901870442 2.55484837559e-06 0)
(0.193921022546 -8.53286843746e-07 0)
(0.193912775256 4.18056007152e-07 0)
(0.193916471878 -2.35695802511e-07 0)
(0.193914512947 8.14373437778e-08 0)
(0.193915304929 -5.26700151658e-08 0)
(0.193914877814 1.92043497208e-08 0)
(0.193915059674 -1.07365787572e-08 0)
(0.193914969341 4.68659482402e-09 0)
(0.193915011269 -2.20743513644e-09 0)
(0.193914991917 1.08182034668e-09 0)
(0.193915001358 -4.84290945722e-10 0)
(0.193914997117 2.31960909035e-10 0)
(0.193914999213 -1.15167305754e-10 0)
(0.193914998284 4.39551692571e-11 0)
(0.19391499876 -3.16198760708e-11 0)
(0.193914998569 4.18590457556e-12 0)
(0.193914998689 -1.20437273571e-11 0)
(0.193914998661 -3.71448537391e-12 0)
(0.193914998703 -6.79626313863e-12 0)
(0.193914998711 -4.66539970442e-12 0)
(0.193914998733 -4.92466403399e-12 0)
(0.193914998747 -4.26316273404e-12 0)
(0.193914998761 -4.24178298373e-12 0)
(0.193914998769 -4.06763843006e-12 0)
(0.193914998775 -3.95070338314e-12 0)
(0.193914998779 -2.69414696897e-12 0)
(0.193914998784 -1.737097154e-12 0)
(0.193914998797 8.77682930297e-13 0)
(0.19391499881 2.67874977843e-12 0)
(0.193914998856 6.23928742781e-12 0)
(0.113095983768 -0.0397627772502 0)
(0.105593732537 -0.00404140618066 0)
(0.0753206980536 -0.000263626466866 0)
(0.0773212183662 -0.00025972713401 0)
(0.0747911180467 5.25904837974e-05 0)
(0.0756236077357 -2.64594762901e-05 0)
(0.07531656861 1.91561694007e-05 0)
(0.0755320397188 -4.07547004713e-06 0)
(0.0754759290807 4.21383279391e-06 0)
(0.0755201604796 -1.09957060737e-06 0)
(0.0755057851642 7.77041476375e-07 0)
(0.0755140985841 -3.13676340629e-07 0)
(0.07551038652 1.44094355784e-07 0)
(0.0755120177112 -7.7404335106e-08 0)
(0.0755111501833 3.01973337155e-08 0)
(0.0755115039445 -1.70090149829e-08 0)
(0.0755113158605 6.97154408254e-09 0)
(0.0755113971529 -3.56884815546e-09 0)
(0.0755113572889 1.62688621699e-09 0)
(0.0755113759442 -7.58904534378e-10 0)
(0.0755113673644 3.66763390431e-10 0)
(0.0755113715476 -1.68208451084e-10 0)
(0.0755113696611 7.89752177164e-11 0)
(0.0755113705875 -3.91708623264e-11 0)
(0.0755113701733 1.5785938018e-11 0)
(0.0755113703828 -1.02065884342e-11 0)
(0.0755113702967 2.15407695947e-12 0)
(0.0755113703488 -3.4802127147e-12 0)
(0.0755113703355 -6.25265574354e-13 0)
(0.0755113703526 -1.75259177308e-12 0)
(0.0755113703552 -1.05627316725e-12 0)
(0.0755113703641 -1.22796142432e-12 0)
(0.0755113703692 -9.12178403055e-13 0)
(0.0755113703748 -1.02898548375e-12 0)
(0.0755113703782 -8.99380062936e-13 0)
(0.0755113703804 -8.9641006182e-13 0)
(0.0755113703821 -5.67272434985e-13 0)
(0.0755113703838 -4.25255817121e-13 0)
(0.0755113703889 1.45097635653e-13 0)
(0.0755113703936 5.76260118542e-13 0)
(0.0755113704127 1.59675782775e-12 0)
)
;

boundaryField
{
    in
    {
        type            fixedValue;
        value           uniform (0.5 0 0);
    }
    out
    {
        type            zeroGradient;
    }
    top
    {
        type            fixedValue;
        value           uniform (0 0 0);
    }
    bottom
    {
        type            fixedValue;
        value           uniform (0 0 0);
    }
    frontback
    {
        type            empty;
    }
}


// ************************************************************************* //
