/*--------------------------------*- C++ -*----------------------------------*\
| =========                 |                                                 |
| \\      /  F ield         | OpenFOAM: The Open Source CFD Toolbox           |
|  \\    /   O peration     | Version:  2112                                  |
|   \\  /    A nd           | Website:  www.openfoam.com                      |
|    \\/     M anipulation  |                                                 |
\*---------------------------------------------------------------------------*/
FoamFile
{
    version     2.0;
    format      ascii;
    arch        "LSB;label=32;scalar=64";
    note        "nPoints:15800  nCells:7200  nFaces:29500  nInternalFaces:13700";
    class       labelList;
    location    "constant/polyMesh";
    object      neighbour;
}
// * * * * * * * * * * * * * * * * * * * * * * * * * * * * * * * * * * * * * //


13700
(
1
20
2
21
3
22
4
23
5
24
6
25
7
26
8
27
9
28
10
29
11
30
12
31
13
32
14
33
15
34
16
35
17
36
18
37
19
38
39
21
40
22
41
23
42
24
43
25
44
26
45
27
46
28
47
29
48
30
49
31
50
32
51
33
52
34
53
35
54
36
55
37
56
38
57
39
58
59
41
60
42
61
43
62
44
63
45
64
46
65
47
66
48
67
49
68
50
69
51
70
52
71
53
72
54
73
55
74
56
75
57
76
58
77
59
78
79
61
80
62
81
63
82
64
83
65
84
66
85
67
86
68
87
69
88
70
89
71
90
72
91
73
92
74
93
75
94
76
95
77
96
78
97
79
98
99
81
100
82
101
83
102
84
103
85
104
86
105
87
106
88
107
89
108
90
109
91
110
92
111
93
112
94
113
95
114
96
115
97
116
98
117
99
118
119
101
120
102
121
103
122
104
123
105
124
106
125
107
126
108
127
109
128
110
129
111
130
112
131
113
132
114
133
115
134
116
135
117
136
118
137
119
138
139
121
140
122
141
123
142
124
143
125
144
126
145
127
146
128
147
129
148
130
149
131
150
132
151
133
152
134
153
135
154
136
155
137
156
138
157
139
158
159
141
160
142
161
143
162
144
163
145
164
146
165
147
166
148
167
149
168
150
169
151
170
152
171
153
172
154
173
155
174
156
175
157
176
158
177
159
178
179
161
180
162
181
163
182
164
183
165
184
166
185
167
186
168
187
169
188
170
189
171
190
172
191
173
192
174
193
175
194
176
195
177
196
178
197
179
198
199
181
280
182
281
183
282
184
283
185
284
186
285
187
286
188
287
189
288
190
289
191
290
192
291
193
292
194
293
195
294
196
295
197
296
198
297
199
298
299
201
380
202
381
203
382
204
383
205
384
206
385
207
386
208
387
209
388
210
389
211
390
212
391
213
392
214
393
215
394
216
395
217
396
218
397
219
398
220
399
221
400
222
401
223
402
224
403
225
404
226
405
227
406
228
407
229
408
230
409
231
410
232
411
233
412
234
413
235
414
236
415
237
416
238
417
239
418
240
419
241
420
242
421
243
422
244
423
245
424
246
425
247
426
248
427
249
428
250
429
251
430
252
431
253
432
254
433
255
434
256
435
257
436
258
437
259
438
260
439
261
440
262
441
263
442
264
443
265
444
266
445
267
446
268
447
269
448
270
449
271
450
272
451
273
452
274
453
275
454
276
455
277
456
278
457
279
458
280
459
281
460
282
461
283
462
284
463
285
464
286
465
287
466
288
467
289
468
290
469
291
470
292
471
293
472
294
473
295
474
296
475
297
476
298
477
299
478
300
479
301
480
302
481
303
482
304
483
305
484
306
485
307
486
308
487
309
488
310
489
311
490
312
491
313
492
314
493
315
494
316
495
317
496
318
497
319
498
320
499
321
500
322
501
323
502
324
503
325
504
326
505
327
506
328
507
329
508
330
509
331
510
332
511
333
512
334
513
335
514
336
515
337
516
338
517
339
518
340
519
341
520
342
521
343
522
344
523
345
524
346
525
347
526
348
527
349
528
350
529
351
530
352
531
353
532
354
533
355
534
356
535
357
536
358
537
359
538
360
539
361
540
362
541
363
542
364
543
365
544
366
545
367
546
368
547
369
548
370
549
371
550
372
551
373
552
374
553
375
554
376
555
377
556
378
557
379
558
559
381
560
382
561
383
562
384
563
385
564
386
565
387
566
388
567
389
568
390
569
391
570
392
571
393
572
394
573
395
574
396
575
397
576
398
577
399
578
400
579
401
580
402
581
403
582
404
583
405
584
406
585
407
586
408
587
409
588
410
589
411
590
412
591
413
592
414
593
415
594
416
595
417
596
418
597
419
598
420
599
421
600
422
601
423
602
424
603
425
604
426
605
427
606
428
607
429
608
430
609
431
610
432
611
433
612
434
613
435
614
436
615
437
616
438
617
439
618
440
619
441
620
442
621
443
622
444
623
445
624
446
625
447
626
448
627
449
628
450
629
451
630
452
631
453
632
454
633
455
634
456
635
457
636
458
637
459
638
460
639
461
640
462
641
463
642
464
643
465
644
466
645
467
646
468
647
469
648
470
649
471
650
472
651
473
652
474
653
475
654
476
655
477
656
478
657
479
658
480
659
481
660
482
661
483
662
484
663
485
664
486
665
487
666
488
667
489
668
490
669
491
670
492
671
493
672
494
673
495
674
496
675
497
676
498
677
499
678
500
679
501
680
502
681
503
682
504
683
505
684
506
685
507
686
508
687
509
688
510
689
511
690
512
691
513
692
514
693
515
694
516
695
517
696
518
697
519
698
520
699
521
700
522
701
523
702
524
703
525
704
526
705
527
706
528
707
529
708
530
709
531
710
532
711
533
712
534
713
535
714
536
715
537
716
538
717
539
718
540
719
541
720
542
721
543
722
544
723
545
724
546
725
547
726
548
727
549
728
550
729
551
730
552
731
553
732
554
733
555
734
556
735
557
736
558
737
559
738
739
561
740
562
741
563
742
564
743
565
744
566
745
567
746
568
747
569
748
570
749
571
750
572
751
573
752
574
753
575
754
576
755
577
756
578
757
579
758
580
759
581
760
582
761
583
762
584
763
585
764
586
765
587
766
588
767
589
768
590
769
591
770
592
771
593
772
594
773
595
774
596
775
597
776
598
777
599
778
600
779
601
780
602
781
603
782
604
783
605
784
606
785
607
786
608
787
609
788
610
789
611
790
612
791
613
792
614
793
615
794
616
795
617
796
618
797
619
798
620
799
621
800
622
801
623
802
624
803
625
804
626
805
627
806
628
807
629
808
630
809
631
810
632
811
633
812
634
813
635
814
636
815
637
816
638
817
639
818
640
819
641
820
642
821
643
822
644
823
645
824
646
825
647
826
648
827
649
828
650
829
651
830
652
831
653
832
654
833
655
834
656
835
657
836
658
837
659
838
660
839
661
840
662
841
663
842
664
843
665
844
666
845
667
846
668
847
669
848
670
849
671
850
672
851
673
852
674
853
675
854
676
855
677
856
678
857
679
858
680
859
681
860
682
861
683
862
684
863
685
864
686
865
687
866
688
867
689
868
690
869
691
870
692
871
693
872
694
873
695
874
696
875
697
876
698
877
699
878
700
879
701
880
702
881
703
882
704
883
705
884
706
885
707
886
708
887
709
888
710
889
711
890
712
891
713
892
714
893
715
894
716
895
717
896
718
897
719
898
720
899
721
900
722
901
723
902
724
903
725
904
726
905
727
906
728
907
729
908
730
909
731
910
732
911
733
912
734
913
735
914
736
915
737
916
738
917
739
918
919
741
920
742
921
743
922
744
923
745
924
746
925
747
926
748
927
749
928
750
929
751
930
752
931
753
932
754
933
755
934
756
935
757
936
758
937
759
938
760
939
761
940
762
941
763
942
764
943
765
944
766
945
767
946
768
947
769
948
770
949
771
950
772
951
773
952
774
953
775
954
776
955
777
956
778
957
779
958
780
959
781
960
782
961
783
962
784
963
785
964
786
965
787
966
788
967
789
968
790
969
791
970
792
971
793
972
794
973
795
974
796
975
797
976
798
977
799
978
800
979
801
980
802
981
803
982
804
983
805
984
806
985
807
986
808
987
809
988
810
989
811
990
812
991
813
992
814
993
815
994
816
995
817
996
818
997
819
998
820
999
821
1000
822
1001
823
1002
824
1003
825
1004
826
1005
827
1006
828
1007
829
1008
830
1009
831
1010
832
1011
833
1012
834
1013
835
1014
836
1015
837
1016
838
1017
839
1018
840
1019
841
1020
842
1021
843
1022
844
1023
845
1024
846
1025
847
1026
848
1027
849
1028
850
1029
851
1030
852
1031
853
1032
854
1033
855
1034
856
1035
857
1036
858
1037
859
1038
860
1039
861
1040
862
1041
863
1042
864
1043
865
1044
866
1045
867
1046
868
1047
869
1048
870
1049
871
1050
872
1051
873
1052
874
1053
875
1054
876
1055
877
1056
878
1057
879
1058
880
1059
881
1060
882
1061
883
1062
884
1063
885
1064
886
1065
887
1066
888
1067
889
1068
890
1069
891
1070
892
1071
893
1072
894
1073
895
1074
896
1075
897
1076
898
1077
899
1078
900
1079
901
1080
902
1081
903
1082
904
1083
905
1084
906
1085
907
1086
908
1087
909
1088
910
1089
911
1090
912
1091
913
1092
914
1093
915
1094
916
1095
917
1096
918
1097
919
1098
1099
921
1100
922
1101
923
1102
924
1103
925
1104
926
1105
927
1106
928
1107
929
1108
930
1109
931
1110
932
1111
933
1112
934
1113
935
1114
936
1115
937
1116
938
1117
939
1118
940
1119
941
1120
942
1121
943
1122
944
1123
945
1124
946
1125
947
1126
948
1127
949
1128
950
1129
951
1130
952
1131
953
1132
954
1133
955
1134
956
1135
957
1136
958
1137
959
1138
960
1139
961
1140
962
1141
963
1142
964
1143
965
1144
966
1145
967
1146
968
1147
969
1148
970
1149
971
1150
972
1151
973
1152
974
1153
975
1154
976
1155
977
1156
978
1157
979
1158
980
1159
981
1160
982
1161
983
1162
984
1163
985
1164
986
1165
987
1166
988
1167
989
1168
990
1169
991
1170
992
1171
993
1172
994
1173
995
1174
996
1175
997
1176
998
1177
999
1178
1000
1179
1001
1180
1002
1181
1003
1182
1004
1183
1005
1184
1006
1185
1007
1186
1008
1187
1009
1188
1010
1189
1011
1190
1012
1191
1013
1192
1014
1193
1015
1194
1016
1195
1017
1196
1018
1197
1019
1198
1020
1199
1021
1200
1022
1201
1023
1202
1024
1203
1025
1204
1026
1205
1027
1206
1028
1207
1029
1208
1030
1209
1031
1210
1032
1211
1033
1212
1034
1213
1035
1214
1036
1215
1037
1216
1038
1217
1039
1218
1040
1219
1041
1220
1042
1221
1043
1222
1044
1223
1045
1224
1046
1225
1047
1226
1048
1227
1049
1228
1050
1229
1051
1230
1052
1231
1053
1232
1054
1233
1055
1234
1056
1235
1057
1236
1058
1237
1059
1238
1060
1239
1061
1240
1062
1241
1063
1242
1064
1243
1065
1244
1066
1245
1067
1246
1068
1247
1069
1248
1070
1249
1071
1250
1072
1251
1073
1252
1074
1253
1075
1254
1076
1255
1077
1256
1078
1257
1079
1258
1080
1259
1081
1260
1082
1261
1083
1262
1084
1263
1085
1264
1086
1265
1087
1266
1088
1267
1089
1268
1090
1269
1091
1270
1092
1271
1093
1272
1094
1273
1095
1274
1096
1275
1097
1276
1098
1277
1099
1278
1279
1101
1280
1102
1281
1103
1282
1104
1283
1105
1284
1106
1285
1107
1286
1108
1287
1109
1288
1110
1289
1111
1290
1112
1291
1113
1292
1114
1293
1115
1294
1116
1295
1117
1296
1118
1297
1119
1298
1120
1299
1121
1300
1122
1301
1123
1302
1124
1303
1125
1304
1126
1305
1127
1306
1128
1307
1129
1308
1130
1309
1131
1310
1132
1311
1133
1312
1134
1313
1135
1314
1136
1315
1137
1316
1138
1317
1139
1318
1140
1319
1141
1320
1142
1321
1143
1322
1144
1323
1145
1324
1146
1325
1147
1326
1148
1327
1149
1328
1150
1329
1151
1330
1152
1331
1153
1332
1154
1333
1155
1334
1156
1335
1157
1336
1158
1337
1159
1338
1160
1339
1161
1340
1162
1341
1163
1342
1164
1343
1165
1344
1166
1345
1167
1346
1168
1347
1169
1348
1170
1349
1171
1350
1172
1351
1173
1352
1174
1353
1175
1354
1176
1355
1177
1356
1178
1357
1179
1358
1180
1359
1181
1360
1182
1361
1183
1362
1184
1363
1185
1364
1186
1365
1187
1366
1188
1367
1189
1368
1190
1369
1191
1370
1192
1371
1193
1372
1194
1373
1195
1374
1196
1375
1197
1376
1198
1377
1199
1378
1200
1379
1201
1380
1202
1381
1203
1382
1204
1383
1205
1384
1206
1385
1207
1386
1208
1387
1209
1388
1210
1389
1211
1390
1212
1391
1213
1392
1214
1393
1215
1394
1216
1395
1217
1396
1218
1397
1219
1398
1220
1399
1221
1400
1222
1401
1223
1402
1224
1403
1225
1404
1226
1405
1227
1406
1228
1407
1229
1408
1230
1409
1231
1410
1232
1411
1233
1412
1234
1413
1235
1414
1236
1415
1237
1416
1238
1417
1239
1418
1240
1419
1241
1420
1242
1421
1243
1422
1244
1423
1245
1424
1246
1425
1247
1426
1248
1427
1249
1428
1250
1429
1251
1430
1252
1431
1253
1432
1254
1433
1255
1434
1256
1435
1257
1436
1258
1437
1259
1438
1260
1439
1261
1440
1262
1441
1263
1442
1264
1443
1265
1444
1266
1445
1267
1446
1268
1447
1269
1448
1270
1449
1271
1450
1272
1451
1273
1452
1274
1453
1275
1454
1276
1455
1277
1456
1278
1457
1279
1458
1459
1281
1460
1282
1461
1283
1462
1284
1463
1285
1464
1286
1465
1287
1466
1288
1467
1289
1468
1290
1469
1291
1470
1292
1471
1293
1472
1294
1473
1295
1474
1296
1475
1297
1476
1298
1477
1299
1478
1300
1479
1301
1480
1302
1481
1303
1482
1304
1483
1305
1484
1306
1485
1307
1486
1308
1487
1309
1488
1310
1489
1311
1490
1312
1491
1313
1492
1314
1493
1315
1494
1316
1495
1317
1496
1318
1497
1319
1498
1320
1499
1321
1500
1322
1501
1323
1502
1324
1503
1325
1504
1326
1505
1327
1506
1328
1507
1329
1508
1330
1509
1331
1510
1332
1511
1333
1512
1334
1513
1335
1514
1336
1515
1337
1516
1338
1517
1339
1518
1340
1519
1341
1520
1342
1521
1343
1522
1344
1523
1345
1524
1346
1525
1347
1526
1348
1527
1349
1528
1350
1529
1351
1530
1352
1531
1353
1532
1354
1533
1355
1534
1356
1535
1357
1536
1358
1537
1359
1538
1360
1539
1361
1540
1362
1541
1363
1542
1364
1543
1365
1544
1366
1545
1367
1546
1368
1547
1369
1548
1370
1549
1371
1550
1372
1551
1373
1552
1374
1553
1375
1554
1376
1555
1377
1556
1378
1557
1379
1558
1380
1559
1381
1560
1382
1561
1383
1562
1384
1563
1385
1564
1386
1565
1387
1566
1388
1567
1389
1568
1390
1569
1391
1570
1392
1571
1393
1572
1394
1573
1395
1574
1396
1575
1397
1576
1398
1577
1399
1578
1400
1579
1401
1580
1402
1581
1403
1582
1404
1583
1405
1584
1406
1585
1407
1586
1408
1587
1409
1588
1410
1589
1411
1590
1412
1591
1413
1592
1414
1593
1415
1594
1416
1595
1417
1596
1418
1597
1419
1598
1420
1599
1421
1600
1422
1601
1423
1602
1424
1603
1425
1604
1426
1605
1427
1606
1428
1607
1429
1608
1430
1609
1431
1610
1432
1611
1433
1612
1434
1613
1435
1614
1436
1615
1437
1616
1438
1617
1439
1618
1440
1619
1441
1620
1442
1621
1443
1622
1444
1623
1445
1624
1446
1625
1447
1626
1448
1627
1449
1628
1450
1629
1451
1630
1452
1631
1453
1632
1454
1633
1455
1634
1456
1635
1457
1636
1458
1637
1459
1638
1639
1461
1640
1462
1641
1463
1642
1464
1643
1465
1644
1466
1645
1467
1646
1468
1647
1469
1648
1470
1649
1471
1650
1472
1651
1473
1652
1474
1653
1475
1654
1476
1655
1477
1656
1478
1657
1479
1658
1480
1659
1481
1660
1482
1661
1483
1662
1484
1663
1485
1664
1486
1665
1487
1666
1488
1667
1489
1668
1490
1669
1491
1670
1492
1671
1493
1672
1494
1673
1495
1674
1496
1675
1497
1676
1498
1677
1499
1678
1500
1679
1501
1680
1502
1681
1503
1682
1504
1683
1505
1684
1506
1685
1507
1686
1508
1687
1509
1688
1510
1689
1511
1690
1512
1691
1513
1692
1514
1693
1515
1694
1516
1695
1517
1696
1518
1697
1519
1698
1520
1699
1521
1700
1522
1701
1523
1702
1524
1703
1525
1704
1526
1705
1527
1706
1528
1707
1529
1708
1530
1709
1531
1710
1532
1711
1533
1712
1534
1713
1535
1714
1536
1715
1537
1716
1538
1717
1539
1718
1540
1719
1541
1720
1542
1721
1543
1722
1544
1723
1545
1724
1546
1725
1547
1726
1548
1727
1549
1728
1550
1729
1551
1730
1552
1731
1553
1732
1554
1733
1555
1734
1556
1735
1557
1736
1558
1737
1559
1738
1560
1739
1561
1740
1562
1741
1563
1742
1564
1743
1565
1744
1566
1745
1567
1746
1568
1747
1569
1748
1570
1749
1571
1750
1572
1751
1573
1752
1574
1753
1575
1754
1576
1755
1577
1756
1578
1757
1579
1758
1580
1759
1581
1760
1582
1761
1583
1762
1584
1763
1585
1764
1586
1765
1587
1766
1588
1767
1589
1768
1590
1769
1591
1770
1592
1771
1593
1772
1594
1773
1595
1774
1596
1775
1597
1776
1598
1777
1599
1778
1600
1779
1601
1780
1602
1781
1603
1782
1604
1783
1605
1784
1606
1785
1607
1786
1608
1787
1609
1788
1610
1789
1611
1790
1612
1791
1613
1792
1614
1793
1615
1794
1616
1795
1617
1796
1618
1797
1619
1798
1620
1799
1621
1800
1622
1801
1623
1802
1624
1803
1625
1804
1626
1805
1627
1806
1628
1807
1629
1808
1630
1809
1631
1810
1632
1811
1633
1812
1634
1813
1635
1814
1636
1815
1637
1816
1638
1817
1639
1818
1819
1641
1820
1642
1821
1643
1822
1644
1823
1645
1824
1646
1825
1647
1826
1648
1827
1649
1828
1650
1829
1651
1830
1652
1831
1653
1832
1654
1833
1655
1834
1656
1835
1657
1836
1658
1837
1659
1838
1660
1839
1661
1840
1662
1841
1663
1842
1664
1843
1665
1844
1666
1845
1667
1846
1668
1847
1669
1848
1670
1849
1671
1850
1672
1851
1673
1852
1674
1853
1675
1854
1676
1855
1677
1856
1678
1857
1679
1858
1680
1859
1681
1860
1682
1861
1683
1862
1684
1863
1685
1864
1686
1865
1687
1866
1688
1867
1689
1868
1690
1869
1691
1870
1692
1871
1693
1872
1694
1873
1695
1874
1696
1875
1697
1876
1698
1877
1699
1878
1700
1879
1701
1880
1702
1881
1703
1882
1704
1883
1705
1884
1706
1885
1707
1886
1708
1887
1709
1888
1710
1889
1711
1890
1712
1891
1713
1892
1714
1893
1715
1894
1716
1895
1717
1896
1718
1897
1719
1898
1720
1899
1721
1900
1722
1901
1723
1902
1724
1903
1725
1904
1726
1905
1727
1906
1728
1907
1729
1908
1730
1909
1731
1910
1732
1911
1733
1912
1734
1913
1735
1914
1736
1915
1737
1916
1738
1917
1739
1918
1740
1919
1741
1920
1742
1921
1743
1922
1744
1923
1745
1924
1746
1925
1747
1926
1748
1927
1749
1928
1750
1929
1751
1930
1752
1931
1753
1932
1754
1933
1755
1934
1756
1935
1757
1936
1758
1937
1759
1938
1760
1939
1761
1940
1762
1941
1763
1942
1764
1943
1765
1944
1766
1945
1767
1946
1768
1947
1769
1948
1770
1949
1771
1950
1772
1951
1773
1952
1774
1953
1775
1954
1776
1955
1777
1956
1778
1957
1779
1958
1780
1959
1781
1960
1782
1961
1783
1962
1784
1963
1785
1964
1786
1965
1787
1966
1788
1967
1789
1968
1790
1969
1791
1970
1792
1971
1793
1972
1794
1973
1795
1974
1796
1975
1797
1976
1798
1977
1799
1978
1800
1979
1801
1980
1802
1981
1803
1982
1804
1983
1805
1984
1806
1985
1807
1986
1808
1987
1809
1988
1810
1989
1811
1990
1812
1991
1813
1992
1814
1993
1815
1994
1816
1995
1817
1996
1818
1997
1819
1998
1999
1821
2000
1822
2001
1823
2002
1824
2003
1825
2004
1826
2005
1827
2006
1828
2007
1829
2008
1830
2009
1831
1832
1833
1834
1835
1836
1837
1838
1839
1840
1841
1842
1843
1844
1845
1846
1847
1848
1849
1850
1851
1852
1853
1854
1855
1856
1857
1858
1859
1860
1861
1862
1863
1864
1865
1866
1867
1868
1869
1870
1871
1872
1873
1874
1875
1876
1877
1878
1879
1880
1881
1882
1883
1884
1885
1886
1887
1888
1889
1890
1891
1892
1893
1894
1895
1896
1897
1898
1899
1900
1901
1902
1903
1904
1905
1906
1907
1908
1909
1910
1911
1912
1913
1914
1915
1916
1917
1918
1919
1920
1921
1922
1923
1924
1925
1926
1927
1928
1929
1930
1931
1932
1933
1934
1935
1936
1937
1938
1939
1940
1941
1942
1943
1944
1945
1946
1947
1948
1949
1950
1951
1952
1953
1954
1955
1956
1957
1958
1959
1960
1961
1962
1963
1964
1965
1966
1967
1968
1969
1970
1971
1972
1973
1974
1975
1976
1977
1978
1979
1980
1981
1982
1983
1984
1985
1986
1987
1988
1989
1990
1991
3600
1992
3601
1993
3602
1994
3603
1995
3604
1996
3605
1997
3606
1998
3607
1999
3608
3609
2001
2010
2002
2011
2003
2012
2004
2013
2005
2014
2006
2015
2007
2016
2008
2017
2009
2018
2019
2011
2020
2012
2021
2013
2022
2014
2023
2015
2024
2016
2025
2017
2026
2018
2027
2019
2028
2029
2021
2030
2022
2031
2023
2032
2024
2033
2025
2034
2026
2035
2027
2036
2028
2037
2029
2038
2039
2031
2040
2032
2041
2033
2042
2034
2043
2035
2044
2036
2045
2037
2046
2038
2047
2039
2048
2049
2041
2050
2042
2051
2043
2052
2044
2053
2045
2054
2046
2055
2047
2056
2048
2057
2049
2058
2059
2051
2060
2052
2061
2053
2062
2054
2063
2055
2064
2056
2065
2057
2066
2058
2067
2059
2068
2069
2061
2070
2062
2071
2063
2072
2064
2073
2065
2074
2066
2075
2067
2076
2068
2077
2069
2078
2079
2071
2080
2072
2081
2073
2082
2074
2083
2075
2084
2076
2085
2077
2086
2078
2087
2079
2088
2089
2081
2090
2082
2091
2083
2092
2084
2093
2085
2094
2086
2095
2087
2096
2088
2097
2089
2098
2099
2091
2100
2092
2101
2093
2102
2094
2103
2095
2104
2096
2105
2097
2106
2098
2107
2099
2108
2109
2101
2110
2102
2111
2103
2112
2104
2113
2105
2114
2106
2115
2107
2116
2108
2117
2109
2118
2119
2111
2120
2112
2121
2113
2122
2114
2123
2115
2124
2116
2125
2117
2126
2118
2127
2119
2128
2129
2121
2130
2122
2131
2123
2132
2124
2133
2125
2134
2126
2135
2127
2136
2128
2137
2129
2138
2139
2131
2140
2132
2141
2133
2142
2134
2143
2135
2144
2136
2145
2137
2146
2138
2147
2139
2148
2149
2141
2150
2142
2151
2143
2152
2144
2153
2145
2154
2146
2155
2147
2156
2148
2157
2149
2158
2159
2151
2160
2152
2161
2153
2162
2154
2163
2155
2164
2156
2165
2157
2166
2158
2167
2159
2168
2169
2161
2170
2162
2171
2163
2172
2164
2173
2165
2174
2166
2175
2167
2176
2168
2177
2169
2178
2179
2171
2180
2172
2181
2173
2182
2174
2183
2175
2184
2176
2185
2177
2186
2178
2187
2179
2188
2189
2181
2190
2182
2191
2183
2192
2184
2193
2185
2194
2186
2195
2187
2196
2188
2197
2189
2198
2199
2191
2200
2192
2201
2193
2202
2194
2203
2195
2204
2196
2205
2197
2206
2198
2207
2199
2208
2209
2201
2210
2202
2211
2203
2212
2204
2213
2205
2214
2206
2215
2207
2216
2208
2217
2209
2218
2219
2211
2220
2212
2221
2213
2222
2214
2223
2215
2224
2216
2225
2217
2226
2218
2227
2219
2228
2229
2221
2230
2222
2231
2223
2232
2224
2233
2225
2234
2226
2235
2227
2236
2228
2237
2229
2238
2239
2231
2240
2232
2241
2233
2242
2234
2243
2235
2244
2236
2245
2237
2246
2238
2247
2239
2248
2249
2241
2250
2242
2251
2243
2252
2244
2253
2245
2254
2246
2255
2247
2256
2248
2257
2249
2258
2259
2251
2260
2252
2261
2253
2262
2254
2263
2255
2264
2256
2265
2257
2266
2258
2267
2259
2268
2269
2261
2270
2262
2271
2263
2272
2264
2273
2265
2274
2266
2275
2267
2276
2268
2277
2269
2278
2279
2271
2280
2272
2281
2273
2282
2274
2283
2275
2284
2276
2285
2277
2286
2278
2287
2279
2288
2289
2281
2290
2282
2291
2283
2292
2284
2293
2285
2294
2286
2295
2287
2296
2288
2297
2289
2298
2299
2291
2300
2292
2301
2293
2302
2294
2303
2295
2304
2296
2305
2297
2306
2298
2307
2299
2308
2309
2301
2310
2302
2311
2303
2312
2304
2313
2305
2314
2306
2315
2307
2316
2308
2317
2309
2318
2319
2311
2320
2312
2321
2313
2322
2314
2323
2315
2324
2316
2325
2317
2326
2318
2327
2319
2328
2329
2321
2330
2322
2331
2323
2332
2324
2333
2325
2334
2326
2335
2327
2336
2328
2337
2329
2338
2339
2331
2340
2332
2341
2333
2342
2334
2343
2335
2344
2336
2345
2337
2346
2338
2347
2339
2348
2349
2341
2350
2342
2351
2343
2352
2344
2353
2345
2354
2346
2355
2347
2356
2348
2357
2349
2358
2359
2351
2360
2352
2361
2353
2362
2354
2363
2355
2364
2356
2365
2357
2366
2358
2367
2359
2368
2369
2361
2370
2362
2371
2363
2372
2364
2373
2365
2374
2366
2375
2367
2376
2368
2377
2369
2378
2379
2371
2380
2372
2381
2373
2382
2374
2383
2375
2384
2376
2385
2377
2386
2378
2387
2379
2388
2389
2381
2390
2382
2391
2383
2392
2384
2393
2385
2394
2386
2395
2387
2396
2388
2397
2389
2398
2399
2391
2400
2392
2401
2393
2402
2394
2403
2395
2404
2396
2405
2397
2406
2398
2407
2399
2408
2409
2401
2410
2402
2411
2403
2412
2404
2413
2405
2414
2406
2415
2407
2416
2408
2417
2409
2418
2419
2411
2420
2412
2421
2413
2422
2414
2423
2415
2424
2416
2425
2417
2426
2418
2427
2419
2428
2429
2421
2430
2422
2431
2423
2432
2424
2433
2425
2434
2426
2435
2427
2436
2428
2437
2429
2438
2439
2431
2440
2432
2441
2433
2442
2434
2443
2435
2444
2436
2445
2437
2446
2438
2447
2439
2448
2449
2441
2450
2442
2451
2443
2452
2444
2453
2445
2454
2446
2455
2447
2456
2448
2457
2449
2458
2459
2451
2460
2452
2461
2453
2462
2454
2463
2455
2464
2456
2465
2457
2466
2458
2467
2459
2468
2469
2461
2470
2462
2471
2463
2472
2464
2473
2465
2474
2466
2475
2467
2476
2468
2477
2469
2478
2479
2471
2480
2472
2481
2473
2482
2474
2483
2475
2484
2476
2485
2477
2486
2478
2487
2479
2488
2489
2481
2490
2482
2491
2483
2492
2484
2493
2485
2494
2486
2495
2487
2496
2488
2497
2489
2498
2499
2491
2500
2492
2501
2493
2502
2494
2503
2495
2504
2496
2505
2497
2506
2498
2507
2499
2508
2509
2501
2510
2502
2511
2503
2512
2504
2513
2505
2514
2506
2515
2507
2516
2508
2517
2509
2518
2519
2511
2520
2512
2521
2513
2522
2514
2523
2515
2524
2516
2525
2517
2526
2518
2527
2519
2528
2529
2521
2530
2522
2531
2523
2532
2524
2533
2525
2534
2526
2535
2527
2536
2528
2537
2529
2538
2539
2531
2540
2532
2541
2533
2542
2534
2543
2535
2544
2536
2545
2537
2546
2538
2547
2539
2548
2549
2541
2550
2542
2551
2543
2552
2544
2553
2545
2554
2546
2555
2547
2556
2548
2557
2549
2558
2559
2551
2560
2552
2561
2553
2562
2554
2563
2555
2564
2556
2565
2557
2566
2558
2567
2559
2568
2569
2561
2570
2562
2571
2563
2572
2564
2573
2565
2574
2566
2575
2567
2576
2568
2577
2569
2578
2579
2571
2580
2572
2581
2573
2582
2574
2583
2575
2584
2576
2585
2577
2586
2578
2587
2579
2588
2589
2581
2590
2582
2591
2583
2592
2584
2593
2585
2594
2586
2595
2587
2596
2588
2597
2589
2598
2599
2591
2600
2592
2601
2593
2602
2594
2603
2595
2604
2596
2605
2597
2606
2598
2607
2599
2608
2609
2601
2610
2602
2611
2603
2612
2604
2613
2605
2614
2606
2615
2607
2616
2608
2617
2609
2618
2619
2611
2620
2612
2621
2613
2622
2614
2623
2615
2624
2616
2625
2617
2626
2618
2627
2619
2628
2629
2621
2630
2622
2631
2623
2632
2624
2633
2625
2634
2626
2635
2627
2636
2628
2637
2629
2638
2639
2631
2640
2632
2641
2633
2642
2634
2643
2635
2644
2636
2645
2637
2646
2638
2647
2639
2648
2649
2641
2650
2642
2651
2643
2652
2644
2653
2645
2654
2646
2655
2647
2656
2648
2657
2649
2658
2659
2651
2660
2652
2661
2653
2662
2654
2663
2655
2664
2656
2665
2657
2666
2658
2667
2659
2668
2669
2661
2670
2662
2671
2663
2672
2664
2673
2665
2674
2666
2675
2667
2676
2668
2677
2669
2678
2679
2671
2680
2672
2681
2673
2682
2674
2683
2675
2684
2676
2685
2677
2686
2678
2687
2679
2688
2689
2681
2690
2682
2691
2683
2692
2684
2693
2685
2694
2686
2695
2687
2696
2688
2697
2689
2698
2699
2691
2700
2692
2701
2693
2702
2694
2703
2695
2704
2696
2705
2697
2706
2698
2707
2699
2708
2709
2701
2710
2702
2711
2703
2712
2704
2713
2705
2714
2706
2715
2707
2716
2708
2717
2709
2718
2719
2711
2720
2712
2721
2713
2722
2714
2723
2715
2724
2716
2725
2717
2726
2718
2727
2719
2728
2729
2721
2730
2722
2731
2723
2732
2724
2733
2725
2734
2726
2735
2727
2736
2728
2737
2729
2738
2739
2731
2740
2732
2741
2733
2742
2734
2743
2735
2744
2736
2745
2737
2746
2738
2747
2739
2748
2749
2741
2750
2742
2751
2743
2752
2744
2753
2745
2754
2746
2755
2747
2756
2748
2757
2749
2758
2759
2751
2760
2752
2761
2753
2762
2754
2763
2755
2764
2756
2765
2757
2766
2758
2767
2759
2768
2769
2761
2770
2762
2771
2763
2772
2764
2773
2765
2774
2766
2775
2767
2776
2768
2777
2769
2778
2779
2771
2780
2772
2781
2773
2782
2774
2783
2775
2784
2776
2785
2777
2786
2778
2787
2779
2788
2789
2781
2790
2782
2791
2783
2792
2784
2793
2785
2794
2786
2795
2787
2796
2788
2797
2789
2798
2799
2791
2800
2792
2801
2793
2802
2794
2803
2795
2804
2796
2805
2797
2806
2798
2807
2799
2808
2809
2801
2810
2802
2811
2803
2812
2804
2813
2805
2814
2806
2815
2807
2816
2808
2817
2809
2818
2819
2811
2820
2812
2821
2813
2822
2814
2823
2815
2824
2816
2825
2817
2826
2818
2827
2819
2828
2829
2821
2830
2822
2831
2823
2832
2824
2833
2825
2834
2826
2835
2827
2836
2828
2837
2829
2838
2839
2831
2840
2832
2841
2833
2842
2834
2843
2835
2844
2836
2845
2837
2846
2838
2847
2839
2848
2849
2841
2850
2842
2851
2843
2852
2844
2853
2845
2854
2846
2855
2847
2856
2848
2857
2849
2858
2859
2851
2860
2852
2861
2853
2862
2854
2863
2855
2864
2856
2865
2857
2866
2858
2867
2859
2868
2869
2861
2870
2862
2871
2863
2872
2864
2873
2865
2874
2866
2875
2867
2876
2868
2877
2869
2878
2879
2871
2880
2872
2881
2873
2882
2874
2883
2875
2884
2876
2885
2877
2886
2878
2887
2879
2888
2889
2881
2890
2882
2891
2883
2892
2884
2893
2885
2894
2886
2895
2887
2896
2888
2897
2889
2898
2899
2891
2900
2892
2901
2893
2902
2894
2903
2895
2904
2896
2905
2897
2906
2898
2907
2899
2908
2909
2901
2910
2902
2911
2903
2912
2904
2913
2905
2914
2906
2915
2907
2916
2908
2917
2909
2918
2919
2911
2920
2912
2921
2913
2922
2914
2923
2915
2924
2916
2925
2917
2926
2918
2927
2919
2928
2929
2921
2930
2922
2931
2923
2932
2924
2933
2925
2934
2926
2935
2927
2936
2928
2937
2929
2938
2939
2931
2940
2932
2941
2933
2942
2934
2943
2935
2944
2936
2945
2937
2946
2938
2947
2939
2948
2949
2941
2950
2942
2951
2943
2952
2944
2953
2945
2954
2946
2955
2947
2956
2948
2957
2949
2958
2959
2951
2960
2952
2961
2953
2962
2954
2963
2955
2964
2956
2965
2957
2966
2958
2967
2959
2968
2969
2961
2970
2962
2971
2963
2972
2964
2973
2965
2974
2966
2975
2967
2976
2968
2977
2969
2978
2979
2971
2980
2972
2981
2973
2982
2974
2983
2975
2984
2976
2985
2977
2986
2978
2987
2979
2988
2989
2981
2990
2982
2991
2983
2992
2984
2993
2985
2994
2986
2995
2987
2996
2988
2997
2989
2998
2999
2991
3000
2992
3001
2993
3002
2994
3003
2995
3004
2996
3005
2997
3006
2998
3007
2999
3008
3009
3001
3010
3002
3011
3003
3012
3004
3013
3005
3014
3006
3015
3007
3016
3008
3017
3009
3018
3019
3011
3020
3012
3021
3013
3022
3014
3023
3015
3024
3016
3025
3017
3026
3018
3027
3019
3028
3029
3021
3030
3022
3031
3023
3032
3024
3033
3025
3034
3026
3035
3027
3036
3028
3037
3029
3038
3039
3031
3040
3032
3041
3033
3042
3034
3043
3035
3044
3036
3045
3037
3046
3038
3047
3039
3048
3049
3041
3050
3042
3051
3043
3052
3044
3053
3045
3054
3046
3055
3047
3056
3048
3057
3049
3058
3059
3051
3060
3052
3061
3053
3062
3054
3063
3055
3064
3056
3065
3057
3066
3058
3067
3059
3068
3069
3061
3070
3062
3071
3063
3072
3064
3073
3065
3074
3066
3075
3067
3076
3068
3077
3069
3078
3079
3071
3080
3072
3081
3073
3082
3074
3083
3075
3084
3076
3085
3077
3086
3078
3087
3079
3088
3089
3081
3090
3082
3091
3083
3092
3084
3093
3085
3094
3086
3095
3087
3096
3088
3097
3089
3098
3099
3091
3100
3092
3101
3093
3102
3094
3103
3095
3104
3096
3105
3097
3106
3098
3107
3099
3108
3109
3101
3110
3102
3111
3103
3112
3104
3113
3105
3114
3106
3115
3107
3116
3108
3117
3109
3118
3119
3111
3120
3112
3121
3113
3122
3114
3123
3115
3124
3116
3125
3117
3126
3118
3127
3119
3128
3129
3121
3130
3122
3131
3123
3132
3124
3133
3125
3134
3126
3135
3127
3136
3128
3137
3129
3138
3139
3131
3140
3132
3141
3133
3142
3134
3143
3135
3144
3136
3145
3137
3146
3138
3147
3139
3148
3149
3141
3150
3142
3151
3143
3152
3144
3153
3145
3154
3146
3155
3147
3156
3148
3157
3149
3158
3159
3151
3160
3152
3161
3153
3162
3154
3163
3155
3164
3156
3165
3157
3166
3158
3167
3159
3168
3169
3161
3170
3162
3171
3163
3172
3164
3173
3165
3174
3166
3175
3167
3176
3168
3177
3169
3178
3179
3171
3180
3172
3181
3173
3182
3174
3183
3175
3184
3176
3185
3177
3186
3178
3187
3179
3188
3189
3181
3190
3182
3191
3183
3192
3184
3193
3185
3194
3186
3195
3187
3196
3188
3197
3189
3198
3199
3191
3200
3192
3201
3193
3202
3194
3203
3195
3204
3196
3205
3197
3206
3198
3207
3199
3208
3209
3201
3210
3202
3211
3203
3212
3204
3213
3205
3214
3206
3215
3207
3216
3208
3217
3209
3218
3219
3211
3220
3212
3221
3213
3222
3214
3223
3215
3224
3216
3225
3217
3226
3218
3227
3219
3228
3229
3221
3230
3222
3231
3223
3232
3224
3233
3225
3234
3226
3235
3227
3236
3228
3237
3229
3238
3239
3231
3240
3232
3241
3233
3242
3234
3243
3235
3244
3236
3245
3237
3246
3238
3247
3239
3248
3249
3241
3250
3242
3251
3243
3252
3244
3253
3245
3254
3246
3255
3247
3256
3248
3257
3249
3258
3259
3251
3260
3252
3261
3253
3262
3254
3263
3255
3264
3256
3265
3257
3266
3258
3267
3259
3268
3269
3261
3270
3262
3271
3263
3272
3264
3273
3265
3274
3266
3275
3267
3276
3268
3277
3269
3278
3279
3271
3280
3272
3281
3273
3282
3274
3283
3275
3284
3276
3285
3277
3286
3278
3287
3279
3288
3289
3281
3290
3282
3291
3283
3292
3284
3293
3285
3294
3286
3295
3287
3296
3288
3297
3289
3298
3299
3291
3300
3292
3301
3293
3302
3294
3303
3295
3304
3296
3305
3297
3306
3298
3307
3299
3308
3309
3301
3310
3302
3311
3303
3312
3304
3313
3305
3314
3306
3315
3307
3316
3308
3317
3309
3318
3319
3311
3320
3312
3321
3313
3322
3314
3323
3315
3324
3316
3325
3317
3326
3318
3327
3319
3328
3329
3321
3330
3322
3331
3323
3332
3324
3333
3325
3334
3326
3335
3327
3336
3328
3337
3329
3338
3339
3331
3340
3332
3341
3333
3342
3334
3343
3335
3344
3336
3345
3337
3346
3338
3347
3339
3348
3349
3341
3350
3342
3351
3343
3352
3344
3353
3345
3354
3346
3355
3347
3356
3348
3357
3349
3358
3359
3351
3360
3352
3361
3353
3362
3354
3363
3355
3364
3356
3365
3357
3366
3358
3367
3359
3368
3369
3361
3370
3362
3371
3363
3372
3364
3373
3365
3374
3366
3375
3367
3376
3368
3377
3369
3378
3379
3371
3380
3372
3381
3373
3382
3374
3383
3375
3384
3376
3385
3377
3386
3378
3387
3379
3388
3389
3381
3390
3382
3391
3383
3392
3384
3393
3385
3394
3386
3395
3387
3396
3388
3397
3389
3398
3399
3391
3400
3392
3401
3393
3402
3394
3403
3395
3404
3396
3405
3397
3406
3398
3407
3399
3408
3409
3401
3410
3402
3411
3403
3412
3404
3413
3405
3414
3406
3415
3407
3416
3408
3417
3409
3418
3419
3411
3420
3412
3421
3413
3422
3414
3423
3415
3424
3416
3425
3417
3426
3418
3427
3419
3428
3429
3421
3430
3422
3431
3423
3432
3424
3433
3425
3434
3426
3435
3427
3436
3428
3437
3429
3438
3439
3431
3440
3432
3441
3433
3442
3434
3443
3435
3444
3436
3445
3437
3446
3438
3447
3439
3448
3449
3441
3450
3442
3451
3443
3452
3444
3453
3445
3454
3446
3455
3447
3456
3448
3457
3449
3458
3459
3451
3460
3452
3461
3453
3462
3454
3463
3455
3464
3456
3465
3457
3466
3458
3467
3459
3468
3469
3461
3470
3462
3471
3463
3472
3464
3473
3465
3474
3466
3475
3467
3476
3468
3477
3469
3478
3479
3471
3480
3472
3481
3473
3482
3474
3483
3475
3484
3476
3485
3477
3486
3478
3487
3479
3488
3489
3481
3490
3482
3491
3483
3492
3484
3493
3485
3494
3486
3495
3487
3496
3488
3497
3489
3498
3499
3491
3500
3492
3501
3493
3502
3494
3503
3495
3504
3496
3505
3497
3506
3498
3507
3499
3508
3509
3501
3510
3502
3511
3503
3512
3504
3513
3505
3514
3506
3515
3507
3516
3508
3517
3509
3518
3519
3511
3520
3512
3521
3513
3522
3514
3523
3515
3524
3516
3525
3517
3526
3518
3527
3519
3528
3529
3521
3530
3522
3531
3523
3532
3524
3533
3525
3534
3526
3535
3527
3536
3528
3537
3529
3538
3539
3531
3540
3532
3541
3533
3542
3534
3543
3535
3544
3536
3545
3537
3546
3538
3547
3539
3548
3549
3541
3550
3542
3551
3543
3552
3544
3553
3545
3554
3546
3555
3547
3556
3548
3557
3549
3558
3559
3551
3560
3552
3561
3553
3562
3554
3563
3555
3564
3556
3565
3557
3566
3558
3567
3559
3568
3569
3561
3570
3562
3571
3563
3572
3564
3573
3565
3574
3566
3575
3567
3576
3568
3577
3569
3578
3579
3571
3580
3572
3581
3573
3582
3574
3583
3575
3584
3576
3585
3577
3586
3578
3587
3579
3588
3589
3581
3590
3582
3591
3583
3592
3584
3593
3585
3594
3586
3595
3587
3596
3588
3597
3589
3598
3599
3591
5200
3592
5201
3593
5202
3594
5203
3595
5204
3596
5205
3597
5206
3598
5207
3599
5208
5209
3601
3610
3602
3611
3603
3612
3604
3613
3605
3614
3606
3615
3607
3616
3608
3617
3609
3618
3619
3611
3620
3612
3621
3613
3622
3614
3623
3615
3624
3616
3625
3617
3626
3618
3627
3619
3628
3629
3621
3630
3622
3631
3623
3632
3624
3633
3625
3634
3626
3635
3627
3636
3628
3637
3629
3638
3639
3631
3640
3632
3641
3633
3642
3634
3643
3635
3644
3636
3645
3637
3646
3638
3647
3639
3648
3649
3641
3650
3642
3651
3643
3652
3644
3653
3645
3654
3646
3655
3647
3656
3648
3657
3649
3658
3659
3651
3660
3652
3661
3653
3662
3654
3663
3655
3664
3656
3665
3657
3666
3658
3667
3659
3668
3669
3661
3670
3662
3671
3663
3672
3664
3673
3665
3674
3666
3675
3667
3676
3668
3677
3669
3678
3679
3671
3680
3672
3681
3673
3682
3674
3683
3675
3684
3676
3685
3677
3686
3678
3687
3679
3688
3689
3681
3690
3682
3691
3683
3692
3684
3693
3685
3694
3686
3695
3687
3696
3688
3697
3689
3698
3699
3691
3700
3692
3701
3693
3702
3694
3703
3695
3704
3696
3705
3697
3706
3698
3707
3699
3708
3709
3701
3710
3702
3711
3703
3712
3704
3713
3705
3714
3706
3715
3707
3716
3708
3717
3709
3718
3719
3711
3720
3712
3721
3713
3722
3714
3723
3715
3724
3716
3725
3717
3726
3718
3727
3719
3728
3729
3721
3730
3722
3731
3723
3732
3724
3733
3725
3734
3726
3735
3727
3736
3728
3737
3729
3738
3739
3731
3740
3732
3741
3733
3742
3734
3743
3735
3744
3736
3745
3737
3746
3738
3747
3739
3748
3749
3741
3750
3742
3751
3743
3752
3744
3753
3745
3754
3746
3755
3747
3756
3748
3757
3749
3758
3759
3751
3760
3752
3761
3753
3762
3754
3763
3755
3764
3756
3765
3757
3766
3758
3767
3759
3768
3769
3761
3770
3762
3771
3763
3772
3764
3773
3765
3774
3766
3775
3767
3776
3768
3777
3769
3778
3779
3771
3780
3772
3781
3773
3782
3774
3783
3775
3784
3776
3785
3777
3786
3778
3787
3779
3788
3789
3781
3790
3782
3791
3783
3792
3784
3793
3785
3794
3786
3795
3787
3796
3788
3797
3789
3798
3799
3791
3800
3792
3801
3793
3802
3794
3803
3795
3804
3796
3805
3797
3806
3798
3807
3799
3808
3809
3801
3810
3802
3811
3803
3812
3804
3813
3805
3814
3806
3815
3807
3816
3808
3817
3809
3818
3819
3811
3820
3812
3821
3813
3822
3814
3823
3815
3824
3816
3825
3817
3826
3818
3827
3819
3828
3829
3821
3830
3822
3831
3823
3832
3824
3833
3825
3834
3826
3835
3827
3836
3828
3837
3829
3838
3839
3831
3840
3832
3841
3833
3842
3834
3843
3835
3844
3836
3845
3837
3846
3838
3847
3839
3848
3849
3841
3850
3842
3851
3843
3852
3844
3853
3845
3854
3846
3855
3847
3856
3848
3857
3849
3858
3859
3851
3860
3852
3861
3853
3862
3854
3863
3855
3864
3856
3865
3857
3866
3858
3867
3859
3868
3869
3861
3870
3862
3871
3863
3872
3864
3873
3865
3874
3866
3875
3867
3876
3868
3877
3869
3878
3879
3871
3880
3872
3881
3873
3882
3874
3883
3875
3884
3876
3885
3877
3886
3878
3887
3879
3888
3889
3881
3890
3882
3891
3883
3892
3884
3893
3885
3894
3886
3895
3887
3896
3888
3897
3889
3898
3899
3891
3900
3892
3901
3893
3902
3894
3903
3895
3904
3896
3905
3897
3906
3898
3907
3899
3908
3909
3901
3910
3902
3911
3903
3912
3904
3913
3905
3914
3906
3915
3907
3916
3908
3917
3909
3918
3919
3911
3920
3912
3921
3913
3922
3914
3923
3915
3924
3916
3925
3917
3926
3918
3927
3919
3928
3929
3921
3930
3922
3931
3923
3932
3924
3933
3925
3934
3926
3935
3927
3936
3928
3937
3929
3938
3939
3931
3940
3932
3941
3933
3942
3934
3943
3935
3944
3936
3945
3937
3946
3938
3947
3939
3948
3949
3941
3950
3942
3951
3943
3952
3944
3953
3945
3954
3946
3955
3947
3956
3948
3957
3949
3958
3959
3951
3960
3952
3961
3953
3962
3954
3963
3955
3964
3956
3965
3957
3966
3958
3967
3959
3968
3969
3961
3970
3962
3971
3963
3972
3964
3973
3965
3974
3966
3975
3967
3976
3968
3977
3969
3978
3979
3971
3980
3972
3981
3973
3982
3974
3983
3975
3984
3976
3985
3977
3986
3978
3987
3979
3988
3989
3981
3990
3982
3991
3983
3992
3984
3993
3985
3994
3986
3995
3987
3996
3988
3997
3989
3998
3999
3991
4000
3992
4001
3993
4002
3994
4003
3995
4004
3996
4005
3997
4006
3998
4007
3999
4008
4009
4001
4010
4002
4011
4003
4012
4004
4013
4005
4014
4006
4015
4007
4016
4008
4017
4009
4018
4019
4011
4020
4012
4021
4013
4022
4014
4023
4015
4024
4016
4025
4017
4026
4018
4027
4019
4028
4029
4021
4030
4022
4031
4023
4032
4024
4033
4025
4034
4026
4035
4027
4036
4028
4037
4029
4038
4039
4031
4040
4032
4041
4033
4042
4034
4043
4035
4044
4036
4045
4037
4046
4038
4047
4039
4048
4049
4041
4050
4042
4051
4043
4052
4044
4053
4045
4054
4046
4055
4047
4056
4048
4057
4049
4058
4059
4051
4060
4052
4061
4053
4062
4054
4063
4055
4064
4056
4065
4057
4066
4058
4067
4059
4068
4069
4061
4070
4062
4071
4063
4072
4064
4073
4065
4074
4066
4075
4067
4076
4068
4077
4069
4078
4079
4071
4080
4072
4081
4073
4082
4074
4083
4075
4084
4076
4085
4077
4086
4078
4087
4079
4088
4089
4081
4090
4082
4091
4083
4092
4084
4093
4085
4094
4086
4095
4087
4096
4088
4097
4089
4098
4099
4091
4100
4092
4101
4093
4102
4094
4103
4095
4104
4096
4105
4097
4106
4098
4107
4099
4108
4109
4101
4110
4102
4111
4103
4112
4104
4113
4105
4114
4106
4115
4107
4116
4108
4117
4109
4118
4119
4111
4120
4112
4121
4113
4122
4114
4123
4115
4124
4116
4125
4117
4126
4118
4127
4119
4128
4129
4121
4130
4122
4131
4123
4132
4124
4133
4125
4134
4126
4135
4127
4136
4128
4137
4129
4138
4139
4131
4140
4132
4141
4133
4142
4134
4143
4135
4144
4136
4145
4137
4146
4138
4147
4139
4148
4149
4141
4150
4142
4151
4143
4152
4144
4153
4145
4154
4146
4155
4147
4156
4148
4157
4149
4158
4159
4151
4160
4152
4161
4153
4162
4154
4163
4155
4164
4156
4165
4157
4166
4158
4167
4159
4168
4169
4161
4170
4162
4171
4163
4172
4164
4173
4165
4174
4166
4175
4167
4176
4168
4177
4169
4178
4179
4171
4180
4172
4181
4173
4182
4174
4183
4175
4184
4176
4185
4177
4186
4178
4187
4179
4188
4189
4181
4190
4182
4191
4183
4192
4184
4193
4185
4194
4186
4195
4187
4196
4188
4197
4189
4198
4199
4191
4200
4192
4201
4193
4202
4194
4203
4195
4204
4196
4205
4197
4206
4198
4207
4199
4208
4209
4201
4210
4202
4211
4203
4212
4204
4213
4205
4214
4206
4215
4207
4216
4208
4217
4209
4218
4219
4211
4220
4212
4221
4213
4222
4214
4223
4215
4224
4216
4225
4217
4226
4218
4227
4219
4228
4229
4221
4230
4222
4231
4223
4232
4224
4233
4225
4234
4226
4235
4227
4236
4228
4237
4229
4238
4239
4231
4240
4232
4241
4233
4242
4234
4243
4235
4244
4236
4245
4237
4246
4238
4247
4239
4248
4249
4241
4250
4242
4251
4243
4252
4244
4253
4245
4254
4246
4255
4247
4256
4248
4257
4249
4258
4259
4251
4260
4252
4261
4253
4262
4254
4263
4255
4264
4256
4265
4257
4266
4258
4267
4259
4268
4269
4261
4270
4262
4271
4263
4272
4264
4273
4265
4274
4266
4275
4267
4276
4268
4277
4269
4278
4279
4271
4280
4272
4281
4273
4282
4274
4283
4275
4284
4276
4285
4277
4286
4278
4287
4279
4288
4289
4281
4290
4282
4291
4283
4292
4284
4293
4285
4294
4286
4295
4287
4296
4288
4297
4289
4298
4299
4291
4300
4292
4301
4293
4302
4294
4303
4295
4304
4296
4305
4297
4306
4298
4307
4299
4308
4309
4301
4310
4302
4311
4303
4312
4304
4313
4305
4314
4306
4315
4307
4316
4308
4317
4309
4318
4319
4311
4320
4312
4321
4313
4322
4314
4323
4315
4324
4316
4325
4317
4326
4318
4327
4319
4328
4329
4321
4330
4322
4331
4323
4332
4324
4333
4325
4334
4326
4335
4327
4336
4328
4337
4329
4338
4339
4331
4340
4332
4341
4333
4342
4334
4343
4335
4344
4336
4345
4337
4346
4338
4347
4339
4348
4349
4341
4350
4342
4351
4343
4352
4344
4353
4345
4354
4346
4355
4347
4356
4348
4357
4349
4358
4359
4351
4360
4352
4361
4353
4362
4354
4363
4355
4364
4356
4365
4357
4366
4358
4367
4359
4368
4369
4361
4370
4362
4371
4363
4372
4364
4373
4365
4374
4366
4375
4367
4376
4368
4377
4369
4378
4379
4371
4380
4372
4381
4373
4382
4374
4383
4375
4384
4376
4385
4377
4386
4378
4387
4379
4388
4389
4381
4390
4382
4391
4383
4392
4384
4393
4385
4394
4386
4395
4387
4396
4388
4397
4389
4398
4399
4391
4400
4392
4401
4393
4402
4394
4403
4395
4404
4396
4405
4397
4406
4398
4407
4399
4408
4409
4401
4410
4402
4411
4403
4412
4404
4413
4405
4414
4406
4415
4407
4416
4408
4417
4409
4418
4419
4411
4420
4412
4421
4413
4422
4414
4423
4415
4424
4416
4425
4417
4426
4418
4427
4419
4428
4429
4421
4430
4422
4431
4423
4432
4424
4433
4425
4434
4426
4435
4427
4436
4428
4437
4429
4438
4439
4431
4440
4432
4441
4433
4442
4434
4443
4435
4444
4436
4445
4437
4446
4438
4447
4439
4448
4449
4441
4450
4442
4451
4443
4452
4444
4453
4445
4454
4446
4455
4447
4456
4448
4457
4449
4458
4459
4451
4460
4452
4461
4453
4462
4454
4463
4455
4464
4456
4465
4457
4466
4458
4467
4459
4468
4469
4461
4470
4462
4471
4463
4472
4464
4473
4465
4474
4466
4475
4467
4476
4468
4477
4469
4478
4479
4471
4480
4472
4481
4473
4482
4474
4483
4475
4484
4476
4485
4477
4486
4478
4487
4479
4488
4489
4481
4490
4482
4491
4483
4492
4484
4493
4485
4494
4486
4495
4487
4496
4488
4497
4489
4498
4499
4491
4500
4492
4501
4493
4502
4494
4503
4495
4504
4496
4505
4497
4506
4498
4507
4499
4508
4509
4501
4510
4502
4511
4503
4512
4504
4513
4505
4514
4506
4515
4507
4516
4508
4517
4509
4518
4519
4511
4520
4512
4521
4513
4522
4514
4523
4515
4524
4516
4525
4517
4526
4518
4527
4519
4528
4529
4521
4530
4522
4531
4523
4532
4524
4533
4525
4534
4526
4535
4527
4536
4528
4537
4529
4538
4539
4531
4540
4532
4541
4533
4542
4534
4543
4535
4544
4536
4545
4537
4546
4538
4547
4539
4548
4549
4541
4550
4542
4551
4543
4552
4544
4553
4545
4554
4546
4555
4547
4556
4548
4557
4549
4558
4559
4551
4560
4552
4561
4553
4562
4554
4563
4555
4564
4556
4565
4557
4566
4558
4567
4559
4568
4569
4561
4570
4562
4571
4563
4572
4564
4573
4565
4574
4566
4575
4567
4576
4568
4577
4569
4578
4579
4571
4580
4572
4581
4573
4582
4574
4583
4575
4584
4576
4585
4577
4586
4578
4587
4579
4588
4589
4581
4590
4582
4591
4583
4592
4584
4593
4585
4594
4586
4595
4587
4596
4588
4597
4589
4598
4599
4591
4600
4592
4601
4593
4602
4594
4603
4595
4604
4596
4605
4597
4606
4598
4607
4599
4608
4609
4601
4610
4602
4611
4603
4612
4604
4613
4605
4614
4606
4615
4607
4616
4608
4617
4609
4618
4619
4611
4620
4612
4621
4613
4622
4614
4623
4615
4624
4616
4625
4617
4626
4618
4627
4619
4628
4629
4621
4630
4622
4631
4623
4632
4624
4633
4625
4634
4626
4635
4627
4636
4628
4637
4629
4638
4639
4631
4640
4632
4641
4633
4642
4634
4643
4635
4644
4636
4645
4637
4646
4638
4647
4639
4648
4649
4641
4650
4642
4651
4643
4652
4644
4653
4645
4654
4646
4655
4647
4656
4648
4657
4649
4658
4659
4651
4660
4652
4661
4653
4662
4654
4663
4655
4664
4656
4665
4657
4666
4658
4667
4659
4668
4669
4661
4670
4662
4671
4663
4672
4664
4673
4665
4674
4666
4675
4667
4676
4668
4677
4669
4678
4679
4671
4680
4672
4681
4673
4682
4674
4683
4675
4684
4676
4685
4677
4686
4678
4687
4679
4688
4689
4681
4690
4682
4691
4683
4692
4684
4693
4685
4694
4686
4695
4687
4696
4688
4697
4689
4698
4699
4691
4700
4692
4701
4693
4702
4694
4703
4695
4704
4696
4705
4697
4706
4698
4707
4699
4708
4709
4701
4710
4702
4711
4703
4712
4704
4713
4705
4714
4706
4715
4707
4716
4708
4717
4709
4718
4719
4711
4720
4712
4721
4713
4722
4714
4723
4715
4724
4716
4725
4717
4726
4718
4727
4719
4728
4729
4721
4730
4722
4731
4723
4732
4724
4733
4725
4734
4726
4735
4727
4736
4728
4737
4729
4738
4739
4731
4740
4732
4741
4733
4742
4734
4743
4735
4744
4736
4745
4737
4746
4738
4747
4739
4748
4749
4741
4750
4742
4751
4743
4752
4744
4753
4745
4754
4746
4755
4747
4756
4748
4757
4749
4758
4759
4751
4760
4752
4761
4753
4762
4754
4763
4755
4764
4756
4765
4757
4766
4758
4767
4759
4768
4769
4761
4770
4762
4771
4763
4772
4764
4773
4765
4774
4766
4775
4767
4776
4768
4777
4769
4778
4779
4771
4780
4772
4781
4773
4782
4774
4783
4775
4784
4776
4785
4777
4786
4778
4787
4779
4788
4789
4781
4790
4782
4791
4783
4792
4784
4793
4785
4794
4786
4795
4787
4796
4788
4797
4789
4798
4799
4791
4800
4792
4801
4793
4802
4794
4803
4795
4804
4796
4805
4797
4806
4798
4807
4799
4808
4809
4801
4810
4802
4811
4803
4812
4804
4813
4805
4814
4806
4815
4807
4816
4808
4817
4809
4818
4819
4811
4820
4812
4821
4813
4822
4814
4823
4815
4824
4816
4825
4817
4826
4818
4827
4819
4828
4829
4821
4830
4822
4831
4823
4832
4824
4833
4825
4834
4826
4835
4827
4836
4828
4837
4829
4838
4839
4831
4840
4832
4841
4833
4842
4834
4843
4835
4844
4836
4845
4837
4846
4838
4847
4839
4848
4849
4841
4850
4842
4851
4843
4852
4844
4853
4845
4854
4846
4855
4847
4856
4848
4857
4849
4858
4859
4851
4860
4852
4861
4853
4862
4854
4863
4855
4864
4856
4865
4857
4866
4858
4867
4859
4868
4869
4861
4870
4862
4871
4863
4872
4864
4873
4865
4874
4866
4875
4867
4876
4868
4877
4869
4878
4879
4871
4880
4872
4881
4873
4882
4874
4883
4875
4884
4876
4885
4877
4886
4878
4887
4879
4888
4889
4881
4890
4882
4891
4883
4892
4884
4893
4885
4894
4886
4895
4887
4896
4888
4897
4889
4898
4899
4891
4900
4892
4901
4893
4902
4894
4903
4895
4904
4896
4905
4897
4906
4898
4907
4899
4908
4909
4901
4910
4902
4911
4903
4912
4904
4913
4905
4914
4906
4915
4907
4916
4908
4917
4909
4918
4919
4911
4920
4912
4921
4913
4922
4914
4923
4915
4924
4916
4925
4917
4926
4918
4927
4919
4928
4929
4921
4930
4922
4931
4923
4932
4924
4933
4925
4934
4926
4935
4927
4936
4928
4937
4929
4938
4939
4931
4940
4932
4941
4933
4942
4934
4943
4935
4944
4936
4945
4937
4946
4938
4947
4939
4948
4949
4941
4950
4942
4951
4943
4952
4944
4953
4945
4954
4946
4955
4947
4956
4948
4957
4949
4958
4959
4951
4960
4952
4961
4953
4962
4954
4963
4955
4964
4956
4965
4957
4966
4958
4967
4959
4968
4969
4961
4970
4962
4971
4963
4972
4964
4973
4965
4974
4966
4975
4967
4976
4968
4977
4969
4978
4979
4971
4980
4972
4981
4973
4982
4974
4983
4975
4984
4976
4985
4977
4986
4978
4987
4979
4988
4989
4981
4990
4982
4991
4983
4992
4984
4993
4985
4994
4986
4995
4987
4996
4988
4997
4989
4998
4999
4991
5000
4992
5001
4993
5002
4994
5003
4995
5004
4996
5005
4997
5006
4998
5007
4999
5008
5009
5001
5010
5002
5011
5003
5012
5004
5013
5005
5014
5006
5015
5007
5016
5008
5017
5009
5018
5019
5011
5020
5012
5021
5013
5022
5014
5023
5015
5024
5016
5025
5017
5026
5018
5027
5019
5028
5029
5021
5030
5022
5031
5023
5032
5024
5033
5025
5034
5026
5035
5027
5036
5028
5037
5029
5038
5039
5031
5040
5032
5041
5033
5042
5034
5043
5035
5044
5036
5045
5037
5046
5038
5047
5039
5048
5049
5041
5050
5042
5051
5043
5052
5044
5053
5045
5054
5046
5055
5047
5056
5048
5057
5049
5058
5059
5051
5060
5052
5061
5053
5062
5054
5063
5055
5064
5056
5065
5057
5066
5058
5067
5059
5068
5069
5061
5070
5062
5071
5063
5072
5064
5073
5065
5074
5066
5075
5067
5076
5068
5077
5069
5078
5079
5071
5080
5072
5081
5073
5082
5074
5083
5075
5084
5076
5085
5077
5086
5078
5087
5079
5088
5089
5081
5090
5082
5091
5083
5092
5084
5093
5085
5094
5086
5095
5087
5096
5088
5097
5089
5098
5099
5091
5100
5092
5101
5093
5102
5094
5103
5095
5104
5096
5105
5097
5106
5098
5107
5099
5108
5109
5101
5110
5102
5111
5103
5112
5104
5113
5105
5114
5106
5115
5107
5116
5108
5117
5109
5118
5119
5111
5120
5112
5121
5113
5122
5114
5123
5115
5124
5116
5125
5117
5126
5118
5127
5119
5128
5129
5121
5130
5122
5131
5123
5132
5124
5133
5125
5134
5126
5135
5127
5136
5128
5137
5129
5138
5139
5131
5140
5132
5141
5133
5142
5134
5143
5135
5144
5136
5145
5137
5146
5138
5147
5139
5148
5149
5141
5150
5142
5151
5143
5152
5144
5153
5145
5154
5146
5155
5147
5156
5148
5157
5149
5158
5159
5151
5160
5152
5161
5153
5162
5154
5163
5155
5164
5156
5165
5157
5166
5158
5167
5159
5168
5169
5161
5170
5162
5171
5163
5172
5164
5173
5165
5174
5166
5175
5167
5176
5168
5177
5169
5178
5179
5171
5180
5172
5181
5173
5182
5174
5183
5175
5184
5176
5185
5177
5186
5178
5187
5179
5188
5189
5181
5190
5182
5191
5183
5192
5184
5193
5185
5194
5186
5195
5187
5196
5188
5197
5189
5198
5199
5191
5370
5192
5371
5193
5372
5194
5373
5195
5374
5196
5375
5197
5376
5198
5377
5199
5378
5379
5201
5380
5202
5381
5203
5382
5204
5383
5205
5384
5206
5385
5207
5386
5208
5387
5209
5388
5210
5389
5211
5390
5212
5391
5213
5392
5214
5393
5215
5394
5216
5395
5217
5396
5218
5397
5219
5398
5220
5399
5221
5400
5222
5401
5223
5402
5224
5403
5225
5404
5226
5405
5227
5406
5228
5407
5229
5408
5230
5409
5231
5410
5232
5411
5233
5412
5234
5413
5235
5414
5236
5415
5237
5416
5238
5417
5239
5418
5240
5419
5241
5420
5242
5421
5243
5422
5244
5423
5245
5424
5246
5425
5247
5426
5248
5427
5249
5428
5250
5429
5251
5430
5252
5431
5253
5432
5254
5433
5255
5434
5256
5435
5257
5436
5258
5437
5259
5438
5260
5439
5261
5440
5262
5441
5263
5442
5264
5443
5265
5444
5266
5445
5267
5446
5268
5447
5269
5448
5270
5449
5271
5450
5272
5451
5273
5452
5274
5453
5275
5454
5276
5455
5277
5456
5278
5457
5279
5458
5280
5459
5281
5460
5282
5461
5283
5462
5284
5463
5285
5464
5286
5465
5287
5466
5288
5467
5289
5468
5290
5469
5291
5470
5292
5471
5293
5472
5294
5473
5295
5474
5296
5475
5297
5476
5298
5477
5299
5478
5300
5479
5301
5480
5302
5481
5303
5482
5304
5483
5305
5484
5306
5485
5307
5486
5308
5487
5309
5488
5310
5489
5311
5490
5312
5491
5313
5492
5314
5493
5315
5494
5316
5495
5317
5496
5318
5497
5319
5498
5320
5499
5321
5500
5322
5501
5323
5502
5324
5503
5325
5504
5326
5505
5327
5506
5328
5507
5329
5508
5330
5509
5331
5510
5332
5511
5333
5512
5334
5513
5335
5514
5336
5515
5337
5516
5338
5517
5339
5518
5340
5519
5341
5520
5342
5521
5343
5522
5344
5523
5345
5524
5346
5525
5347
5526
5348
5527
5349
5528
5350
5529
5351
5530
5352
5531
5353
5532
5354
5533
5355
5534
5356
5535
5357
5536
5358
5537
5359
5538
5360
5539
5361
5540
5362
5541
5363
5542
5364
5543
5365
5544
5366
5545
5367
5546
5368
5547
5369
5548
5370
5549
5371
5550
5372
5551
5373
5552
5374
5553
5375
5554
5376
5555
5377
5556
5378
5557
5379
5558
5559
5381
5560
5382
5561
5383
5562
5384
5563
5385
5564
5386
5565
5387
5566
5388
5567
5389
5568
5390
5569
5391
5570
5392
5571
5393
5572
5394
5573
5395
5574
5396
5575
5397
5576
5398
5577
5399
5578
5400
5579
5401
5580
5402
5581
5403
5582
5404
5583
5405
5584
5406
5585
5407
5586
5408
5587
5409
5588
5410
5589
5411
5590
5412
5591
5413
5592
5414
5593
5415
5594
5416
5595
5417
5596
5418
5597
5419
5598
5420
5599
5421
5600
5422
5601
5423
5602
5424
5603
5425
5604
5426
5605
5427
5606
5428
5607
5429
5608
5430
5609
5431
5610
5432
5611
5433
5612
5434
5613
5435
5614
5436
5615
5437
5616
5438
5617
5439
5618
5440
5619
5441
5620
5442
5621
5443
5622
5444
5623
5445
5624
5446
5625
5447
5626
5448
5627
5449
5628
5450
5629
5451
5630
5452
5631
5453
5632
5454
5633
5455
5634
5456
5635
5457
5636
5458
5637
5459
5638
5460
5639
5461
5640
5462
5641
5463
5642
5464
5643
5465
5644
5466
5645
5467
5646
5468
5647
5469
5648
5470
5649
5471
5650
5472
5651
5473
5652
5474
5653
5475
5654
5476
5655
5477
5656
5478
5657
5479
5658
5480
5659
5481
5660
5482
5661
5483
5662
5484
5663
5485
5664
5486
5665
5487
5666
5488
5667
5489
5668
5490
5669
5491
5670
5492
5671
5493
5672
5494
5673
5495
5674
5496
5675
5497
5676
5498
5677
5499
5678
5500
5679
5501
5680
5502
5681
5503
5682
5504
5683
5505
5684
5506
5685
5507
5686
5508
5687
5509
5688
5510
5689
5511
5690
5512
5691
5513
5692
5514
5693
5515
5694
5516
5695
5517
5696
5518
5697
5519
5698
5520
5699
5521
5700
5522
5701
5523
5702
5524
5703
5525
5704
5526
5705
5527
5706
5528
5707
5529
5708
5530
5709
5531
5710
5532
5711
5533
5712
5534
5713
5535
5714
5536
5715
5537
5716
5538
5717
5539
5718
5540
5719
5541
5720
5542
5721
5543
5722
5544
5723
5545
5724
5546
5725
5547
5726
5548
5727
5549
5728
5550
5729
5551
5730
5552
5731
5553
5732
5554
5733
5555
5734
5556
5735
5557
5736
5558
5737
5559
5738
5739
5561
5740
5562
5741
5563
5742
5564
5743
5565
5744
5566
5745
5567
5746
5568
5747
5569
5748
5570
5749
5571
5750
5572
5751
5573
5752
5574
5753
5575
5754
5576
5755
5577
5756
5578
5757
5579
5758
5580
5759
5581
5760
5582
5761
5583
5762
5584
5763
5585
5764
5586
5765
5587
5766
5588
5767
5589
5768
5590
5769
5591
5770
5592
5771
5593
5772
5594
5773
5595
5774
5596
5775
5597
5776
5598
5777
5599
5778
5600
5779
5601
5780
5602
5781
5603
5782
5604
5783
5605
5784
5606
5785
5607
5786
5608
5787
5609
5788
5610
5789
5611
5790
5612
5791
5613
5792
5614
5793
5615
5794
5616
5795
5617
5796
5618
5797
5619
5798
5620
5799
5621
5800
5622
5801
5623
5802
5624
5803
5625
5804
5626
5805
5627
5806
5628
5807
5629
5808
5630
5809
5631
5810
5632
5811
5633
5812
5634
5813
5635
5814
5636
5815
5637
5816
5638
5817
5639
5818
5640
5819
5641
5820
5642
5821
5643
5822
5644
5823
5645
5824
5646
5825
5647
5826
5648
5827
5649
5828
5650
5829
5651
5830
5652
5831
5653
5832
5654
5833
5655
5834
5656
5835
5657
5836
5658
5837
5659
5838
5660
5839
5661
5840
5662
5841
5663
5842
5664
5843
5665
5844
5666
5845
5667
5846
5668
5847
5669
5848
5670
5849
5671
5850
5672
5851
5673
5852
5674
5853
5675
5854
5676
5855
5677
5856
5678
5857
5679
5858
5680
5859
5681
5860
5682
5861
5683
5862
5684
5863
5685
5864
5686
5865
5687
5866
5688
5867
5689
5868
5690
5869
5691
5870
5692
5871
5693
5872
5694
5873
5695
5874
5696
5875
5697
5876
5698
5877
5699
5878
5700
5879
5701
5880
5702
5881
5703
5882
5704
5883
5705
5884
5706
5885
5707
5886
5708
5887
5709
5888
5710
5889
5711
5890
5712
5891
5713
5892
5714
5893
5715
5894
5716
5895
5717
5896
5718
5897
5719
5898
5720
5899
5721
5900
5722
5901
5723
5902
5724
5903
5725
5904
5726
5905
5727
5906
5728
5907
5729
5908
5730
5909
5731
5910
5732
5911
5733
5912
5734
5913
5735
5914
5736
5915
5737
5916
5738
5917
5739
5918
5919
5741
5920
5742
5921
5743
5922
5744
5923
5745
5924
5746
5925
5747
5926
5748
5927
5749
5928
5750
5929
5751
5930
5752
5931
5753
5932
5754
5933
5755
5934
5756
5935
5757
5936
5758
5937
5759
5938
5760
5939
5761
5940
5762
5941
5763
5942
5764
5943
5765
5944
5766
5945
5767
5946
5768
5947
5769
5948
5770
5949
5771
5950
5772
5951
5773
5952
5774
5953
5775
5954
5776
5955
5777
5956
5778
5957
5779
5958
5780
5959
5781
5960
5782
5961
5783
5962
5784
5963
5785
5964
5786
5965
5787
5966
5788
5967
5789
5968
5790
5969
5791
5970
5792
5971
5793
5972
5794
5973
5795
5974
5796
5975
5797
5976
5798
5977
5799
5978
5800
5979
5801
5980
5802
5981
5803
5982
5804
5983
5805
5984
5806
5985
5807
5986
5808
5987
5809
5988
5810
5989
5811
5990
5812
5991
5813
5992
5814
5993
5815
5994
5816
5995
5817
5996
5818
5997
5819
5998
5820
5999
5821
6000
5822
6001
5823
6002
5824
6003
5825
6004
5826
6005
5827
6006
5828
6007
5829
6008
5830
6009
5831
6010
5832
6011
5833
6012
5834
6013
5835
6014
5836
6015
5837
6016
5838
6017
5839
6018
5840
6019
5841
6020
5842
6021
5843
6022
5844
6023
5845
6024
5846
6025
5847
6026
5848
6027
5849
6028
5850
6029
5851
6030
5852
6031
5853
6032
5854
6033
5855
6034
5856
6035
5857
6036
5858
6037
5859
6038
5860
6039
5861
6040
5862
6041
5863
6042
5864
6043
5865
6044
5866
6045
5867
6046
5868
6047
5869
6048
5870
6049
5871
6050
5872
6051
5873
6052
5874
6053
5875
6054
5876
6055
5877
6056
5878
6057
5879
6058
5880
6059
5881
6060
5882
6061
5883
6062
5884
6063
5885
6064
5886
6065
5887
6066
5888
6067
5889
6068
5890
6069
5891
6070
5892
6071
5893
6072
5894
6073
5895
6074
5896
6075
5897
6076
5898
6077
5899
6078
5900
6079
5901
6080
5902
6081
5903
6082
5904
6083
5905
6084
5906
6085
5907
6086
5908
6087
5909
6088
5910
6089
5911
6090
5912
6091
5913
6092
5914
6093
5915
6094
5916
6095
5917
6096
5918
6097
5919
6098
6099
5921
6100
5922
6101
5923
6102
5924
6103
5925
6104
5926
6105
5927
6106
5928
6107
5929
6108
5930
6109
5931
6110
5932
6111
5933
6112
5934
6113
5935
6114
5936
6115
5937
6116
5938
6117
5939
6118
5940
6119
5941
6120
5942
6121
5943
6122
5944
6123
5945
6124
5946
6125
5947
6126
5948
6127
5949
6128
5950
6129
5951
6130
5952
6131
5953
6132
5954
6133
5955
6134
5956
6135
5957
6136
5958
6137
5959
6138
5960
6139
5961
6140
5962
6141
5963
6142
5964
6143
5965
6144
5966
6145
5967
6146
5968
6147
5969
6148
5970
6149
5971
6150
5972
6151
5973
6152
5974
6153
5975
6154
5976
6155
5977
6156
5978
6157
5979
6158
5980
6159
5981
6160
5982
6161
5983
6162
5984
6163
5985
6164
5986
6165
5987
6166
5988
6167
5989
6168
5990
6169
5991
6170
5992
6171
5993
6172
5994
6173
5995
6174
5996
6175
5997
6176
5998
6177
5999
6178
6000
6179
6001
6180
6002
6181
6003
6182
6004
6183
6005
6184
6006
6185
6007
6186
6008
6187
6009
6188
6010
6189
6011
6190
6012
6191
6013
6192
6014
6193
6015
6194
6016
6195
6017
6196
6018
6197
6019
6198
6020
6199
6021
6200
6022
6201
6023
6202
6024
6203
6025
6204
6026
6205
6027
6206
6028
6207
6029
6208
6030
6209
6031
6210
6032
6211
6033
6212
6034
6213
6035
6214
6036
6215
6037
6216
6038
6217
6039
6218
6040
6219
6041
6220
6042
6221
6043
6222
6044
6223
6045
6224
6046
6225
6047
6226
6048
6227
6049
6228
6050
6229
6051
6230
6052
6231
6053
6232
6054
6233
6055
6234
6056
6235
6057
6236
6058
6237
6059
6238
6060
6239
6061
6240
6062
6241
6063
6242
6064
6243
6065
6244
6066
6245
6067
6246
6068
6247
6069
6248
6070
6249
6071
6250
6072
6251
6073
6252
6074
6253
6075
6254
6076
6255
6077
6256
6078
6257
6079
6258
6080
6259
6081
6260
6082
6261
6083
6262
6084
6263
6085
6264
6086
6265
6087
6266
6088
6267
6089
6268
6090
6269
6091
6270
6092
6271
6093
6272
6094
6273
6095
6274
6096
6275
6097
6276
6098
6277
6099
6278
6279
6101
6280
6102
6281
6103
6282
6104
6283
6105
6284
6106
6285
6107
6286
6108
6287
6109
6288
6110
6289
6111
6290
6112
6291
6113
6292
6114
6293
6115
6294
6116
6295
6117
6296
6118
6297
6119
6298
6120
6299
6121
6300
6122
6301
6123
6302
6124
6303
6125
6304
6126
6305
6127
6306
6128
6307
6129
6308
6130
6309
6131
6310
6132
6311
6133
6312
6134
6313
6135
6314
6136
6315
6137
6316
6138
6317
6139
6318
6140
6319
6141
6320
6142
6321
6143
6322
6144
6323
6145
6324
6146
6325
6147
6326
6148
6327
6149
6328
6150
6329
6151
6330
6152
6331
6153
6332
6154
6333
6155
6334
6156
6335
6157
6336
6158
6337
6159
6338
6160
6339
6161
6340
6162
6341
6163
6342
6164
6343
6165
6344
6166
6345
6167
6346
6168
6347
6169
6348
6170
6349
6171
6350
6172
6351
6173
6352
6174
6353
6175
6354
6176
6355
6177
6356
6178
6357
6179
6358
6180
6359
6181
6360
6182
6361
6183
6362
6184
6363
6185
6364
6186
6365
6187
6366
6188
6367
6189
6368
6190
6369
6191
6370
6192
6371
6193
6372
6194
6373
6195
6374
6196
6375
6197
6376
6198
6377
6199
6378
6200
6379
6201
6380
6202
6381
6203
6382
6204
6383
6205
6384
6206
6385
6207
6386
6208
6387
6209
6388
6210
6389
6211
6390
6212
6391
6213
6392
6214
6393
6215
6394
6216
6395
6217
6396
6218
6397
6219
6398
6220
6399
6221
6400
6222
6401
6223
6402
6224
6403
6225
6404
6226
6405
6227
6406
6228
6407
6229
6408
6230
6409
6231
6410
6232
6411
6233
6412
6234
6413
6235
6414
6236
6415
6237
6416
6238
6417
6239
6418
6240
6419
6241
6420
6242
6421
6243
6422
6244
6423
6245
6424
6246
6425
6247
6426
6248
6427
6249
6428
6250
6429
6251
6430
6252
6431
6253
6432
6254
6433
6255
6434
6256
6435
6257
6436
6258
6437
6259
6438
6260
6439
6261
6440
6262
6441
6263
6442
6264
6443
6265
6444
6266
6445
6267
6446
6268
6447
6269
6448
6270
6449
6271
6450
6272
6451
6273
6452
6274
6453
6275
6454
6276
6455
6277
6456
6278
6457
6279
6458
6459
6281
6460
6282
6461
6283
6462
6284
6463
6285
6464
6286
6465
6287
6466
6288
6467
6289
6468
6290
6469
6291
6470
6292
6471
6293
6472
6294
6473
6295
6474
6296
6475
6297
6476
6298
6477
6299
6478
6300
6479
6301
6480
6302
6481
6303
6482
6304
6483
6305
6484
6306
6485
6307
6486
6308
6487
6309
6488
6310
6489
6311
6490
6312
6491
6313
6492
6314
6493
6315
6494
6316
6495
6317
6496
6318
6497
6319
6498
6320
6499
6321
6500
6322
6501
6323
6502
6324
6503
6325
6504
6326
6505
6327
6506
6328
6507
6329
6508
6330
6509
6331
6510
6332
6511
6333
6512
6334
6513
6335
6514
6336
6515
6337
6516
6338
6517
6339
6518
6340
6519
6341
6520
6342
6521
6343
6522
6344
6523
6345
6524
6346
6525
6347
6526
6348
6527
6349
6528
6350
6529
6351
6530
6352
6531
6353
6532
6354
6533
6355
6534
6356
6535
6357
6536
6358
6537
6359
6538
6360
6539
6361
6540
6362
6541
6363
6542
6364
6543
6365
6544
6366
6545
6367
6546
6368
6547
6369
6548
6370
6549
6371
6550
6372
6551
6373
6552
6374
6553
6375
6554
6376
6555
6377
6556
6378
6557
6379
6558
6380
6559
6381
6560
6382
6561
6383
6562
6384
6563
6385
6564
6386
6565
6387
6566
6388
6567
6389
6568
6390
6569
6391
6570
6392
6571
6393
6572
6394
6573
6395
6574
6396
6575
6397
6576
6398
6577
6399
6578
6400
6579
6401
6580
6402
6581
6403
6582
6404
6583
6405
6584
6406
6585
6407
6586
6408
6587
6409
6588
6410
6589
6411
6590
6412
6591
6413
6592
6414
6593
6415
6594
6416
6595
6417
6596
6418
6597
6419
6598
6420
6599
6421
6600
6422
6601
6423
6602
6424
6603
6425
6604
6426
6605
6427
6606
6428
6607
6429
6608
6430
6609
6431
6610
6432
6611
6433
6612
6434
6613
6435
6614
6436
6615
6437
6616
6438
6617
6439
6618
6440
6619
6441
6620
6442
6621
6443
6622
6444
6623
6445
6624
6446
6625
6447
6626
6448
6627
6449
6628
6450
6629
6451
6630
6452
6631
6453
6632
6454
6633
6455
6634
6456
6635
6457
6636
6458
6637
6459
6638
6639
6461
6640
6462
6641
6463
6642
6464
6643
6465
6644
6466
6645
6467
6646
6468
6647
6469
6648
6470
6649
6471
6650
6472
6651
6473
6652
6474
6653
6475
6654
6476
6655
6477
6656
6478
6657
6479
6658
6480
6659
6481
6660
6482
6661
6483
6662
6484
6663
6485
6664
6486
6665
6487
6666
6488
6667
6489
6668
6490
6669
6491
6670
6492
6671
6493
6672
6494
6673
6495
6674
6496
6675
6497
6676
6498
6677
6499
6678
6500
6679
6501
6680
6502
6681
6503
6682
6504
6683
6505
6684
6506
6685
6507
6686
6508
6687
6509
6688
6510
6689
6511
6690
6512
6691
6513
6692
6514
6693
6515
6694
6516
6695
6517
6696
6518
6697
6519
6698
6520
6699
6521
6700
6522
6701
6523
6702
6524
6703
6525
6704
6526
6705
6527
6706
6528
6707
6529
6708
6530
6709
6531
6710
6532
6711
6533
6712
6534
6713
6535
6714
6536
6715
6537
6716
6538
6717
6539
6718
6540
6719
6541
6720
6542
6721
6543
6722
6544
6723
6545
6724
6546
6725
6547
6726
6548
6727
6549
6728
6550
6729
6551
6730
6552
6731
6553
6732
6554
6733
6555
6734
6556
6735
6557
6736
6558
6737
6559
6738
6560
6739
6561
6740
6562
6741
6563
6742
6564
6743
6565
6744
6566
6745
6567
6746
6568
6747
6569
6748
6570
6749
6571
6750
6572
6751
6573
6752
6574
6753
6575
6754
6576
6755
6577
6756
6578
6757
6579
6758
6580
6759
6581
6760
6582
6761
6583
6762
6584
6763
6585
6764
6586
6765
6587
6766
6588
6767
6589
6768
6590
6769
6591
6770
6592
6771
6593
6772
6594
6773
6595
6774
6596
6775
6597
6776
6598
6777
6599
6778
6600
6779
6601
6780
6602
6781
6603
6782
6604
6783
6605
6784
6606
6785
6607
6786
6608
6787
6609
6788
6610
6789
6611
6790
6612
6791
6613
6792
6614
6793
6615
6794
6616
6795
6617
6796
6618
6797
6619
6798
6620
6799
6621
6800
6622
6801
6623
6802
6624
6803
6625
6804
6626
6805
6627
6806
6628
6807
6629
6808
6630
6809
6631
6810
6632
6811
6633
6812
6634
6813
6635
6814
6636
6815
6637
6816
6638
6817
6639
6818
6819
6641
6820
6642
6821
6643
6822
6644
6823
6645
6824
6646
6825
6647
6826
6648
6827
6649
6828
6650
6829
6651
6830
6652
6831
6653
6832
6654
6833
6655
6834
6656
6835
6657
6836
6658
6837
6659
6838
6660
6839
6661
6840
6662
6841
6663
6842
6664
6843
6665
6844
6666
6845
6667
6846
6668
6847
6669
6848
6670
6849
6671
6850
6672
6851
6673
6852
6674
6853
6675
6854
6676
6855
6677
6856
6678
6857
6679
6858
6680
6859
6681
6860
6682
6861
6683
6862
6684
6863
6685
6864
6686
6865
6687
6866
6688
6867
6689
6868
6690
6869
6691
6870
6692
6871
6693
6872
6694
6873
6695
6874
6696
6875
6697
6876
6698
6877
6699
6878
6700
6879
6701
6880
6702
6881
6703
6882
6704
6883
6705
6884
6706
6885
6707
6886
6708
6887
6709
6888
6710
6889
6711
6890
6712
6891
6713
6892
6714
6893
6715
6894
6716
6895
6717
6896
6718
6897
6719
6898
6720
6899
6721
6900
6722
6901
6723
6902
6724
6903
6725
6904
6726
6905
6727
6906
6728
6907
6729
6908
6730
6909
6731
6910
6732
6911
6733
6912
6734
6913
6735
6914
6736
6915
6737
6916
6738
6917
6739
6918
6740
6919
6741
6920
6742
6921
6743
6922
6744
6923
6745
6924
6746
6925
6747
6926
6748
6927
6749
6928
6750
6929
6751
6930
6752
6931
6753
6932
6754
6933
6755
6934
6756
6935
6757
6936
6758
6937
6759
6938
6760
6939
6761
6940
6762
6941
6763
6942
6764
6943
6765
6944
6766
6945
6767
6946
6768
6947
6769
6948
6770
6949
6771
6950
6772
6951
6773
6952
6774
6953
6775
6954
6776
6955
6777
6956
6778
6957
6779
6958
6780
6959
6781
6960
6782
6961
6783
6962
6784
6963
6785
6964
6786
6965
6787
6966
6788
6967
6789
6968
6790
6969
6791
6970
6792
6971
6793
6972
6794
6973
6795
6974
6796
6975
6797
6976
6798
6977
6799
6978
6800
6979
6801
6980
6802
6981
6803
6982
6804
6983
6805
6984
6806
6985
6807
6986
6808
6987
6809
6988
6810
6989
6811
6990
6812
6991
6813
6992
6814
6993
6815
6994
6816
6995
6817
6996
6818
6997
6819
6998
6999
6821
6822
6823
6824
6825
6826
6827
6828
6829
6830
6831
6832
6833
6834
6835
6836
6837
6838
6839
6840
6841
6842
6843
6844
6845
6846
6847
6848
6849
6850
6851
6852
6853
6854
6855
6856
6857
6858
6859
6860
6861
6862
6863
6864
6865
6866
6867
6868
6869
6870
6871
6872
6873
6874
6875
6876
6877
6878
6879
6880
6881
6882
6883
6884
6885
6886
6887
6888
6889
6890
6891
6892
6893
6894
6895
6896
6897
6898
6899
6900
6901
7000
6902
7001
6903
7002
6904
7003
6905
7004
6906
7005
6907
7006
6908
7007
6909
7008
6910
7009
6911
7010
6912
7011
6913
7012
6914
7013
6915
7014
6916
7015
6917
7016
6918
7017
6919
7018
6920
7019
6921
6922
6923
6924
6925
6926
6927
6928
6929
6930
6931
6932
6933
6934
6935
6936
6937
6938
6939
6940
6941
6942
6943
6944
6945
6946
6947
6948
6949
6950
6951
6952
6953
6954
6955
6956
6957
6958
6959
6960
6961
6962
6963
6964
6965
6966
6967
6968
6969
6970
6971
6972
6973
6974
6975
6976
6977
6978
6979
6980
6981
6982
6983
6984
6985
6986
6987
6988
6989
6990
6991
6992
6993
6994
6995
6996
6997
6998
6999
7001
7020
7002
7021
7003
7022
7004
7023
7005
7024
7006
7025
7007
7026
7008
7027
7009
7028
7010
7029
7011
7030
7012
7031
7013
7032
7014
7033
7015
7034
7016
7035
7017
7036
7018
7037
7019
7038
7039
7021
7040
7022
7041
7023
7042
7024
7043
7025
7044
7026
7045
7027
7046
7028
7047
7029
7048
7030
7049
7031
7050
7032
7051
7033
7052
7034
7053
7035
7054
7036
7055
7037
7056
7038
7057
7039
7058
7059
7041
7060
7042
7061
7043
7062
7044
7063
7045
7064
7046
7065
7047
7066
7048
7067
7049
7068
7050
7069
7051
7070
7052
7071
7053
7072
7054
7073
7055
7074
7056
7075
7057
7076
7058
7077
7059
7078
7079
7061
7080
7062
7081
7063
7082
7064
7083
7065
7084
7066
7085
7067
7086
7068
7087
7069
7088
7070
7089
7071
7090
7072
7091
7073
7092
7074
7093
7075
7094
7076
7095
7077
7096
7078
7097
7079
7098
7099
7081
7100
7082
7101
7083
7102
7084
7103
7085
7104
7086
7105
7087
7106
7088
7107
7089
7108
7090
7109
7091
7110
7092
7111
7093
7112
7094
7113
7095
7114
7096
7115
7097
7116
7098
7117
7099
7118
7119
7101
7120
7102
7121
7103
7122
7104
7123
7105
7124
7106
7125
7107
7126
7108
7127
7109
7128
7110
7129
7111
7130
7112
7131
7113
7132
7114
7133
7115
7134
7116
7135
7117
7136
7118
7137
7119
7138
7139
7121
7140
7122
7141
7123
7142
7124
7143
7125
7144
7126
7145
7127
7146
7128
7147
7129
7148
7130
7149
7131
7150
7132
7151
7133
7152
7134
7153
7135
7154
7136
7155
7137
7156
7138
7157
7139
7158
7159
7141
7160
7142
7161
7143
7162
7144
7163
7145
7164
7146
7165
7147
7166
7148
7167
7149
7168
7150
7169
7151
7170
7152
7171
7153
7172
7154
7173
7155
7174
7156
7175
7157
7176
7158
7177
7159
7178
7179
7161
7180
7162
7181
7163
7182
7164
7183
7165
7184
7166
7185
7167
7186
7168
7187
7169
7188
7170
7189
7171
7190
7172
7191
7173
7192
7174
7193
7175
7194
7176
7195
7177
7196
7178
7197
7179
7198
7199
7181
7182
7183
7184
7185
7186
7187
7188
7189
7190
7191
7192
7193
7194
7195
7196
7197
7198
7199
)


// ************************************************************************* //
